1.0470028	1.156652
0.95506614	1.7981632
1.1521153	1.8018124
1.3464713	2.0262668
1.255677	2.037073
1.0900257	2.0111346
1.0764291	1.9992647
1.0435821	1.9856049
1.1328797	2.0057113
1.1840627	2.010665
1.2794024	2.0067093
1.4791456	2.005659
1.22712	1.994032
1.2925991	1.9894224
1.3337433	1.9920619
1.4443982	2.005239
1.3478049	2.0062275
1.0544536	1.9994503
0.9701233	1.9925084
0.9667979	2.0027232
0.9878893	2.0048776
0.9846025	2.006008
1.0237561	2.005477
1.0402135	2.0106235
1.0728465	2.0078726
1.0753883	2.0114942
1.0813793	2.0123496
1.1307569	2.0087807
1.1407626	2.0052662
1.1468275	2.0090537
1.2129035	2.0115376
1.3844407	2.011
1.609735	1.972286
1.3578695	1.9957836
1.1580538	2.011848
1.5797439	2.0078096
1.8883722	1.9989309
1.9560817	1.9686487
2.1078885	1.8114856
2.3585768	1.6830759
2.430176	1.5831838
2.3621743	1.0790507
2.4608529	1.1162171
2.7511253	1.4019566
2.831196	1.134517
2.9172564	1.0310329
3.1509795	1.0802468
3.1496654	0.9821363
3.1374195	0.9825019
3.1160169	0.9918655
3.1817155	1.0188508
3.113381	1.0004627
3.0352037	1.0075651
3.003637	1.008385
3.0277193	1.0076716
2.9974022	1.0079287
2.9055786	1.0056993
2.9143836	1.006295
2.8750951	1.0045341
2.8720152	1.0043131
2.9393604	1.0070661
2.9803472	1.0079342
2.7821684	1.0049906
2.7106214	1.0463281
2.7338936	1.4348171
2.386061	1.628572
2.304372	1.8771442
2.1042979	1.8367763
2.0069277	1.9390496
2.1479883	2.0055406
2.103434	2.0121026
1.9902805	2.0035892
2.0112078	2.0062215
2.1781936	2.0054314
2.1493576	2.0046592
2.0600607	2.001385
2.0300694	1.9961644
2.0871243	1.9920286
2.200234	1.9921069
2.2409594	1.9905766
2.0112088	1.9903492
2.0170906	1.9907205
2.1207752	1.9893659
1.9020499	1.9895663
1.8863862	1.9898922
1.8409058	1.9909066
1.9264237	1.9889202
1.8593597	1.9897453
1.551852	1.9946601
1.3048792	1.992817
1.1788559	1.9915649
1.076617	1.9974111
1.0117755	2.0026057
1.0196121	2.0041134
0.9871588	2.0015914
0.94444025	1.9938287
0.93804884	1.9946274
0.92722017	1.9976952
0.92382747	1.9875462
0.9381921	1.9880155
0.99281406	2.0120125
1.0293634	2.0119088
1.0143057	2.0057352
1.0146149	2.000801
1.0402954	1.9997665
1.1051863	2.0047114
1.1351634	2.0071323
1.1099329	2.0112464
1.0810227	2.0126355
1.0707098	2.0106544
1.1168029	2.0066655
1.282292	2.0068994
1.4587859	2.004713
1.6517696	1.99844
1.8526131	1.9929007
1.980262	1.990484
2.1277165	1.9934558
2.3355224	2.0074313
2.3444347	2.0064573
2.3234446	2.00291
2.4971035	2.0203688
2.5995004	2.027515
2.6838038	2.0276911
2.8669095	2.0395956
2.9430747	2.0467634
3.0338671	2.0411963
3.0527596	2.0500164
3.083002	2.0535562
3.0825677	2.0348084
3.0313106	2.0066602
3.016171	1.9890693
3.0005221	1.9932934
2.9695942	1.9919738
2.9213257	1.9826211
2.9197905	1.9969046
2.8833995	1.9937291
2.9161198	1.996229
2.9336827	1.991844
2.8948238	1.9748366
2.8215322	1.9967647
2.585607	1.9900821
2.4535596	1.9863032
2.3980281	1.9947515
2.1606188	1.9973806
1.9898245	1.9987487
1.8620884	1.998493
1.7725116	1.996549
1.7038871	1.9957949
1.563579	1.9954814
1.4038922	1.9950085
1.2370782	1.9949194
1.0848277	1.9980628
1.0005738	1.9977751
0.94170743	1.9956641
0.9150493	1.9947416
0.91568375	1.9926164
0.92292345	1.972224
0.9073645	1.9374863
0.9337266	1.9871751
0.961625	2.0106657
0.9884304	2.0073762
0.9910889	2.0022457
0.98963153	2.001806
1.0131449	1.9976002
1.0427631	1.9991548
1.0148891	2.0024533
1.0280398	1.9988304
1.1028508	1.9988109
1.1236095	2.0027764
1.2598085	2.0031104
1.5687153	1.9917518
1.8058103	1.9863985
1.894383	1.9855667
1.970046	1.9827535
1.9805338	1.9803042
2.0729456	1.9847187
2.208766	1.9914316
2.1581967	1.9883491
2.0873766	1.9841548
1.9492447	1.9791985
1.7931328	1.9795867
1.699966	1.9815177
1.7563632	1.9828628
1.8250083	1.979907
1.6791726	1.9818383
1.6483122	1.983683
1.7064688	1.9848559
1.7221277	1.9854687
1.6009662	1.981278
2.4286914	1.9390241
2.4106607	1.7513369
1.2299736	2.008032
1.0792838	2.0071375
1.6592854	1.1736077
1.9193964	1.0590274
1.8644743	1.0097375
2.190982	0.9901071
2.138564	0.9756017
2.141206	0.9702275
2.1037297	0.9744793
2.1282365	0.98103666
2.1210358	0.9855702
1.9375458	0.9900443
2.083751	0.9910941
1.998818	0.99262905
1.8466669	0.9888466
1.7913766	0.9927693
1.970717	0.9938813
2.0382564	0.9944236
2.104225	0.9967169
2.1483114	0.9967044
2.1521475	0.9959209
2.2739785	0.9951797
2.162184	0.99991924
1.8748059	1.0018861
1.8023678	1.003293
1.4091524	0.985834
1.2010994	1.0508312
1.1299313	0.98326546
1.026698	0.96175396
0.98480886	0.94939303
0.93918055	0.94795233
0.9363869	0.9425648
0.9469083	0.946469
0.9303279	0.94605136
0.94923604	0.96626776
1.0198354	1.0098426
1.0713753	1.0187321
1.1379228	1.0298717
1.1605709	1.0116845
1.0943365	0.9900487
1.0722767	0.98568666
1.0975612	0.98720527
1.1148077	0.99785095
1.0889952	1.033279
0.9806505	1.1392602
0.8458564	1.2626768
0.911742	2.0206933
0.91136444	1.977533
0.87292075	1.9763936
0.8248676	1.993757
0.85007906	2.0067415
0.8872492	1.9628592
0.8881947	1.9654171
0.901066	1.9798691
0.97370625	1.988545
1.1130533	2.005297
1.2030609	2.0032403
1.2009732	2.0007267
1.1248126	2.0074134
1.0275729	1.997678
1.1188878	2.0018773
1.2183834	2.0083587
1.0845782	2.0032666
1.0943348	2.006437
1.2357692	2.012222
1.3540297	2.010954
1.4679123	2.0087845
1.3640006	2.0054398
1.5288855	1.9992235
1.8746997	1.9984457
1.8927733	1.9957612
2.0618503	1.9967031
2.0585506	1.9920307
2.1060739	1.9968376
2.115043	1.9959168
2.1194563	1.99661
2.2321575	1.9944369
1.9563727	1.993104
1.906399	1.9923183
2.1135268	1.9941359
1.9746414	1.9910096
1.7527038	1.9940346
1.8756361	1.9924712
2.0228915	1.990539
1.8696302	1.9918685
1.8066896	1.9940248
1.4250621	1.9978609
1.316987	1.9985532
1.3221587	1.9963474
1.1405929	2.0035949
1.047448	2.0054405
1.012604	2.0053084
0.9689796	2.000833
0.93061125	1.9982142
0.9298358	1.9701856
0.9160171	1.9868361
0.89386463	1.9712938
0.8988034	1.9690689
0.89578104	1.9998372
0.880921	2.0058854
0.88069606	2.0105538
0.9200408	2.0177739
0.9637807	2.0047998
0.9843894	2.000981
0.96390694	2.0028934
0.97619635	1.9991424
0.99693996	2.000475
1.0564435	2.0080752
1.1616708	2.006513
1.3324082	2.002987
1.3930777	1.9961061
1.6228338	1.9892125
1.8433051	1.9879283
1.9701275	1.9872229
2.0247774	1.9884223
2.0061314	1.9868444
2.0290291	1.986303
2.0312097	1.987282
2.0212328	1.9867574
2.11731	1.9927782
2.2118428	1.9940572
2.1184194	1.9915793
2.109631	1.9912844
2.081261	1.9896228
2.0732665	1.9894271
2.0826714	1.9891466
2.0188322	1.9881749
2.0058217	1.9868904
1.9903145	1.9848641
2.071559	1.9872899
1.9875195	1.9864002
2.0606074	1.9865108
2.1807528	1.9812182
1.6133629	1.9965532
1.4032735	1.9976503
1.331693	1.9342259
1.1837552	1.6849167
1.128635	1.5968853
1.3508236	1.2000539
1.2184758	1.1576158
1.0290295	1.040757
1.1652372	1.0029737
1.1182408	1.003187
1.0644705	0.98642796
0.9839744	0.9801845
0.94328076	0.9610726
0.9466219	0.95846605
0.97305197	0.96022373
1.1059682	0.97354496
1.280626	0.9896421
1.3466218	0.9930064
1.2608947	0.99487364
1.2538185	0.9992527
1.2876867	1.0016224
1.202342	0.9919157
1.1225452	0.9876192
1.2150582	0.997436
1.1735872	0.9904621
1.2684281	0.9868324
1.5399226	0.9864182
1.6725131	0.9853975
2.0997648	0.97096276
2.2571387	0.9645756
2.29431	0.9554347
2.3739436	0.95144
2.4527915	0.9510534
2.549939	0.9486136
2.6093996	0.954763
2.786596	0.9566379
2.958696	0.96533626
2.9733403	0.9871745
3.0021226	0.99167764
3.0531695	0.993076
3.0459654	0.99864686
3.0291517	0.99959546
3.0357845	0.9999932
3.0386732	1.0021603
3.0163996	1.0046297
3.0139375	1.005271
3.0360548	1.0054622
2.9849591	1.0057398
2.901864	1.0050573
2.9073672	1.004829
2.8288844	1.0021021
2.4830723	0.98596835
2.276186	0.99391156
2.3019776	0.9752053
1.9095619	0.98655874
1.8372788	0.97144943
1.7741452	0.97112805
1.6624032	0.9743385
1.5769806	0.9464465
1.4300313	0.97801536
1.3566406	1.0099386
1.3086307	1.021332
1.4282259	1.0651621
1.8429999	1.0788478
1.9530505	1.1178781
2.0733864	1.0608435
2.1231992	1.0227004
2.1709394	1.0291787
2.048577	1.0487269
2.1823845	1.0535569
2.0079865	1.0996975
1.7129223	1.3444259
2.0483847	1.9980044
2.0957084	2.0315087
1.9267905	2.0424376
2.2289305	2.0161622
2.2504191	2.023326
1.9182647	2.0247383
1.9989728	2.0180295
2.0009856	2.0221121
2.148122	2.0170524
2.1719067	2.00755
2.1512868	1.9960269
2.0607784	1.9841118
1.9092661	1.9834851
2.1885786	1.985523
2.6532977	2.0110545
2.4672804	1.9972606
2.4189646	1.9938693
2.1274679	1.9835587
1.8105263	1.9781985
1.637452	1.9838036
1.7294567	1.9798784
2.1157196	1.981266
2.0475843	1.9828624
1.8040574	1.9841596
2.1820695	1.9849482
2.458576	1.9980193
2.6288495	2.0112317
2.5757303	2.0050359
2.718779	2.013873
2.8224618	2.0283391
2.8897333	2.0293138
2.959022	2.0356715
2.932833	2.0297525
2.9427545	2.02635
2.9932883	2.030241
2.9780512	2.024398
2.9195485	2.0208144
2.9664533	2.0224369
2.9791753	2.0170383
2.8719225	2.0065227
2.8239298	2.0052128
2.8277447	2.0004323
2.9115663	2.000741
2.8539608	1.9986297
2.6585424	1.9883893
2.710885	1.9938179
2.879243	2.0080743
2.6886857	2.001036
2.4610212	1.9919021
2.3885777	1.9914943
2.3090372	1.9908959
2.2581413	1.992464
1.9135005	1.9984621
1.9971602	1.9959167
2.1769028	1.9897306
1.8883867	1.9950079
1.7706963	1.9954427
1.7734563	1.9944111
1.907659	1.9897684
1.7374592	1.9929311
1.9161565	1.9855258
1.9834685	1.9833236
1.690686	1.9907838
1.7309202	1.9883652
1.9379299	1.985184
1.9061513	1.9861861
1.8160388	1.9879227
1.88001	1.9861963
1.874242	1.9874487
1.845879	1.988357
1.9889326	1.9827852
1.987065	1.987547
2.093811	1.9840164
2.2580988	1.9694661
2.4274652	1.903612
2.5013113	1.8796488
2.4212554	1.8088347
2.584386	1.5308188
2.797483	1.1652935
2.8711138	1.235279
3.0837893	1.0564376
3.1194897	1.0192478
3.0946293	0.9915521
3.1350284	0.9957929
3.1302338	0.9942648
3.0663388	0.99966085
2.9424415	1.0061499
2.972135	1.0095311
2.9673023	1.0104487
2.9207325	1.0094407
2.9054635	1.0094845
2.909031	1.0089637
2.905626	1.0089127
2.9153292	1.0089468
2.870119	1.0063751
2.7984664	1.0026729
2.8433464	1.004373
2.8549829	1.0045978
2.8027754	1.0030631
2.7901647	1.0027021
2.5957727	0.9940263
2.400375	0.9817611
2.0728936	0.9589604
1.9538766	0.9457302
1.9016114	0.9562386
1.8245473	0.97195643
1.7617435	0.9683948
1.6779531	0.983424
1.5958292	1.0051742
1.4583213	0.99972343
1.2698166	1.0522953
1.1500921	1.0145757
1.0584211	0.9556983
0.98968995	0.9603049
0.9326044	0.9812249
0.91629577	0.9672359
0.90904194	0.9515981
0.9104712	0.9527567
0.91885936	0.9526654
0.9340609	0.95439
0.96788734	0.96707064
0.99771863	0.99729586
1.0606556	1.031428
1.0957465	1.030783
1.0950426	1.0133189
1.1085312	1.0077997
1.0514952	0.99740016
1.0708674	0.9946474
1.2282621	1.0083544
1.3326685	1.0132058
1.5630771	1.0267316
1.9080496	1.0446528
2.0286498	1.0216213
2.1665726	1.0166299
2.3070974	1.0333868
2.3632584	1.0287592
2.4556818	0.9979418
2.5926418	0.99208367
2.644182	0.99405533
2.7515583	0.9899838
2.9126246	0.9883718
2.9954402	0.9803503
3.055953	0.9855351
3.0569556	0.9955512
3.0601923	0.9999669
3.0834284	1.0025456
3.0569746	0.99921757
3.0098255	1.0048664
2.978359	1.0064604
2.9873624	1.0065025
2.9776745	1.0064058
2.8913407	1.0061281
2.8626673	1.00597
2.9201596	1.0068213
2.8830087	1.0054688
2.9136567	1.0053718
2.9122021	1.005888
2.9527845	1.0093373
3.0508375	1.0373727
3.08884	1.0762621
3.025878	1.740527
2.953622	1.752101
3.0281487	1.6234576
3.0478554	1.9689825
3.0265105	1.977933
3.0630758	1.9847853
2.9911196	2.0149686
2.9036124	2.014693
2.8854709	2.0206437
2.8434	2.0200858
2.9553509	2.028979
2.9554427	2.0252967
2.754144	2.010891
2.830407	2.0149317
2.898224	2.021098
2.8002675	2.0164063
2.8732696	2.0206854
2.9223113	2.0272472
2.740187	2.0011783
2.7123463	1.998394
2.8715932	2.0158036
2.802825	2.0047476
2.7771785	1.9981372
2.8271084	2.0040567
2.7716012	1.9575047
2.4438784	1.9770443
2.1229904	1.983136
2.1295102	1.9218383
1.9430099	1.813634
1.6652025	1.5315462
1.6907554	1.2291726
1.4651635	1.4404155
1.5329788	1.1330669
1.6837181	0.9791487
1.5560286	0.9669644
1.2563162	0.9750787
1.1541976	0.964676
1.0657117	0.96679515
1.0267909	0.9593106
1.0019021	0.95843875
0.97664154	0.95299214
0.9757127	0.95204043
0.95901865	0.9507943
0.96168435	0.95356303
0.9474155	0.9470339
0.9353069	0.9434162
0.98601407	0.95315474
1.0337874	0.9617478
1.0763959	0.97110486
1.0623633	0.971788
1.0578533	0.9703128
1.1263783	0.9789251
1.1273291	0.97924197
1.0573986	0.9707073
1.1244437	0.9775861
1.4819316	0.99123716
1.6281579	0.9948644
1.8524489	1.0008152
1.9634567	0.99381405
2.0592375	0.99188274
2.1273365	0.98005927
2.0647793	0.9726336
2.1552215	0.9712026
2.2526853	0.9758193
2.3000104	0.9659964
2.2497644	0.9659201
2.2112398	0.9844384
2.3549833	0.98325944
2.367475	0.9759101
2.3117445	0.9901575
2.262867	0.998943
2.191034	1.0003065
2.049818	0.9997099
2.1006181	1.0019944
2.0904965	1.000022
1.8550476	1.000205
1.7905543	1.0087185
1.8001584	1.0372212
1.4603899	1.211546
1.2941593	1.2984978
1.1991582	1.2369475
1.1713576	1.1956813
1.1405451	1.9933323
1.1531832	2.027609
1.1574829	2.0429995
1.090075	2.0112784
1.0641862	1.9876918
1.0404366	1.975627
0.9638811	1.9808263
0.95115787	1.989618
0.9865134	1.9984868
1.0375993	2.0154126
1.0467386	2.0091188
1.0060447	1.9847331
0.9701929	1.9920981
0.9275428	1.9994229
0.9285909	2.0069134
0.994609	1.9762064
1.0362744	2.0068243
1.0703954	2.01994
1.0600269	2.0174494
1.0857097	2.0197995
1.1777183	2.021064
1.2962872	2.00938
1.3394727	1.9866453
1.2790399	2.018321
1.5092763	1.9992567
1.6527191	1.9544481
1.8789785	1.829948
1.9991498	1.9416538
2.0408666	1.9601156
2.1784909	1.6361237
2.3275938	1.2034495
2.416516	1.1703737
2.429794	1.082891
2.639426	1.1660674
2.7229924	1.0313352
2.7883036	0.96757174
2.9719357	0.9600593
3.0874238	0.97654694
3.1117647	0.98402184
3.0665371	0.99127346
3.0679803	0.9967705
3.0432327	1.001107
3.000926	1.0076281
2.9875793	1.0078237
2.9731784	1.0092912
2.9695218	1.0078101
2.9322302	1.0075889
2.9206772	1.0073646
2.9691222	1.0064739
2.9414408	1.0074005
2.9270742	1.0073869
2.870543	1.0040387
2.671602	0.9952621
2.5567942	0.99938565
2.438887	1.1064862
2.2070131	1.0296322
2.0230482	1.158267
1.9180754	1.7023274
1.9015125	1.9403883
1.8274748	1.9402419
1.7959105	1.9552084
1.64611	1.9222165
1.5624774	1.9317559
1.4497275	1.9571439
1.2579402	1.9630861
1.0473992	1.9830391
0.9357708	2.0092242
0.9075033	2.0175734
0.88564014	2.0176954
0.8880217	2.0188189
0.89976233	2.0163324
0.8910154	2.0151231
0.8927391	2.014827
0.8758124	2.0020561
0.89584893	2.0145507
0.94758755	2.029103
0.9550076	2.028539
0.9588521	2.0298572
0.98842794	2.0307431
0.9922154	2.0291731
1.0052984	2.029457
1.0691818	2.032663
1.0665396	2.0304687
1.1194874	2.0220883
1.2805194	2.0230594
1.4507251	2.0080526
1.7814281	1.9917011
1.7979304	1.996187
1.7354603	1.9825572
1.8722606	1.6046228
2.0638382	1.344632
2.2140524	1.1630986
2.244884	1.1956189
2.3351123	1.2436581
2.4903677	1.1680493
2.5308614	1.0287627
2.558759	0.98562175
2.6808102	0.96259797
2.8440888	0.9570301
2.9336286	0.9787953
3.0034106	0.9937857
3.057865	0.9848221
3.0733178	0.99072814
3.0491798	0.99714434
3.042954	0.9989087
3.0352716	1.0006794
3.0113266	1.0051585
2.9920514	1.0059159
2.9965715	1.0053178
2.997401	1.0058416
2.990621	1.007089
2.9652092	1.0081391
2.9357195	1.0097786
2.8922806	1.0079203
2.952847	1.0062813
2.9690769	1.0065403
2.9176886	1.0071532
2.828088	1.0039829
2.652043	0.99305975
2.427569	0.97496986
2.2158237	0.9628092
2.0421793	0.959434
1.8732094	1.0068164
1.7959548	1.0613899
1.7433052	0.98333853
1.6101505	1.0730451
1.4848325	1.0497193
1.3225851	1.0738091
1.0689956	1.2383779
1.0396689	1.0174472
0.9773485	0.9871861
0.9333789	0.9878889
0.9235879	0.9687585
0.9256741	0.96901226
0.92813563	0.9598467
0.94450355	0.96204185
1.0048815	0.99183273
1.041264	1.0004888
1.1249456	1.03248
1.1458817	1.0410289
1.111957	1.0101413
1.1846188	1.0150594
1.1427187	1.0101911
1.1258993	1.0180136
1.1266445	1.0512447
1.1611834	1.0800698
1.1045438	1.4117926
1.1578339	1.3375949
1.1983607	1.4783124
1.3454504	1.7927445
1.6539474	1.8992141
1.770674	1.9986593
1.9007336	1.9828241
1.9040977	1.9940734
2.020789	1.980993
2.011066	2.0009513
2.006983	2.0130293
2.2626414	2.0080178
2.239328	2.0223308
2.1545005	2.027921
2.2093792	2.0283024
2.283164	2.0280855
2.4028113	2.0225434
2.3251565	2.019425
2.135323	2.0128596
2.1934762	2.0056999
2.0234814	1.9956267
1.8519994	1.9866956
1.9922317	1.9876454
2.1357415	1.9732748
2.2403846	1.9675834
2.4649942	1.9836183
2.4981008	2.002314
2.6899126	2.0120392
2.802977	2.0026267
2.8438466	2.0239356
2.9220338	2.0362272
2.9917521	2.0179582
2.978835	2.0441656
3.106391	2.053229
3.0800025	2.060136
3.0064962	2.0406
3.0137453	2.0025356
2.9835963	1.9945611
3.020284	1.9908773
3.0189729	1.9762235
3.003371	1.9812624
2.9911504	1.9899081
3.0003307	1.977505
2.9500144	2.0015764
2.8903925	1.9965503
2.9325278	1.9746664
2.9970767	1.9890288
3.0338483	1.9815189
2.894459	1.9658707
2.8507588	1.9646422
2.9364183	1.9666741
2.898937	1.9010578
2.4114661	1.9747988
2.179528	2.0000534
2.1920662	1.995197
1.9925089	1.9775089
1.9275489	1.9745772
1.806444	1.9891336
1.6675756	1.9883637
1.6132576	1.994326
1.523052	2.000448
1.3284096	2.0010984
1.1684788	2.0039654
1.0429008	2.0054119
1.0269198	2.0073998
0.9716359	2.0028062
0.94450784	1.9950145
0.97101223	2.003682
0.95663136	2.0048418
0.9352354	2.0029948
0.9541337	2.005275
1.0442427	2.0111372
1.0639659	2.0141704
1.055188	2.013815
1.0492729	2.008082
1.1010505	2.0133357
1.1001171	2.0150533
1.0924414	2.0111656
1.1137956	2.0084953
1.1000359	2.008286
1.1230736	2.0049968
1.1541796	2.0065007
1.2178596	2.0098321
1.2437879	2.0082421
1.3093963	2.0093215
1.4366933	2.0089507
1.4486905	2.003784
1.4608804	2.0031726
1.2782247	1.8489331
0.9876645	1.4989265
1.0742109	1.1619719
1.1637851	1.0400943
1.0205568	1.0368712
1.1009698	1.0073445
1.1157863	1.0032521
1.2412626	0.99010843
1.3455683	0.9903907
1.1791521	0.9913547
1.2932254	1.002021
1.371732	1.0022998
1.4193094	0.9891132
1.4755533	1.0005523
1.2732847	0.99024475
1.2598048	0.99698406
1.1561724	0.9905852
1.09419	0.9764537
1.1494724	0.9849915
1.1035419	0.97936165
1.1032242	0.9771489
1.0306761	0.9701558
1.097666	0.9818505
1.2769803	0.9930266
1.1452482	0.98750126
1.1830444	1.0005442
1.1696364	1.0088369
1.0970373	1.0996783
1.288117	1.1447967
1.4655768	1.0710214
1.4248433	1.1936673
1.5428228	1.5768443
1.6761523	1.9987308
1.7949485	1.9828769
1.7610636	2.0009534
2.0814734	1.9573088
2.1791043	1.9544646
2.1808639	1.9714359
2.128046	1.9872175
2.031223	2.0048757
2.3107262	2.0239377
2.3353343	2.0278513
2.3846033	2.024775
2.3733208	2.0197997
2.0634778	2.003143
2.1741803	2.005207
2.2030976	1.9854116
2.2108936	1.9991838
2.1335747	1.9952818
2.1187987	1.9932117
2.1574328	1.9948748
2.1716886	1.986429
2.1164744	1.9775099
1.9949907	1.9523442
1.9525374	1.914738
1.861275	1.8738668
1.8130721	1.9225188
1.8761293	1.4272258
2.1074026	1.0445874
2.0164118	1.1243014
1.9206438	1.052862
2.1675527	0.9682478
2.1828246	0.96952033
1.8991189	0.9759651
2.001251	0.98025227
2.1192157	0.9865714
2.180637	0.99006015
2.2441444	0.99079
2.166335	0.99503976
2.236082	0.99642026
2.3315184	0.99496883
2.1952188	0.99738294
1.9293991	0.9931503
1.9894061	0.99475944
2.152486	0.9966859
2.2791276	0.9970552
2.318038	0.9972752
2.1045945	0.9965325
1.9031656	0.9928032
1.953388	1.036486
1.9045478	1.0182
2.1796424	1.0066271
2.5224478	1.0262767
2.7162971	1.1161796
2.8666594	1.6487296
2.8390424	1.8889436
2.8498182	1.9394771
2.8447075	1.9577093
2.8683505	1.9725999
3.0396476	1.9596347
3.0558407	1.9673195
3.0843208	1.9949226
3.076617	2.0203168
3.0395885	2.0258083
3.0513818	2.037202
3.039578	2.0391865
3.0433555	2.031099
2.9730213	2.010292
2.957015	2.0170884
3.0411372	1.9912752
3.0077097	1.9842454
2.9694004	1.9755701
2.92435	1.9900275
2.9485106	1.9865847
2.921174	1.9841516
2.958557	1.99414
2.963906	1.9875184
2.8524377	1.9822862
2.7972133	1.9807028
2.6899052	1.9587344
2.430374	1.8976938
2.380722	1.8821489
2.260034	1.9128083
1.9353259	1.8291836
1.8972093	1.5278918
2.2172332	1.1213851
1.8782701	1.2688158
1.7420359	1.3378192
2.0606647	0.9630562
1.9536973	0.9652386
2.222641	0.95947516
2.4223065	0.97696567
1.8472073	0.95518374
1.8436993	0.9582471
1.7670546	0.97632456
1.7799143	0.9738034
1.7288936	0.97589165
1.6595953	0.9733705
1.9025584	0.9934744
2.0289304	0.9938009
1.9749954	0.9928536
1.9725858	0.9942099
2.033625	0.99539703
2.0652945	0.99477595
1.9802287	0.9935602
2.0164204	0.99525964
2.0793533	0.9969521
2.0131319	1.0008472
2.118564	1.0016404
2.2160394	0.9952136
2.370901	0.9992632
2.514335	1.1448833
2.5304213	1.160887
2.6345186	1.6306041
2.7816596	1.9209424
2.864417	1.919673
2.9899058	1.9136797
2.9881942	1.9444754
2.9351969	1.9462924
2.970537	1.9947646
2.9912434	2.0109663
3.0300488	2.0331092
3.0155065	2.0418398
3.0719337	2.0329628
3.0312545	2.034645
2.9729555	2.0382473
3.0258389	2.0309274
3.0120823	2.017118
2.943929	2.0207748
2.8911974	2.0128493
2.9051523	2.0067859
2.8858745	2.0067396
2.941754	2.0010238
2.8248117	1.9910258
2.7847297	2.0019932
2.8452606	2.0110629
2.5793762	1.9924186
2.3301456	1.9954629
2.3550956	1.9962347
2.3262236	1.9947953
2.044138	1.9969635
1.967934	1.9967237
2.0139058	1.9936647
1.8615466	1.9933152
1.81729	1.9919947
1.677413	1.9924148
1.5163355	1.9940782
1.3789234	1.9958439
1.283505	1.9957833
1.1218493	1.9962324
1.0298723	1.9962138
0.98523295	1.995585
0.9538365	1.9942424
0.9296674	1.9948851
0.92308724	1.9933399
0.92398494	1.9917413
0.9234037	1.9781605
0.92927486	1.9713469
0.96607643	2.00437
0.96859556	2.0085855
0.9810509	2.002873
1.016661	2.004525
1.0230575	2.0018346
1.0223023	2.0015612
1.0244695	2.0042467
1.1033108	2.009954
1.2709341	2.0148754
1.4251939	2.0117054
1.2881602	2.012147
1.2139534	2.0131788
1.4479455	2.012345
1.7863965	1.9702703
1.8608932	1.8008987
1.7974412	1.3480953
1.753419	1.3118098
1.8030956	1.090791
1.9305642	1.007094
2.1544485	1.0116113
2.3566644	1.0101904
2.4252427	0.97818714
2.637979	0.9989495
2.7728872	0.97059256
2.8651755	0.9428641
2.9944508	0.9659133
3.081035	0.9798045
3.0609655	0.98640615
3.0525165	0.9950845
3.030038	1.0024872
2.9725971	1.0071108
2.960061	1.0079931
2.9461265	1.0085182
2.9242373	1.008838
2.8865328	1.0076718
2.8184042	1.0040059
2.8925645	1.0058434
2.95161	1.006368
2.8105297	1.0032889
2.8103287	1.0021107
2.9725318	1.0060486
2.9585474	1.0476255
2.6967506	1.6441246
2.5917087	1.5545169
2.7464335	1.2222798
2.9532557	1.8586305
2.9951286	1.981913
2.9975295	1.9825509
2.9651234	1.9803915
2.928032	2.0008097
3.025026	2.020989
2.9949589	2.0297992
2.8634315	2.021845
2.87286	2.0246153
2.807202	2.0180187
2.741406	2.013936
2.9336612	1.9968309
3.0106564	1.9020272
2.943446	1.9819254
2.8904908	2.0159485
2.813237	2.0125504
2.752183	2.003727
2.8622477	2.0111058
2.8358169	2.0069952
2.6701186	1.9939879
2.4948928	1.9960899
2.416668	1.9964983
2.3403094	1.9946445
2.2660131	1.994373
2.2383776	1.993547
2.0981743	1.9943931
1.9999859	1.9951495
1.9650548	1.993417
1.9500959	1.9918878
1.8065214	1.9914298
1.7841817	1.9895831
1.7343143	1.9850862
1.643897	1.9864541
1.7167205	1.9824846
1.5712154	1.9887847
1.5996739	1.9880792
1.7149853	1.9817569
1.8682512	1.9787921
1.8041697	1.9805546
1.552128	1.9909321
1.7233243	1.9886525
1.738226	1.988476
1.6817122	1.947439
1.2357795	1.789694
1.0092416	1.9721358
0.8462066	1.7092549
1.046875	1.1129408
1.2335095	1.0168815
1.3390418	1.0013468
1.2058942	0.99371606
0.98481566	0.98291075
0.96851975	0.96310717
1.0791423	0.97210044
1.0414809	0.96678483
1.0774404	0.9659637
1.1516439	0.9723842
1.1378304	0.9736616
1.1937917	0.9791791
1.2942089	0.9834989
1.3256671	0.9839288
1.280838	0.9858682
1.1935374	0.985073
1.2574409	0.98596305
1.2395765	0.9850133
1.2276417	0.9860201
1.3093331	1.0043354
1.392068	1.06445
1.6277498	1.0874289
1.8636367	1.1120164
1.9325794	1.516591
2.0080428	1.9065315
1.8723285	1.9856597
1.5189961	2.020474
1.9079709	1.994397
1.8865143	2.0048544
2.117295	1.9936501
2.345552	1.9910486
2.2741039	2.0053189
2.1809804	2.017588
2.280325	2.0201821
2.4481544	2.021303
2.2241995	2.0073345
2.0435245	2.0025988
2.0178137	1.993397
1.9468006	1.9985942
2.2830284	1.9996455
2.2547433	1.9931566
1.8656538	1.9914962
1.954585	1.9752098
2.0751543	1.9520789
1.9970232	1.8228239
2.0264328	1.7480888
1.7754668	1.8357856
1.536403	1.5876563
