1.8214961	1.5123514
1.8524071	1.5238397
1.8628417	1.5274415
1.8758382	1.5322393
1.8815438	1.5339351
1.8822432	1.5338855
1.884668	1.5347459
1.8881488	1.5357968
1.8886889	1.5359007
1.8899205	1.5362425
1.8899455	1.536479
1.8893778	1.5363953
1.8831468	1.5357459
1.8761028	1.5347661
1.8554564	1.5290524
1.8238027	1.5208952
1.7915112	1.5122108
1.717896	1.4870398
1.621045	1.4460111
1.4222889	1.3736248
1.2801348	1.3599724
1.37043	1.6124172
1.5641298	1.9249719
1.7393756	1.848344
1.6516966	1.9718771
1.6530836	1.967032
1.6617312	1.9257902
1.722612	1.8371949
1.6964067	1.8468015
1.5402722	1.9625827
1.4832864	2.0023599
1.517878	1.9371654
1.5953867	1.8609061
1.6663654	1.7819637
1.8306473	1.6760164
1.9034516	1.6384451
1.968496	1.6177222
2.0306368	1.5593556
2.052735	1.5469267
2.0917833	1.5360636
2.0898435	1.5506899
2.1111376	1.5335635
2.1900356	1.5051361
2.3292797	1.4325157
2.5090606	1.3251071
2.3215854	1.3934646
1.9829404	1.588864
2.2651687	1.4840401
2.4898434	1.3954942
2.5249047	1.3808353
2.6488557	1.3232899
2.738995	1.2966094
2.7061758	1.2766709
2.77259	1.3006183
2.6830206	1.2486702
2.4016762	1.04889
2.673933	1.1509893
2.6466954	1.1181421
2.7234771	1.0359397
2.9816782	0.97978103
3.0641034	0.8798374
2.8858094	0.89958245
2.7071319	1.2278919
2.5583699	1.1254971
2.474684	1.1794
2.3242745	1.2897053
2.3017132	1.2675058
2.2221553	1.3399091
2.176814	1.4000108
2.1576817	1.4012698
2.1508033	1.3872306
2.138488	1.3913056
2.132179	1.3894544
2.1337957	1.3830243
2.1054878	1.4472595
2.1117496	1.5197184
2.1897695	1.625059
2.2592719	1.7251594
2.371147	1.8396795
2.4052134	1.8796247
2.4387732	1.9630635
2.4687421	2.0178163
2.4415991	2.076878
2.32163	2.103775
2.062905	2.0502334
1.7462779	1.9506298
1.4961418	1.9155273
1.4390512	1.9023869
1.4662348	1.9298099
1.506459	1.8950467
1.7546928	1.5514913
1.8796123	1.5277246
1.6014444	1.778923
1.6941305	1.681109
1.855553	1.598984
1.7191123	1.688364
1.7633231	1.6633658
1.8215798	1.6381027
1.9154354	1.6076105
1.8832839	1.62307
1.6203895	1.7884593
1.4544023	1.986887
1.4141845	2.036358
1.4201434	2.0084634
1.4282979	1.9768076
1.4762824	1.9251357
1.4652127	1.9591024
1.4395705	1.9810765
1.4715488	1.939948
1.507449	1.8678373
1.6096977	1.7249825
1.8062909	1.5777061
1.9609237	1.4688829
1.9299617	1.4411374
1.8483939	1.460383
1.8580066	1.4798169
1.9007409	1.4793034
2.027425	1.4489286
2.1016042	1.437987
2.0989096	1.4356837
2.081636	1.4403434
2.0427084	1.4493054
2.071147	1.4577497
2.2073472	1.4205922
2.3409796	1.4101535
2.4296584	1.4379785
2.4921894	1.49604
2.4732335	1.594448
2.4385498	1.6674982
2.589783	1.6167068
2.4908507	1.6259347
2.3340416	1.6314957
2.6606524	1.6676117
2.7855697	1.7755389
2.8069487	1.8254474
2.8945103	1.9570277
2.9034986	1.9746331
2.9212534	1.9875053
2.9160776	1.968732
2.8883643	1.8701739
2.910019	1.879774
2.6582782	1.5959538
2.5525918	1.4699622
2.3791041	1.2772558
2.2286544	1.1702257
2.1025803	1.1483665
1.969067	1.1587155
1.8725877	1.1727284
1.9802864	1.1586131
2.071256	1.151852
2.0840666	1.1568667
1.7033228	1.2000664
1.4615372	1.3255749
1.4327247	1.3256757
1.4256188	1.4322411
1.4106528	1.6506966
1.4249088	1.7788893
1.4399309	1.8905439
1.46901	1.9170309
1.4950999	1.9247066
1.4669324	1.9615005
1.4140273	2.0312088
1.3814477	2.070194
1.3837678	2.0493054
1.3799319	2.0526829
1.3597302	2.085903
1.3559536	2.091612
1.3997929	2.0058045
1.5186307	1.8292345
1.7110884	1.6437955
1.8580046	1.5400431
1.8665591	1.4587346
1.7878318	1.4293314
1.6873482	1.4250538
1.6978648	1.4289317
1.7441759	1.4421985
1.8001468	1.4274735
1.8441472	1.4358704
1.8945459	1.4604306
1.9751396	1.435309
2.0762756	1.4308304
2.2308774	1.4184406
2.4096465	1.4256854
2.533485	1.4804134
2.534012	1.563938
2.368987	1.7179073
2.1902187	1.7933257
2.138659	1.756988
2.2848597	1.7003468
2.211025	1.6809722
2.2043576	1.6668772
2.090979	1.6699958
2.0398726	1.6677736
1.977919	1.6733285
2.0568721	1.6562775
2.05498	1.659743
1.9196386	1.6788901
1.9312974	1.6742915
1.9965507	1.6566463
2.0245416	1.6508802
1.7919883	1.7225809
2.8167515	1.8388541
2.8689117	1.9162952
1.577172	1.7684301
1.4348733	1.9574702
2.6487768	1.6184186
2.780289	1.6598945
2.488851	1.3243164
2.6892953	1.3309157
2.4254382	1.0273097
2.4036412	0.91834027
2.352823	0.7974166
2.550594	0.8879289
2.3816228	1.1683201
2.2380073	1.1969362
2.248313	1.2006757
2.0186834	1.4346703
1.9993395	1.4476773
1.9446403	1.5030777
1.9468907	1.5021285
1.9449046	1.5067493
1.9460044	1.507054
1.946365	1.5082327
1.9500515	1.5049793
1.9518987	1.504543
1.9510627	1.505419
1.9505863	1.5052
1.9489216	1.5057782
1.9434109	1.5083585
1.9330119	1.5140679
1.92842	1.5167074
1.9134017	1.5196515
1.9113734	1.524314
1.8964037	1.5282015
1.90347	1.5326581
1.8981957	1.5345443
1.9091057	1.5394343
1.9098382	1.5412906
1.9113108	1.5427105
1.9051791	1.5411865
1.9004376	1.5399381
1.8962965	1.5384957
1.893338	1.5373026
1.8939638	1.5373949
1.8967572	1.538165
1.8969204	1.5384889
1.8969886	1.539049
1.8912029	1.5380424
1.8821602	1.5359699
1.8585756	1.531094
1.8332065	1.5251671
1.7602767	1.5015482
1.6808953	1.4705462
1.6095237	1.4396067
1.559008	1.4175683
1.505254	1.391367
1.3681636	1.3294691
1.2972461	1.317584
1.1871207	1.3089077
1.4145837	1.5214123
1.7145357	1.577064
1.9216051	1.598188
1.7829362	1.6889375
1.9308861	1.6466333
2.0664449	1.5821385
1.9236898	1.6591731
1.9356804	1.647377
2.1636748	1.5411488
2.248908	1.5010554
2.2945127	1.4983803
2.129804	1.5989324
2.1651902	1.6262653
2.3697639	1.563027
2.2559032	1.6464447
2.2456772	1.6673012
2.1120203	1.7423371
2.0945501	1.6847225
2.1378376	1.6452507
2.0646565	1.6398777
2.313476	1.5820323
1.9482929	1.6387085
1.8568678	1.6655768
2.0918205	1.5889826
2.0176752	1.5926368
1.8001254	1.6698135
1.8571334	1.6421536
2.0699682	1.5771995
1.944333	1.5990262
1.8315581	1.640245
1.5792985	1.8389947
1.5254874	1.8996027
1.5525131	1.8763434
1.4919604	1.9278926
1.4590406	1.954907
1.4609995	1.9539996
1.4314927	2.0105555
1.4179974	2.0225499
1.4826044	1.9106808
1.4939874	1.8479512
1.5326442	1.7222307
1.7047001	1.5481863
1.5213789	1.4528326
1.2204888	1.38082
1.1144906	1.3048176
1.1310893	1.279939
1.1549522	1.2827003
1.1464788	1.2877611
1.1349069	1.2933078
1.1559975	1.3146228
1.1711203	1.3148993
1.3086002	1.3145323
1.4755387	1.3195024
1.8130418	1.3294071
2.1043122	1.3967916
2.3699703	1.4639243
2.527515	1.4943448
2.5034695	1.6071838
2.3815253	1.6803272
2.1497743	1.7527128
2.0690165	1.7604052
2.0424855	1.7275223
2.028343	1.704866
2.2353134	1.6361591
2.435225	1.6335704
2.199101	1.6240673
2.197142	1.6113721
2.1943598	1.6127372
2.1300936	1.6078064
2.1866012	1.6045156
2.1057646	1.6034968
2.0464258	1.6122727
1.9743844	1.6291112
2.1175652	1.6051855
2.1105034	1.6074718
2.1296394	1.6030931
2.455327	1.6291617
1.9170103	1.6151439
1.7726713	1.6221656
2.0291717	1.552082
2.0459185	1.496376
1.9205284	1.4918311
2.0313752	1.3802189
1.907568	1.3878292
1.741644	1.2718092
2.3108575	1.0702306
1.776564	0.96395534
1.6890908	0.8073349
1.4958514	0.87543535
1.6794924	1.3799944
1.75292	1.4785306
1.859197	1.5260198
1.8696848	1.5285305
1.8900694	1.5355529
1.8997961	1.5383202
1.9007995	1.5386584
1.9046472	1.5396427
1.9030293	1.5392028
1.9045496	1.5392885
1.9026028	1.5388258
1.9055715	1.5396721
1.9043725	1.5393991
1.9070345	1.539306
1.9086277	1.539589
1.9138157	1.5405613
1.914158	1.5400178
1.9151387	1.5390259
1.912922	1.5340257
1.9154981	1.529879
1.9229254	1.5238822
1.9333395	1.5162448
1.9472266	1.5066329
1.9675661	1.4938163
1.9857557	1.4836129
2.0127444	1.4659299
2.0509486	1.4432628
2.0717163	1.43293
2.0782077	1.4285512
2.0922098	1.4202961
2.0991275	1.416461
2.090865	1.4202608
2.0824013	1.422939
2.0851545	1.4192656
2.0904768	1.4140961
2.0975192	1.4067574
2.0799212	1.4109373
2.0742123	1.4159672
2.068224	1.4147495
2.0245812	1.446552
2.000736	1.4747347
2.0144763	1.4548984
1.9754846	1.5641338
1.9521501	1.5667331
1.9671007	1.5943515
1.9144524	1.6052697
1.9068115	1.5591555
1.8941758	1.5488819
1.9014425	1.5306863
1.9133807	1.5156336
1.9238485	1.5130242
1.9384165	1.5066484
1.9417572	1.510344
1.957406	1.4972059
1.9819144	1.4749784
1.9811699	1.4787495
1.9664345	1.4902276
1.9771312	1.4872105
1.9604603	1.5045307
1.9418579	1.5493203
1.9645237	1.6714597
2.0218592	1.830113
2.104857	2.1083007
2.1538863	2.1943347
2.008686	2.125163
1.8345127	2.1273944
1.732698	2.1001787
1.6122259	1.9818432
1.5636367	1.9106977
1.5472958	1.9426419
1.5224179	1.9663452
1.5093924	1.9828633
1.5481837	1.8918839
1.874672	1.6330146
2.6267729	1.6772238
2.3966289	1.6168523
2.1590786	1.5531946
2.0409386	1.6062822
1.5111198	1.9521098
1.5640922	1.8762187
1.7345488	1.7450125
2.2891576	1.6440898
2.3714688	1.6560411
2.0559013	1.6405199
2.3918815	1.650529
2.676382	1.7513394
2.7464154	1.7961179
2.6538923	1.7330472
2.7481077	1.8017598
2.813333	1.8619381
2.8406615	1.8955941
2.883817	1.9534479
2.8335376	1.8842858
2.8277626	1.8726058
2.8593304	1.8945373
2.8152597	1.8357463
2.6221595	1.6671445
2.6263742	1.6480525
2.6738188	1.6752645
2.321995	1.4179116
2.1332147	1.3036877
2.164302	1.3109822
2.3335145	1.392265
2.1584666	1.2889092
1.7998892	1.1870998
1.8557067	1.1944346
2.1042278	1.2572604
1.7965767	1.2247895
1.5802658	1.2974545
1.6711885	1.3274223
1.6553382	1.3681924
1.7059102	1.4226259
1.4619068	1.8513083
1.5938553	1.6720295
2.038624	1.518458
1.6484872	1.7151456
1.5848908	1.8078039
1.6832389	1.7207158
1.9307704	1.6054251
1.7863947	1.6670531
1.8613217	1.6455302
1.9535218	1.6286147
1.7841896	1.6838733
1.8475844	1.6630801
2.0604782	1.6164452
2.0909803	1.6147243
1.9847987	1.6237437
2.015186	1.6206138
2.037752	1.6129764
2.1365163	1.5981559
2.2899525	1.5969157
2.14138	1.5820807
2.2291763	1.5651143
2.4715037	1.6029755
2.6700969	1.6736958
2.689664	1.6738626
2.5177553	1.5355284
2.6875854	1.6241771
2.7785056	1.6543893
2.6278265	1.4752954
2.7787364	1.4513887
2.8776577	1.4424235
2.9219599	1.0338986
2.9652188	0.93011284
2.9451058	0.9433803
2.8543155	0.9758749
2.632018	1.242846
2.5358176	1.1170378
2.4286458	1.1393604
2.2694333	1.248854
2.1823027	1.3008786
2.1420505	1.33573
2.1259809	1.3594761
2.1230397	1.3720329
2.0920005	1.398244
2.0744996	1.4122096
2.0746639	1.4141794
2.072229	1.4166722
2.0601199	1.423198
2.0573452	1.4246422
2.039709	1.4325781
2.0271163	1.4394442
1.9950364	1.4593983
1.9807832	1.4680027
1.9652412	1.479875
1.9477518	1.4969357
1.9410704	1.4976494
1.9284382	1.5089666
1.9232527	1.5133876
1.9114048	1.5206771
1.8861887	1.5463175
1.8851507	1.5357951
1.8864377	1.5171605
1.878424	1.5183531
1.8678476	1.5226451
1.8593826	1.5230577
1.853776	1.5234741
1.8575507	1.5260834
1.871496	1.5305594
1.8788102	1.5326328
1.8898295	1.5363795
1.8934938	1.5381067
1.8945466	1.5386685
1.888911	1.5369512
1.8863996	1.5359693
1.8829871	1.5348381
1.8845322	1.535256
1.884017	1.5349704
1.8861568	1.5355787
1.8868651	1.535773
1.8855991	1.5355233
1.8831497	1.5349678
1.878129	1.5329732
1.8704466	1.5298915
1.8695748	1.5282738
1.8702164	1.5246496
1.8855748	1.5186844
1.9249943	1.5061888
1.9703014	1.490685
2.0635614	1.4428926
2.1514375	1.3934464
2.2256331	1.3306686
2.2763848	1.2861992
2.2142153	1.3195546
2.1875932	1.3319367
2.166261	1.3513557
2.1783333	1.3493701
2.1446612	1.363466
2.1112795	1.3894856
2.120759	1.387449
2.1125827	1.3939908
2.0906997	1.4066578
2.094307	1.4056284
2.0964434	1.4062604
2.0842955	1.4144813
2.0814743	1.4158452
2.0668795	1.4240571
2.0626829	1.4251612
2.0537817	1.4327625
2.0509386	1.4431684
2.080417	1.5636237
2.1441114	1.6212237
2.3688617	1.669856
2.494836	1.9711462
2.521551	1.9783331
2.5709584	1.8268788
2.493829	1.862628
2.4016175	1.8707821
2.3514707	1.8356597
2.2840369	1.7821215
2.1923254	1.7009122
2.0698018	1.6341127
1.8518263	1.6383605
1.7925493	1.5957233
1.6452758	1.3607852
1.4834795	1.4175628
1.5868536	1.2148025
1.7826287	1.1553177
1.7404537	1.1693027
1.8407235	1.1930912
2.0189407	1.2254419
2.0921104	1.2769616
2.073789	1.260804
2.1789045	1.3190454
2.3079634	1.3708782
1.8308538	1.2362685
1.4292468	1.4615993
1.8608174	1.2670377
1.9644108	1.2880722
1.943521	1.2630912
1.9757303	1.2303866
1.4669806	1.3233819
1.4516193	1.1757139
1.9607604	1.0337894
1.7608305	0.84059185
1.5148726	0.8740112
1.6641966	1.0393631
1.6429068	1.1521201
1.7520472	1.2120745
1.7783886	1.2875789
1.8454036	1.4865694
1.8538213	1.5096881
1.8719554	1.5252302
1.8899927	1.5329725
1.9004327	1.536592
1.9079133	1.5392369
1.9183898	1.5433989
1.9232152	1.5455335
1.9259096	1.5467038
1.9269692	1.5473182
1.9260598	1.5468937
1.925549	1.5468662
1.9253447	1.5467616
1.9247932	1.5465106
1.9245725	1.5463285
1.9241793	1.5462714
1.9233464	1.5459079
1.9201938	1.544461
1.9164071	1.5428046
1.9091367	1.5395423
1.9068439	1.537481
1.904281	1.5335722
1.9056594	1.5312723
1.9096593	1.5295335
1.9151607	1.5247853
1.9234279	1.5184736
1.9276087	1.5162623
1.9358015	1.514379
1.9444481	1.506202
1.9490525	1.5037096
1.95045	1.5042937
1.9528139	1.5019944
1.9536127	1.5011207
1.9540517	1.5010134
1.9536346	1.5016779
1.9518372	1.5020721
1.9489563	1.5046968
1.9447039	1.5068789
1.9357544	1.5122895
1.9291632	1.5146435
1.9196897	1.5177729
1.9128354	1.5198956
1.8826267	1.5451636
1.8661363	1.5590674
1.7996391	1.6142728
1.6948593	1.718984
1.5980998	1.9180869
1.5898998	2.1027365
1.5315226	2.0894544
1.5161002	2.0504797
1.5363704	1.9570434
1.606142	1.8200613
1.6256169	1.834283
1.5728471	1.9488207
1.5738994	1.8844025
1.5452349	1.8473996
1.590959	1.7603959
1.9397357	1.4985584
1.9740318	1.4559598
1.9305853	1.4423573
1.8893443	1.4560968
1.9239424	1.424016
2.0337172	1.3699744
2.13549	1.290544
2.1764297	1.2574373
2.0438507	1.3165377
2.1646836	1.2534118
2.2903306	1.205368
2.4220314	1.1543385
2.4126964	1.2018254
2.2958965	1.273474
2.4955132	1.1733392
2.6181772	1.1066189
2.5918214	1.0806237
2.4424374	1.0074508
2.3862114	0.9794369
2.5400078	0.9242141
2.8711803	1.1414219
2.9223492	0.95538723
2.9340487	0.906742
2.896372	0.9208973
2.7555265	0.905492
2.5460343	1.0327333
2.3003829	1.2285162
2.1967096	1.3051593
2.1578727	1.352399
2.154246	1.3633435
2.126636	1.3873163
2.1054494	1.4023923
2.0998824	1.4070969
2.1049323	1.4068959
2.1020153	1.4089234
2.0976617	1.4114251
2.071218	1.4253919
2.0478497	1.437281
2.0265114	1.4483128
1.9952728	1.4784725
1.9872737	1.4882835
1.9985948	1.580355
2.0210438	1.677073
2.1737416	1.9044172
2.2409673	2.0034964
2.3511992	2.094669
2.3153124	2.154229
2.196189	2.191381
1.9262223	2.1394198
1.7013041	2.0705974
1.5802115	2.0103712
1.5255548	2.0132174
1.5237044	2.009854
1.5013266	1.966528
1.495891	1.9104248
1.4922266	1.8482575
1.4649105	1.7820786
1.4656945	1.6166703
1.3958275	1.4981179
1.3162007	1.3756301
1.2281612	1.3011454
1.1705028	1.2795115
1.1681995	1.2700788
1.1617153	1.2598933
1.1550974	1.2623576
1.1665715	1.2620838
1.1917342	1.2466164
1.1923002	1.2260132
1.2449858	1.2078638
1.2409725	1.1871791
1.3482486	1.162038
1.5991328	1.1296912
1.767832	1.1499571
1.9459939	1.193094
2.2003906	1.0852504
2.370695	1.0490172
2.4144566	0.9903366
2.307017	1.0206217
2.0924752	1.0507915
2.1936803	0.9689749
2.2945862	0.8607732
2.3541112	0.8341475
2.5807226	0.8625308
2.8139493	0.9157961
2.810765	1.0608013
2.813615	1.1351236
2.805661	0.9846661
2.7070303	1.0114541
2.4880054	1.0939752
2.3834903	1.1678859
2.3206904	1.2671279
2.2105625	1.3352911
2.1294835	1.3910424
2.1154222	1.4003544
2.1218562	1.4010495
2.1308548	1.3968884
2.1084824	1.4101379
2.1059759	1.4125067
2.0886986	1.4209919
2.0809891	1.4268138
2.0912085	1.4212978
2.0821877	1.4252119
2.0709674	1.4305377
2.0635273	1.4332032
2.0475883	1.4406093
2.0259624	1.4520078
2.0007896	1.4655541
1.9573683	1.4986601
1.9384667	1.5184364
1.9292119	1.5177265
1.9029257	1.5747507
1.8893003	1.5646245
1.8672297	1.6219225
1.8488479	1.6101029
1.8352948	1.5653793
1.8312042	1.525356
1.831769	1.5147265
1.828457	1.5112978
1.8226295	1.5124862
1.832726	1.517733
1.8388625	1.5203185
1.8550607	1.5265638
1.8629459	1.5289526
1.8611624	1.5288016
1.8656117	1.5301671
1.8606036	1.5282913
1.8627822	1.5288788
1.8655016	1.5296187
1.8658719	1.5299057
1.8666029	1.5305619
1.8634022	1.5298351
1.8526924	1.5277723
1.8470987	1.5260406
1.8198617	1.5181515
1.8133929	1.5167247
1.7812394	1.5062476
1.7518932	1.4967622
1.7060027	1.4731492
1.5610794	1.3940772
1.5092131	1.4276243
1.5918443	1.6728891
1.6816952	1.8455697
1.734038	1.6823747
1.7188447	1.7140718
1.6865076	1.8080626
1.6683432	1.7817253
1.6623662	1.7214264
1.7066786	1.5726862
1.6688398	1.6438121
1.6046611	1.7457677
1.6772244	1.6076623
1.6937014	1.5806206
1.6807159	1.5738205
1.7362907	1.5407813
1.8207016	1.4668597
1.9003736	1.4317067
1.9746026	1.3896599
1.9246236	1.4174267
2.0565977	1.3594887
2.396145	1.4149469
2.1861212	1.356602
2.2197773	1.347851
2.5920076	1.5385658
2.2290616	1.3598717
2.7710226	1.6293781
2.711163	1.6577636
1.7431753	1.1063721
2.4964306	1.4647242
2.1911802	1.1815488
2.3828769	1.2662079
2.4242961	1.2025104
2.3344667	1.1652194
2.1507027	1.186118
2.2560077	1.1723887
1.9315053	1.2848692
1.8314862	1.3642045
2.0726662	1.2092611
2.2237597	1.1823592
2.3794465	1.1662854
1.9916631	1.2529782
1.8858463	1.344194
2.0904565	1.2155647
2.188143	1.1857936
1.5239373	1.4836619
1.4671797	1.6632212
1.3782462	1.5762527
1.4355294	1.5329994
1.4691201	1.5601611
1.4560683	1.7796443
1.4173661	1.9270426
1.4481187	1.9371569
1.461981	1.9371747
1.4430501	1.9528105
1.4144697	1.9947402
1.3945558	2.038653
1.4345798	1.9933523
1.4362079	1.9868207
1.4290571	1.99024
1.5038477	1.9378542
1.5220989	1.9168851
1.529826	1.8720423
1.639059	1.7584409
1.917598	1.6065292
1.9958586	1.5421904
1.9797602	1.5497627
1.9521139	1.5590428
2.0442536	1.5074373
2.0747476	1.4762625
2.03389	1.512558
2.0437222	1.5063589
2.0481858	1.519607
2.0643463	1.5350096
2.1049693	1.5249645
2.1854937	1.5001569
2.1927261	1.5133262
2.2325804	1.5047423
2.3493404	1.4428827
2.360026	1.4301745
2.3301659	1.4327292
2.356268	1.3347569
2.2197828	1.3040937
2.2511487	1.1350638
2.1965218	0.9819091
1.4104234	1.0121808
1.1797724	1.0579367
1.1884706	1.1577488
1.314536	1.2254269
1.3810674	1.2835597
1.5821335	1.4049637
1.5938998	1.411617
1.7255974	1.478876
1.7249804	1.4739664
1.7942502	1.505052
1.8167219	1.5116938
1.8349462	1.5185149
1.8571357	1.5255768
1.8638355	1.5265148
1.8764164	1.5308754
1.888476	1.5343173
1.892611	1.5353538
1.9001547	1.5379752
1.903243	1.5389526
1.9070315	1.5402958
1.906517	1.5401269
1.9078887	1.5406886
1.9061011	1.5405574
1.9000956	1.5396336
1.8958492	1.5386535
1.8816046	1.5344908
1.8726419	1.5325189
1.8609943	1.5299904
1.8349156	1.5245506
1.8108819	1.5171388
1.7442088	1.4902683
1.707526	1.4625773
1.583251	1.4044156
1.6514959	1.7080942
1.7447649	2.0103717
1.7348343	2.0550556
1.6976409	1.8139195
1.6643671	1.77087
1.6359135	1.761758
1.655805	1.6553922
1.5670294	1.8224845
1.6303983	1.6896366
1.8750863	1.4809207
1.73844	1.5813974
1.7611182	1.5580794
1.7939388	1.5471244
1.8017321	1.5452353
1.8987441	1.4962308
1.9164039	1.4807088
1.9371328	1.458137
1.9617062	1.4320767
1.9154651	1.415164
1.7766538	1.4626572
2.0400317	1.3130145
2.4384842	1.3664631
1.9665164	1.1757497
1.8165696	1.0884026
2.2383823	1.0067161
2.1264715	0.8711253
2.2165277	0.7870854
2.301429	0.87956935
2.456625	1.0584061
2.517964	0.98910165
2.1672053	1.2975662
2.0286167	1.4278725
2.0210085	1.440301
1.9775118	1.4790953
1.9674512	1.4879769
1.9581823	1.4978093
1.9569085	1.5000436
1.9590164	1.4995694
1.9601649	1.5002673
1.9589474	1.5033066
1.9581407	1.5047169
1.9566126	1.5054206
1.9514463	1.509543
1.9510268	1.5085058
1.954475	1.5027243
1.9529206	1.5045774
1.9554831	1.5026094
1.9589062	1.5035373
1.9553198	1.5181737
1.9879432	1.6090503
2.1940238	1.8938997
2.4024587	2.0163796
2.6786873	2.0330665
2.7268372	2.117946
2.7525895	2.073641
2.6835766	2.0415945
2.5503607	2.0090399
2.4767544	1.9106281
2.321488	1.80638
2.2617555	1.69924
2.0810769	1.5877838
2.0186412	1.5911877
2.1794386	1.3615367
2.0952888	1.3281598
2.0477557	1.4172
1.9241558	1.4228259
1.9720683	1.4164197
1.9180621	1.3479855
1.9494219	1.3716074
2.0265992	1.2627198
1.8363235	1.3840221
1.7725881	1.3785299
1.7226058	1.334684
1.6232055	1.2680193
1.5844686	1.2214826
1.4455124	1.2592925
1.3946961	1.3158342
1.592012	1.0898768
2.0521939	1.0809336
1.5378425	1.0495604
1.451555	1.2336107
2.164298	0.94312394
1.9942478	0.93740076
2.7403119	0.96228147
2.7450697	0.9708979
2.485371	1.0401448
2.4547262	1.0840244
1.9952904	1.4241117
2.022992	1.4007938
1.9839802	1.4670049
1.9701033	1.4797167
1.9500731	1.5033448
1.9516728	1.5040995
1.9516854	1.5054023
1.9496124	1.5104253
1.9495319	1.5120081
1.9504122	1.5109332
1.9507462	1.5111891
1.9507385	1.5112876
1.9498178	1.5130421
1.9491076	1.5120554
1.9494998	1.5113539
1.9527335	1.5076679
1.952542	1.5067809
1.9482642	1.5109541
1.951614	1.5056252
1.9512712	1.5061448
1.9441859	1.5273166
1.9980063	1.676434
2.3080537	1.762624
2.5731966	2.1322062
2.5080967	2.2126083
2.5781045	2.1616075
2.485638	2.1243746
2.4035978	2.019663
2.1072078	1.8456895
2.200462	1.5470989
1.9177912	1.3740598
1.8657645	1.6911347
1.9526956	1.2872623
2.0796976	1.1930646
1.7766119	1.3185892
1.7213308	1.305269
1.8455111	1.1904088
1.8070468	1.1657302
2.0858247	1.158836
1.8483124	1.1355411
1.6261158	1.2060021
1.7152631	1.149038
1.5338321	1.2365314
1.4184067	1.4926658
1.4602482	1.52049
1.6421026	1.4400856
1.5204237	1.7118353
1.5523953	1.75056
1.7574637	1.6277035
1.6013613	1.8205639
1.6071762	1.8307308
1.6086773	1.8284386
1.5188447	1.9086803
1.4997557	1.9155549
1.4931617	1.9193559
1.4251893	1.9950775
1.3846703	2.0433872
1.3934221	2.0376465
1.389562	2.053786
1.3899397	2.0459893
1.4111532	1.9998091
1.4785637	1.8806683
1.6331103	1.7129613
1.8796724	1.5438939
1.9682319	1.4466004
1.7644377	1.4276547
1.6636206	1.4212501
1.6593204	1.3914907
1.7071342	1.4033791
1.7197267	1.4109128
1.7795109	1.4092693
1.9044803	1.3689574
2.0584679	1.3025856
2.2039478	1.2579801
2.1340268	1.3538238
2.0780356	1.3907596
2.3178236	1.3308802
2.5032163	1.2181166
2.603103	1.174649
2.6006007	1.1245209
2.5462658	1.1258
2.5075445	1.0331694
2.6431375	0.9886279
2.5154393	0.92134964
2.395711	0.86494136
2.473445	0.83134115
2.4408534	0.8210683
2.7598448	0.90955746
2.8822234	0.88689715
2.853331	0.9113399
2.7365844	0.97994304
2.5639482	1.0459605
2.3915799	1.1708373
2.1937025	1.3156834
2.132845	1.3610127
2.1341457	1.3692806
2.1281924	1.380987
2.1173532	1.3934395
2.099565	1.4061854
2.0793104	1.4193114
2.0816069	1.4197136
2.0941744	1.4145272
2.0737298	1.4233681
2.061468	1.4310025
2.074583	1.424083
2.03636	1.4454503
1.988618	1.4999104
2.0087001	1.542105
2.1009746	1.5500774
2.272518	1.6867855
2.40184	1.8693788
2.5214498	1.9890696
2.5153284	2.0352073
2.464189	1.9818282
2.4899316	1.9177822
2.416298	1.8603257
2.1755936	1.7913723
2.0907376	1.7143856
1.7905718	1.6513112
1.6512195	1.6460687
1.9667283	1.1816458
2.657661	1.3522792
2.1279316	1.1689262
1.7132701	1.4100701
1.5524166	1.352248
1.5324477	1.2752949
1.7390763	1.142867
1.7831848	1.1419256
1.6588349	1.1786255
1.489077	1.3403118
1.4786944	1.4481885
1.6019884	1.410075
1.6794114	1.4469239
1.7827693	1.4495132
1.6949359	1.5985698
1.6501788	1.682526
1.8079685	1.6210555
1.8022196	1.6501162
1.6440288	1.793209
1.6602234	1.7844771
1.6854776	1.7753462
1.6562864	1.7929486
1.8638529	1.6904607
1.8227967	1.69782
1.9111902	1.6734316
1.9674845	1.6643347
2.0981424	1.650617
2.059152	1.6519641
1.9130515	1.666956
2.1630907	1.6331798
2.2205267	1.6254916
2.4478996	1.6382028
2.3565807	1.594029
1.4669838	1.8690372
1.5097601	1.7802947
2.0592098	1.4240999
2.5588963	1.2899239
2.6507943	1.1123958
2.4672713	0.8884791
1.495174	0.8726575
1.7082993	1.4209222
1.7500339	1.4705279
1.8549473	1.5233259
1.8818219	1.5302454
1.8992829	1.5363576
1.9158878	1.541901
1.9199711	1.5431957
1.923548	1.5442253
1.9246565	1.5442704
1.9262747	1.5446888
1.926607	1.544743
1.9259778	1.5443827
1.9245585	1.5441211
1.9249421	1.5440083
1.9225017	1.5438654
1.9196913	1.5435468
1.9121141	1.541561
1.9007275	1.5385485
1.8870304	1.5356076
1.8677665	1.5318041
1.8371179	1.525523
1.778888	1.5186068
1.6789385	1.504239
1.5755961	1.6706696
1.7018143	1.8954105
1.7848071	1.8411183
1.7476913	1.9581286
1.6572686	1.9377881
