1.0294493	1.0024482
0.99391145	0.99927056
0.961985	0.99846965
0.96280974	0.9730477
0.9810162	0.9691628
0.9829932	0.9712732
0.98986274	0.9802705
1.0113951	0.98978776
1.0246049	0.99331516
1.0186032	0.9959892
1.0768167	1.0092745
1.1282732	1.0145377
1.0857935	1.0085101
1.1048669	1.011372
1.1737641	1.0196803
1.2100425	1.0231237
1.1064517	1.0134251
1.1070377	1.0163049
1.1050727	1.1379235
1.0128354	1.8390158
1.1318572	1.9096602
1.2680881	2.011331
1.2581142	2.01285
1.1115068	2.0105312
1.0856048	2.006738
1.0260447	1.9975549
1.1205145	2.0115626
1.2339429	2.0075793
1.3633277	2.0077574
1.5543646	2.0019696
1.3422023	2.0051703
1.4016799	2.003653
1.3893124	2.0054169
1.4245967	2.0064862
1.3160192	2.0121377
1.0416086	2.0184603
0.97014755	2.0067217
0.9586902	2.0039885
0.95871234	2.0054393
0.95660585	2.0024993
0.9657123	2.0063415
0.99487454	2.0122976
1.0335137	2.0155807
1.0292048	2.0153222
1.0280898	2.0152636
1.0875859	2.0167594
1.1049868	2.0164921
1.0978975	2.017142
1.1368258	2.0177302
1.2588601	2.0153236
1.3985206	2.0060792
1.2047167	2.013181
1.1281167	2.0160298
1.4621509	2.0067654
1.6712621	2.004741
1.7346666	2.0012698
1.8971692	1.9617307
2.2045527	1.8950491
2.3051817	1.8339069
2.4069116	1.002339
2.5527833	1.0433227
2.7866697	1.6378534
3.0412009	1.110952
3.0688522	1.0187956
3.185135	1.0738835
3.0619352	1.0036707
3.0097387	1.0370314
3.0495822	1.0577494
3.1428087	1.0424366
3.1019897	0.99875367
3.0498304	0.9698952
2.993771	0.97141033
3.0213952	0.9759216
2.9758997	0.9786765
2.8549824	0.98571444
2.8646364	0.9866545
2.8195398	0.9888884
2.8144968	0.990116
2.893255	0.9865194
2.9466708	0.9860893
2.709218	1.0051804
2.6698983	1.0624171
2.8008034	1.5847576
2.4573007	1.8429921
2.3443277	1.9938176
2.1595838	1.9651006
2.0871937	1.98956
2.2302353	2.0092225
2.1896417	2.0041418
2.045906	2.0100594
1.9662485	2.0091105
1.9436196	2.000266
1.8741865	2.0004601
1.8520061	2.0018153
1.8636192	1.9993119
1.9787118	1.9955134
2.1547012	1.9962149
2.2052398	1.9951668
1.9601187	1.9944581
1.9705377	1.9950199
2.1041584	1.9936416
1.870917	1.9955274
1.8621078	1.9957062
1.8246568	1.9970378
1.9196377	1.995489
1.8584375	1.9963399
1.5302416	2.0030215
1.2556916	2.006358
1.1458826	2.0053842
1.0609797	2.010058
0.99941194	2.0091145
0.97770846	2.0145054
0.9540958	2.006501
0.94060296	1.9865106
0.9394999	1.9839599
0.94112253	1.9818846
0.93279505	1.9660317
0.9312188	1.968113
0.96179825	1.9993784
1.0120256	2.0111785
1.0156335	2.010337
1.0224421	2.0106657
1.0445902	2.0127218
1.0866425	2.015152
1.1039927	2.0161862
1.0681143	2.016035
1.0379883	2.014769
1.0404142	2.014424
1.0918378	2.0157044
1.2288612	2.0139713
1.3656	2.0101097
1.527946	2.0051339
1.7158723	2.0027258
1.8622502	2.0035403
2.0262744	2.0065339
2.2672222	2.012129
2.280837	2.0044312
2.315327	1.998076
2.595589	2.0026417
2.7461967	1.999365
2.8238692	1.9975336
3.013848	1.9945235
3.0350347	1.9960933
3.03909	2.0055342
3.0333107	2.01434
3.0300863	2.027381
3.0281565	2.026349
3.0153723	2.0105145
3.008904	2.0056078
3.0015147	2.004503
2.984623	2.001526
2.9531336	1.9967694
2.9517117	2.0007193
2.9237952	1.9988334
2.949835	2.0006049
2.9615648	2.0000036
2.9325242	1.9937553
2.8707342	1.9976568
2.602599	1.9864264
2.419549	1.9857
2.332687	1.9869401
2.046981	1.9997298
1.9339026	2.008202
1.871693	2.0114317
1.8232613	2.011136
1.7593948	2.004945
1.6535773	2.0003996
1.5029347	1.9924346
1.2982993	1.9903166
1.1156011	1.9986407
1.0185667	2.002387
0.97447765	1.9967152
0.9550451	1.991453
0.94269156	1.9811765
0.9303208	1.9555559
0.9230005	1.9289992
0.93033034	1.963935
0.95451057	1.9941547
0.9903871	2.0065408
1.0048227	2.0082526
1.0022072	2.007859
1.0251323	2.0106723
1.048949	2.0128229
1.0145352	2.0107915
1.0279505	2.0119953
1.0968523	2.0147796
1.0996467	2.0158026
1.2082908	2.0147707
1.50141	2.00521
1.7415037	2.003351
1.7945232	2.002888
1.8916131	2.0027945
1.9254713	2.0016634
2.0051785	1.9984782
2.1845794	2.0002682
2.144083	1.9949988
2.093599	1.9920807
1.9788694	1.9915061
1.8373208	1.993453
1.7433507	1.9958704
1.7913657	1.9954917
1.8693123	1.9932365
1.7294647	1.9961599
1.69316	1.9976149
1.7386645	1.9966623
1.7511461	1.9967602
1.6624507	1.997409
2.4341867	1.9921371
2.4654453	1.7824329
1.169669	2.0189836
1.0440325	2.0066216
1.5261908	1.0616982
1.819868	1.0307908
1.8460311	1.0274892
2.2635226	1.0103438
2.242301	1.0101538
2.255483	1.0032887
2.2146919	0.9993281
2.2071292	0.9988021
2.1925743	1.022141
1.8633083	1.0070736
2.0057297	0.9858516
1.8513392	0.99358684
1.6760758	1.0104781
1.7127922	1.017661
1.9365193	0.996955
2.0486305	0.98514134
2.1233861	0.9821307
2.1857688	0.97627205
2.181244	0.9784598
2.3403845	0.9628771
2.1762908	0.9870464
1.81227	1.0191927
1.732737	1.0225558
1.3546889	1.0069956
1.1750218	0.99407804
1.0893941	0.99070805
0.98441494	0.98306847
0.9671393	0.97935355
0.94237834	0.975454
0.9704047	0.97279125
0.9982054	0.9745425
0.9906262	0.973794
1.010485	0.983698
1.0882668	1.0054042
1.125876	1.0143392
1.1731843	1.0239472
1.1811687	1.0208827
1.1196526	1.0102364
1.1015401	1.0064348
1.1303942	1.0093995
1.1444582	1.0138842
1.1266943	1.0219216
1.0667275	1.0848864
0.9875488	1.2318343
0.94852716	1.9788598
0.97046816	1.9805475
0.9134606	1.9688814
0.87631154	1.9534329
0.8889846	1.9561036
0.8981464	1.9648846
0.898825	1.9617019
0.934475	1.9790026
0.99423176	2.0023816
1.209586	2.0086942
1.3112211	2.0071466
1.2738895	2.0076716
1.1230681	2.014777
1.0408916	2.0120606
1.1089687	2.0152845
1.1758194	2.015533
1.0592542	2.0158398
1.0630239	2.0163586
1.147423	2.0180342
1.2380824	2.015974
1.3389083	2.0122497
1.2931002	2.0122147
1.4408296	2.0065842
1.6962057	2.002443
1.7293361	2.0011227
1.8941228	2.0008948
1.9384096	1.9995396
1.9712273	1.9979739
1.9927433	1.9968345
2.0178666	1.9953827
2.1277878	1.9974912
1.8949529	1.994212
1.8820286	1.9931239
2.0421085	1.9944239
1.9192938	1.9953518
1.7594197	1.9963703
1.8674215	1.9942675
1.9644656	1.9958737
1.8413587	1.9970628
1.8068916	1.9962033
1.4661233	2.0055318
1.335508	2.0111043
1.3521304	2.0102103
1.1205249	2.0205169
1.0167518	2.0182254
0.9783522	2.0143766
0.96154875	2.0053954
0.94972026	1.9909748
0.92842776	1.9606051
0.93449235	1.9649609
0.9295661	1.9390981
0.9269756	1.9373759
0.9316549	1.9521723
0.9328057	1.9494426
0.930875	1.9464347
0.95899034	1.9882525
1.0428925	2.0069578
1.0655438	2.0084357
1.0249743	2.0065355
1.02927	2.007619
1.0494534	2.0095034
1.0810137	2.0129836
1.1793253	2.013233
1.3300929	2.0093734
1.3900307	2.007093
1.5970777	2.0031676
1.7679558	2.0035834
1.8648318	2.0034328
1.897969	2.0018654
1.891465	1.9989935
1.9380041	1.9976214
1.9535896	1.9956012
1.9651816	1.9940711
2.037417	1.9949315
2.136201	1.9965137
2.071551	1.9933009
2.0628703	1.9936093
2.0482826	1.9937606
2.0537808	1.9934295
2.057794	1.9942374
2.0086062	1.9944029
2.0127	1.9934957
2.017798	1.9926306
2.078987	1.993756
1.9940478	1.994522
2.0683174	1.9939731
2.1361825	1.9989702
1.5901035	2.0055711
1.3390872	2.01495
1.2271212	1.994046
1.11718	1.7850184
1.0911357	1.685605
1.318343	1.1293753
1.1841717	1.0868618
1.0103126	1.0125114
1.1355927	1.0032643
1.140882	1.0213
1.0372418	1.0036864
0.96115005	0.9995709
0.97100824	0.9651364
0.98556805	0.9669519
1.0033232	0.98267776
1.0997491	1.0010387
1.2942612	1.0202157
1.3851166	1.0196915
1.2908958	1.0204285
1.2865102	1.0210867
1.315079	1.023057
1.2357229	1.0169767
1.1465573	1.0106493
1.2461259	1.0194353
1.2084804	1.0150785
1.3130273	1.0141577
1.6400102	1.00299
1.7938555	0.9909533
2.2161782	0.95527667
2.379455	0.94796824
2.4140124	0.9490162
2.4878428	0.94919705
2.5545104	0.94894034
2.6321309	0.9514457
2.6810753	0.9523108
2.7963662	0.98267096
2.9041054	1.0319645
2.9804125	1.0268385
3.0291839	1.0209851
3.0585985	1.0324129
3.0565484	1.0205086
3.0434678	1.0069059
3.0456824	1.0069072
3.0386858	1.0056294
3.005551	0.99979436
2.9990122	0.99877256
3.0209613	1.0022717
2.9701376	0.9934914
2.8548853	0.99733967
2.8616412	0.9976283
2.7583518	1.0040934
2.3979473	1.0147419
2.203451	1.0062003
2.219445	1.0018935
1.9321281	0.9970202
1.8889134	0.98249626
1.8819386	0.98450685
1.8144537	0.9790444
1.7655661	0.9533999
1.5489451	0.9601271
1.343375	0.99659777
1.1762671	1.0358821
1.3065624	1.0827303
1.7820897	1.0716337
1.9363142	1.0973514
2.0226972	1.0329126
2.0484624	1.0016369
2.1044564	0.99945885
1.9751117	1.0289087
2.1270752	1.0157641
1.9688936	1.0732275
1.7599056	1.4141725
2.0850716	2.0015645
2.1262681	2.0147922
1.9615079	2.0176733
2.2284262	2.0277505
2.2013922	2.012147
1.8152055	1.9950862
1.8777874	1.986754
1.9569896	1.9854022
2.1407392	1.9884696
2.193633	1.98835
2.1668673	1.9890265
2.069575	1.9889059
1.8846086	1.9927349
2.219734	1.9913735
2.7074764	1.999093
2.5155683	1.9938973
2.435767	1.9929608
2.1238291	1.9911208
1.6905195	1.994323
1.5687233	1.9959699
1.7076174	1.9951807
2.1719563	1.9915522
2.0786245	1.9932042
1.8189397	1.9950756
2.2169366	1.9929733
2.50695	1.9971249
2.7224958	1.9967287
2.6544294	1.9951578
2.8040354	1.9943328
2.9224079	1.9937701
2.9591527	1.9941123
3.00415	1.9963695
2.9727337	1.9976114
2.9739861	1.999782
3.0045888	2.003647
2.9937236	2.0035641
2.9536455	2.001767
2.9860287	2.0047648
2.9933112	2.0055828
2.9177763	2.0015945
2.8741722	1.9996752
2.8771439	2.000102
2.9492	2.0026913
2.9021852	2.0010045
2.699536	1.9927691
2.7610805	1.9952894
2.9220138	2.0018356
2.73125	1.9936063
2.4274774	1.9878753
2.3280702	1.9900551
2.224966	1.9934688
2.1561143	1.9958858
1.8842188	2.0085292
1.9186248	2.0051758
2.0728118	1.9973916
1.8308794	2.0032732
1.7467291	2.001578
1.7154055	2.0002468
1.8405912	1.9978384
1.6803287	1.9998574
1.8940088	1.994177
2.0022886	1.9924691
1.663499	1.9990488
1.7269409	1.9975151
1.9544284	1.9941349
1.9187574	1.995109
1.8266332	1.9964163
1.8968679	1.9947858
1.8829829	1.9958175
1.8309207	1.9988958
1.948769	1.9990238
1.9576184	1.9972386
2.0410476	1.998292
2.187693	1.9990733
2.394546	1.9781185
2.4960256	1.9646182
2.3928578	1.9166118
2.6714897	1.584539
2.9277496	1.0485207
3.0053227	1.111681
3.124701	0.9918911
3.0966797	0.97873044
3.0172644	0.9754796
3.032908	1.0041902
3.0419602	1.0441995
3.023579	1.0227525
2.988339	0.9642481
3.0178797	0.9661765
2.9987347	0.9661988
2.912569	0.97474444
2.8753793	0.9825953
2.8709004	0.9861305
2.8664987	0.9895055
2.8855753	0.9898112
2.8144958	0.997897
2.713059	1.007273
2.7749949	1.0027473
2.7900414	1.0017477
2.7207015	1.0075003
2.7033722	1.0085849
2.4810796	1.0169253
2.3003986	1.0101682
2.0403266	0.9757619
1.9636674	0.96414316
1.9308174	0.9611394
1.8799179	0.96031785
1.848519	0.95659655
1.7913392	0.95756364
1.7108833	0.962804
1.5588496	0.9644862
1.3411791	1.0367098
1.0942038	1.0200353
0.98045784	0.98216903
0.947666	0.9782156
0.9180952	0.9840587
0.9217052	0.9758727
0.9364799	0.9720029
0.9507451	0.9723517
0.9701885	0.9743718
0.9877655	0.9776976
1.0187491	0.9882256
1.0506542	1.0006171
1.1130213	1.0190972
1.127826	1.0236872
1.1190653	1.0170912
1.1189777	1.0166976
1.077158	1.0072893
1.0918791	1.0090903
1.2302539	1.0255215
1.3257096	1.0306485
1.5304747	1.0362031
1.8702266	1.0333617
1.9929202	1.0127127
2.1361775	1.0119087
2.292786	1.0349156
2.3373754	1.0346398
2.4415686	0.9903471
2.5841558	0.98348457
2.6153681	0.97701085
2.7142005	0.9690405
2.8297684	0.9977142
2.9289896	1.0350653
3.0284314	1.0428119
3.063449	1.0303903
3.0657914	1.0195817
3.076107	1.0273942
3.0592976	1.0099671
3.0114427	0.99041885
2.965263	0.9900144
2.9793563	0.9902121
2.9641883	0.99078256
2.8462338	0.9974973
2.8045251	1.0008461
2.8843668	0.99493057
2.8338802	0.999416
2.874395	0.9969892
2.869117	0.9990825
2.914095	0.99904317
3.0125003	1.0218987
3.0553496	1.0598347
3.030912	1.7495955
2.9627805	1.832524
2.9978783	1.8391296
3.0302668	2.019919
3.0109122	2.0182781
3.0085733	2.0150988
2.9831471	2.0252264
2.9399161	2.0150325
2.9334793	2.0124414
2.9045281	2.0050833
2.9813702	2.009823
2.9759774	2.0068884
2.8127885	1.9936742
2.8864052	1.9989842
2.9437861	2.002663
2.8610237	1.9952338
2.9252205	2.0000706
2.967059	2.0024312
2.7900097	1.9936233
2.7543905	1.9920547
2.9236546	2.0002022
2.858191	1.9975568
2.8326116	1.9968132
2.882012	1.998968
2.8363056	1.9932792
2.4038248	1.9885671
2.027496	2.0027316
2.043392	1.989625
1.8979487	1.9395168
1.7177633	1.699494
1.6787051	1.2375162
1.5587649	1.5604283
1.4654045	1.0873673
1.5603323	0.9604847
1.4989934	0.9654482
1.1305175	0.98145217
1.0687938	0.99379086
1.0323597	1.0067763
1.011005	0.990344
1.0116056	0.9753689
1.0012466	0.9715331
1.0051537	0.9736923
0.99488634	0.9755742
1.001459	0.97906256
1.0060503	0.97498345
1.0051775	0.97288364
1.061344	0.9830883
1.128311	0.9913689
1.199081	0.99883497
1.1912234	0.9994649
1.1785567	0.9984244
1.2710187	1.0041136
1.2673053	1.0042912
1.174502	0.9987738
1.2595855	1.0037501
1.6907052	0.9941872
1.8115816	0.98702115
1.9702427	0.9754394
2.0642557	0.96751803
2.1236157	0.9661822
2.1956728	0.9603233
2.135938	0.96529764
2.2204115	0.95966166
2.3123157	0.954753
2.3832655	0.949141
2.3596826	0.9437589
2.2801166	0.9530914
2.4458592	0.94344634
2.4858623	0.9344706
2.3944173	0.9484224
2.3031187	0.9702097
2.1980407	0.9861752
2.0071006	1.0067368
2.067349	1.0036428
2.0611742	1.002133
1.7774907	1.0207541
1.7112123	1.0249892
1.7148759	1.0348635
1.4120625	1.0737039
1.2768493	1.1394819
1.162186	1.16333
1.1222473	1.1657505
1.0738157	2.0220244
1.0924857	2.02185
1.1176171	2.0233116
1.0235935	1.9995031
0.9600095	1.9827149
0.92964464	1.9871303
0.95328325	1.9825629
0.9834998	1.9911983
1.0417819	2.0035532
1.1085347	2.0108922
1.108974	2.0116446
1.0360161	2.0089052
0.99838287	2.0065885
0.95910794	1.9949219
0.9536062	1.9923368
0.9421097	1.9816055
0.97791934	2.0007524
1.037999	2.0128646
1.0465887	2.0130987
1.0597318	2.0140119
1.1107546	2.0150034
1.171675	2.011308
1.1907116	2.004315
1.1822886	2.01232
1.3416514	2.005441
1.4394789	1.9938354
1.630417	1.9561361
1.7587923	1.9904407
1.8119922	1.9952103
1.9532915	1.8864465
2.282305	1.2357072
2.4306312	1.1791819
2.4903622	1.0503854
2.755922	1.210229
2.9159508	1.0124232
2.9700391	1.0196368
3.0499196	1.0202748
3.0462933	1.0013434
3.052957	1.0488756
3.080779	1.0229442
3.0890422	0.9941647
3.055365	0.99176466
3.0054913	0.98226035
2.9871361	0.9858647
2.9701114	0.9865751
2.959484	0.98941374
2.9049692	0.99310404
2.890876	0.99468505
2.9601104	0.9921573
2.923044	0.9929542
2.9007428	0.9946561
2.8214002	1.0020652
2.5940406	1.0158331
2.4783258	1.018376
2.3911352	1.052421
2.1396484	1.0155718
2.037361	1.183149
1.9353971	1.8076246
1.9350686	2.0200417
1.9252589	2.0205545
1.9420989	2.00582
1.8518436	1.9815475
1.7176683	1.9794886
1.4591694	1.9886155
1.1456069	1.9637626
0.9601639	1.9405993
0.93836963	1.956301
0.94444263	1.9769582
0.94065857	1.9730569
0.9426496	1.9761342
0.958996	1.9889071
0.9550626	1.9849869
0.93566006	1.9659057
0.92570204	1.9424374
0.9317737	1.9583032
0.9737916	1.9922218
0.9879833	1.9969211
0.98136467	1.9947723
1.0073065	2.000988
1.019517	2.003377
1.027222	2.004664
1.0674664	2.0078893
1.0315804	1.9997921
1.0520539	1.996676
1.1739552	2.002356
1.2857251	1.9986929
1.539944	1.9962679
1.5635394	1.9981416
1.5167397	1.994857
1.6078595	1.8432908
1.8481128	1.5657005
2.1022406	1.228219
2.1362245	1.3436391
2.2187982	1.4973545
2.4972906	1.3042883
2.6477466	1.0111942
2.711718	0.9934021
2.85528	1.0058671
2.9857721	1.0184854
3.0143833	1.0014578
3.0188675	0.9863101
3.0564086	1.0060678
3.0924976	0.98965985
3.0725226	0.98507667
3.0633733	0.99076974
3.0543203	0.9941724
3.026877	0.9890151
2.9961662	0.991012
2.9954433	0.99264634
3.0020447	0.99219865
2.999038	0.9907857
2.9639447	0.9914219
2.9239771	0.99280304
2.8607256	0.9984724
2.946752	0.9943093
2.970259	0.992879
2.8998654	0.9961196
2.7805462	1.0052763
2.5771997	1.0161232
2.3643835	1.0136101
2.165626	0.9952029
2.0080822	0.9700174
1.8841703	0.96852595
1.8561263	1.0035583
1.8345193	0.9671838
1.7783414	1.048192
1.6673659	1.0207711
1.4815961	1.0842372
1.091906	1.3964523
0.9417808	1.034639
0.93255305	0.9879627
0.921105	0.9852483
0.93230885	0.9728319
0.9466668	0.97492963
0.9599818	0.97433704
0.9742538	0.9782081
1.0057384	0.99877685
1.0339391	1.0072203
1.0884854	1.0371634
1.1122695	1.0451297
1.0765359	1.0194432
1.1287632	1.028516
1.1025645	1.021871
1.0914598	1.0247165
1.1022222	1.0543339
1.1284595	1.0960655
1.0863144	1.6563985
1.115728	1.6070453
1.0965028	1.8377513
1.2125952	1.9763036
1.4331772	2.0071936
1.6069055	2.013924
1.6828723	2.0188181
1.7277744	2.0219893
1.9011489	2.0316865
1.835665	2.0302455
1.8788197	2.010977
2.1003659	2.0059059
2.1288583	1.9987298
2.1177466	1.9941676
2.18185	1.9920484
2.2387757	1.9919757
2.3277743	1.9936136
2.26514	1.9943838
2.1176617	1.9937335
2.1423788	1.9964254
1.9829324	1.9961779
1.8182682	1.995247
1.9484906	1.9944248
2.0641053	1.9893315
2.157442	1.988688
2.3868644	1.9922229
2.4289055	1.9975476
2.684239	1.9970807
2.864824	1.9876093
2.885425	1.9963309
2.9615912	1.9958316
3.0097775	1.988447
2.9895678	2.0011425
3.0266006	2.0317044
3.028613	2.0248878
3.0033991	2.0105119
3.0043578	2.0057528
2.98749	2.001683
3.005732	2.0030277
3.003657	1.9958848
2.9974053	1.9963486
2.991165	1.9977489
2.9955695	1.9923075
2.968655	2.0009089
2.9263246	1.9975367
2.9581208	1.9906336
2.9969947	1.9991081
3.0116973	1.9978355
2.9311204	1.9851518
2.8926108	1.980903
2.958699	1.9857683
2.9362175	1.9399045
2.3737571	1.9803444
2.0717034	1.9966688
2.0961611	1.9976538
1.9338943	2.007065
1.890901	2.007926
1.8304828	2.0123613
1.7665633	2.0121477
1.6893294	2.0070572
1.5469742	2.0013618
1.3534312	1.997278
1.1735548	1.9982352
1.0422108	2.0042393
1.0052022	2.0150974
0.95530117	2.0023475
0.9417428	1.9856652
0.95024383	2.002142
0.95273876	1.9998754
0.9483861	1.9921081
0.94610935	1.9924912
0.9874569	2.0101953
1.0081664	2.0126355
1.0170186	2.0133202
1.0332801	2.013684
1.0619261	2.0158377
1.0513895	2.0156355
1.061219	2.0154715
1.0874511	2.0156002
1.0720546	2.0155551
1.095796	2.0157878
1.1183054	2.0162644
1.1543311	2.0168786
1.1793835	2.0162427
1.2280185	2.015355
1.294375	2.014339
1.2941396	2.013984
1.3082829	2.0130064
1.1118265	1.9700407
0.9353753	1.6760677
0.99864763	1.0947613
1.0719978	1.0227255
0.9919887	1.0128009
1.0556846	1.0181904
1.0637592	1.0222261
1.135697	1.0299429
1.2007961	1.0413127
1.0731885	1.0117748
1.1228771	1.0272728
1.17675	1.0361317
1.245494	1.0323333
1.28359	1.0430298
1.1551173	1.0234711
1.1463332	1.0264177
1.0962515	1.0147965
1.0696597	1.0024217
1.1222657	1.0121373
1.1053363	1.0059247
1.1130883	1.004696
1.0655807	0.99549204
1.128812	1.0066292
1.3347214	1.0179724
1.1875535	1.0121397
1.2243103	1.0184174
1.2064987	1.0198655
1.146678	1.0536315
1.3152173	1.1061924
1.4111655	1.0773444
1.3790414	1.2621815
1.4519913	1.7689711
1.6222513	1.9871966
1.6729758	1.9963496
1.551499	2.0193207
1.8967642	2.015821
2.064854	2.0307307
2.1074376	2.0484583
2.091073	2.0432658
2.057205	2.0068114
2.2896779	1.9968612
2.319059	1.9923273
2.376094	1.9919361
2.3209336	1.9954672
2.0614934	1.993394
2.1439774	1.9961687
2.1401737	1.9972857
2.167376	1.9972055
2.085818	1.9976772
2.0756664	1.9977689
2.1104984	1.997782
2.1139758	1.9978986
2.0540593	1.9965332
1.9320272	1.9890938
1.8870709	1.9719733
1.8044281	1.9477605
1.7698219	1.9663247
1.9041255	1.4256715
2.0448823	1.0188028
2.0156069	1.0605314
1.9444544	1.0229621
2.2144208	1.0060765
2.259973	1.0032129
1.953169	0.9907521
2.0840504	0.99694204
2.1720555	1.0191859
2.1647582	1.009172
2.1853123	0.95998013
2.0842814	0.9794616
2.1772232	0.9718408
2.374047	0.9542096
2.1747763	0.985993
1.8574144	1.0122004
1.9333072	1.0088123
2.1466827	0.98943746
2.3342245	0.9701648
2.3850634	0.96939474
2.0871391	0.9985904
1.8609821	1.0087855
1.9108434	1.0207939
1.8566931	1.020188
2.1649928	0.9988856
2.5676672	0.9668342
2.7577405	1.0060182
2.98479	1.4016641
2.9331474	1.8803136
2.922282	2.012807
2.9112256	2.0361047
2.8985438	2.0397737
3.0480366	2.0067048
3.058182	2.0202453
3.038972	2.0423234
3.0322177	2.0396023
3.0277238	2.0299964
3.0246246	2.0246267
3.0196702	2.0192502
3.0134008	2.012125
2.9748285	1.9965982
2.9703615	2.0026567
3.0076077	1.9888619
2.993907	1.9871886
2.9705508	1.9752026
2.9473984	1.990806
2.962674	1.9877359
2.9443903	1.9904169
2.9705539	1.9952915
2.9755006	1.9945112
2.8945372	1.989692
2.8482857	1.9894191
2.7473645	1.9784836
2.4477072	1.9465826
2.3906846	1.9397858
2.2277973	1.9604969
1.9002886	1.9129148
1.9411365	1.6948044
2.2731087	1.1127259
1.9414756	1.3306935
1.8523246	1.3895224
2.0597854	0.9817907
1.9621682	0.976641
2.261765	0.9621805
2.4474902	0.9451758
1.9457307	0.98287106
1.9334216	0.980901
1.7051412	1.0104854
1.7186207	1.0093498
1.6267229	1.0075793
1.5662531	1.0064204
1.8455746	1.0099394
2.0207713	0.9889188
1.950831	0.9947836
1.9698786	0.99872655
2.056958	0.9909764
2.09476	0.9868917
1.9834663	0.9960674
2.0264845	0.9955051
2.1147823	0.9879884
2.0171034	1.0011793
2.1438646	0.99042404
2.2801728	0.97053146
2.4437113	0.96166706
2.5477872	0.9886206
2.5653195	1.0020403
2.7863197	1.3337059
2.8850343	1.9445566
2.9909372	1.962856
3.0681424	1.9515781
3.064036	1.9900513
3.0221999	1.9960715
2.9891174	2.0305212
3.0155368	2.0276425
3.0276966	2.027
3.0206234	2.0189776
3.0198936	2.0145347
3.012254	2.0131328
3.0054295	2.0100687
3.0145717	2.0123093
3.006537	2.0085108
2.9716117	2.0051641
2.9325476	2.0019631
2.942274	2.0020106
2.9281945	2.001348
2.9689648	2.0030217
2.8769183	1.9976785
2.8364382	1.9959736
2.8966687	1.999455
2.5855193	1.9868189
2.2178915	1.9892572
2.246576	1.9877168
2.218871	1.9904755
1.9536703	2.0043328
1.9104974	2.0064669
1.921926	2.0021665
1.8326741	2.0021183
1.794161	1.9992719
1.6890689	1.9958559
1.5831746	1.9931175
1.417944	1.9922695
1.2808018	1.9987689
1.1270652	2.0024376
1.0514086	2.001687
0.9930719	2.004311
0.9684111	2.0004175
0.95271504	1.9918633
0.9438374	1.9843354
0.93854356	1.9766755
0.9310592	1.9580942
0.9264926	1.9526793
0.9412052	1.9847801
0.97058845	2.0012393
0.99449027	2.0065136
1.0234821	2.0108478
1.0310482	2.0117278
1.0304643	2.0115237
1.02317	2.0114784
1.0780201	2.0154164
1.190777	2.016301
1.2854713	2.0136092
1.2303877	2.014501
1.1747817	2.0151267
1.3163317	2.012904
1.5485263	2.000619
1.5945479	1.9379442
1.5901849	1.4176284
1.562043	1.4177223
1.6315333	1.0768666
1.8733858	1.0390086
2.1070464	1.024877
2.3904483	1.0118145
2.5421286	1.0046204
2.8274379	1.0172377
2.9560435	1.0300545
2.9849982	1.0306305
2.9942055	1.0101795
3.0669644	0.98425245
3.0756798	0.9928342
3.0678039	0.9975421
3.0380964	0.99287254
2.9633715	0.9852079
2.9496646	0.9865721
2.930954	0.988797
2.8972492	0.9921973
2.8425553	0.9974658
2.7506218	1.0060356
2.8519258	0.9984192
2.9408767	0.99267447
2.7390163	1.007022
2.7423463	1.007864
2.9513009	0.9966308
2.9099104	1.0145444
2.8025193	1.3537152
2.6819139	1.4634342
2.7802505	1.2464101
2.9429655	1.9616853
2.9622447	2.0480702
2.9802868	2.0296628
2.976831	2.0079868
2.9566035	2.0068498
3.0204906	2.025718
3.0028734	2.0195997
2.924595	2.0020885
2.9306133	2.003768
2.8700995	1.9973639
2.801448	1.9907445
2.959592	2.0004747
3.0014143	1.9659036
2.9659162	1.99562
2.934523	2.0021183
2.8656175	1.9973297
2.8017855	1.9940456
2.9129937	2.0006623
2.88984	1.999601
2.706966	1.9909692
2.4552593	1.9845064
2.3377397	1.9852232
2.2419608	1.9896913
2.1482828	1.993911
2.118893	1.9959078
1.9817185	2.001051
1.9174943	2.0033956
1.8903975	2.0024307
1.8694259	2.0004268
1.7690774	1.9981136
1.7332163	1.9962527
1.6697288	1.9949104
1.5937675	1.995243
1.7002467	1.9957334
1.5585828	1.9999627
1.5997529	1.9997728
1.7614106	1.995498
1.9283509	1.9927157
1.8560897	1.9940528
1.5645392	2.0023885
1.7327099	1.9995997
1.7227595	2.0016706
1.5986949	2.0000515
1.1074307	1.8684076
0.9665885	1.97241
0.88709664	1.74122
0.9676997	1.017454
1.146111	1.0107456
1.2204294	1.004198
1.0623225	1.0013803
0.96149886	1.0005547
0.9891319	0.9675182
1.0315226	0.9818892
1.0404153	0.9904761
1.0790502	0.99133
1.1714588	1.0000607
1.2035261	1.0014385
1.2854124	1.0053887
1.4204053	1.0042341
1.4645303	1.0024211
1.4112372	1.005917
1.3043891	1.0082119
1.375919	1.0074266
1.3481792	1.007961
1.3329706	1.0089781
1.4128823	1.0169127
1.4709972	1.029518
1.6661088	1.033279
1.8645003	1.0550979
1.91586	1.5122726
1.994309	1.8926
