1.298538	1.3839815
1.1842079	1.7281452
1.3352801	1.771048
1.3905692	1.946626
1.3757616	2.0294049
1.2495694	2.0628812
1.1860976	2.07466
1.0637196	2.1042464
1.0648001	2.0547314
1.3249985	1.9917846
1.6052239	2.0198534
1.8665906	2.0459733
1.6311837	2.1024876
1.6437626	2.099513
1.5547528	2.082618
1.5172402	2.0067997
1.4066736	2.01115
1.1420294	2.1015337
0.95371735	2.146374
0.88642824	2.079923
0.9143013	2.0384068
0.9247351	1.9904399
0.9937454	1.921247
1.0728635	1.9935788
1.1586435	2.0302432
1.1462419	1.9934616
1.1397665	1.9798774
1.2344568	2.0218112
1.2614939	2.0426946
1.2410659	2.0195148
1.2751753	1.9898223
1.391278	1.9233091
1.5571002	1.6906967
1.3859537	1.7515982
1.3100193	2.0068212
1.6223172	1.9823502
1.8082664	1.8572543
1.917565	1.67324
2.1960144	1.3737781
2.5957785	1.2491409
2.7182477	1.2053062
2.6996257	0.9393609
2.788257	0.9945088
3.043389	1.2746292
3.2321892	1.1153752
3.237794	1.0681595
3.4255433	1.1661944
3.2681453	0.9776043
2.9922512	0.91873837
3.1533008	0.9956617
3.270357	1.2296793
3.1816351	1.10701
3.0731473	1.0880392
2.9586844	1.1000435
2.9846349	1.0837185
2.9019313	1.1151619
2.801643	1.1654261
2.791981	1.1685854
2.7617233	1.108008
2.7471216	1.1097307
2.7805438	1.1325262
2.8180902	1.143271
2.6589146	1.2503384
2.5899029	1.4968704
2.5842712	1.7834802
2.4843009	1.8326707
2.472563	1.9108386
2.3979053	1.875158
2.3520415	1.9364493
2.4395642	1.9948334
2.466237	1.9960842
2.3472855	2.0023477
2.1755967	2.0033941
2.0887506	2.0517693
1.8805814	2.0853221
1.8444722	2.083226
1.9599638	2.0801291
2.1036892	2.0702322
2.204193	1.9742848
2.2593896	1.984544
2.1279972	2.0505512
2.1324537	2.038105
2.2194426	2.0182855
2.0695255	2.0410955
2.0575879	2.0339117
2.0117052	2.0174973
2.069577	2.0054274
2.0098498	2.0019944
1.7861363	2.0556848
1.5090616	2.1108131
1.3080685	2.139792
1.119034	2.1413164
0.905213	2.102937
0.92423815	2.0435476
0.8335741	2.0347564
0.68528056	1.983426
0.69550455	1.9890102
0.69973654	2.001068
0.7153752	1.8494791
0.805129	1.7912
0.98422515	1.886072
1.1014577	1.9817883
1.1148205	2.0231578
1.1317687	2.0475616
1.1721773	2.0551746
1.216869	2.0380287
1.2322344	2.0264757
1.1833155	1.9986658
1.139062	1.978694
1.1467471	1.9997985
1.2256452	2.0302458
1.3608745	2.0240417
1.4749036	2.019364
1.6324092	2.0359662
1.831578	2.0550873
2.0012872	2.0645149
2.1713283	2.0537796
2.407297	2.0099955
2.3257573	1.9758168
2.3140368	1.974949
2.5804982	1.950653
2.691694	1.9344755
2.7712646	1.958521
3.0991595	1.9675711
3.1908684	2.0223017
3.263773	1.9856092
3.2119014	2.0492458
3.1413507	2.0447884
3.1031518	1.9805788
2.8982055	1.9174647
2.8647685	1.8696924
2.837121	1.8877603
2.7952745	1.8902504
2.7458923	1.8718609
2.7516398	1.9182394
2.7130413	1.9115125
2.753436	1.9184198
2.76364	1.8994353
2.7285473	1.8568032
2.6694334	1.9371773
2.4885392	1.9397199
2.3657901	1.9299052
2.3125572	1.9830478
2.043589	2.0027318
1.7705134	2.0172722
1.5278378	2.0470514
1.4117076	2.0648415
1.487595	2.1007543
1.4109452	2.1205702
1.326321	2.1513207
1.1879535	2.1653712
0.9950215	2.160573
0.8427483	2.1651647
0.627919	2.1793354
0.51887435	2.1791396
0.5483225	2.0879536
0.6224267	1.8637359
0.68869483	1.6915525
0.76987666	1.8020294
0.9144646	1.9274467
1.0311655	2.0037293
1.0697327	2.0322611
1.0613087	2.0355828
1.1207736	2.0575933
1.1535143	2.0543916
1.0861366	2.038459
1.1228806	2.058532
1.2149843	2.0623047
1.2103666	2.04781
1.3201573	2.044236
1.5827885	2.075855
1.8425081	2.0914755
1.886143	2.0838418
1.9670678	2.0815716
1.9696709	2.0753627
1.9778659	2.0486038
2.148664	2.0244412
2.0857804	2.0113878
2.040763	2.0053945
1.9608761	2.0145934
1.8750931	2.0240498
1.8171751	2.0309794
1.8552666	2.018362
1.9169651	2.0187614
1.8291291	2.0319784
1.8103001	2.033633
1.8279458	2.019205
1.8354747	2.013911
1.7931633	2.0442734
2.4335947	1.4972259
2.4727914	1.1330948
1.3202455	1.892435
0.9815099	1.9344678
1.6305215	1.0100563
1.8067521	0.9570747
1.864647	0.9717254
2.2483995	0.9428229
2.2298796	0.9554764
2.1504018	0.9541826
2.12468	0.9324457
1.9919522	0.94757444
2.0294838	0.97269994
1.9377235	0.9083884
2.0401502	0.9078063
2.0403073	0.91507596
1.9640895	0.9184987
1.8623251	0.9653518
1.9793407	0.9543991
2.0044274	0.96816665
2.0316055	1.0115138
2.0565386	1.0263674
2.0851822	1.003095
2.1776533	1.02006
2.0673535	1.0557743
1.8792187	1.0843856
1.8274488	1.098099
1.5287527	1.0828422
1.0780213	1.3709129
1.0529232	1.1107911
0.8314659	1.0051913
0.80347675	0.91758496
0.82722867	0.9130708
0.94325686	0.9096238
1.1286594	0.94976896
1.0038403	0.961972
1.0780805	1.0003183
1.1866915	1.0823146
1.2682896	1.1148627
1.340635	1.1502016
1.3886617	1.1009656
1.3438941	1.0447055
1.3181664	1.0359379
1.3355389	1.0326093
1.3535821	1.0626028
1.309087	1.1661189
1.1950868	1.3389406
1.0670643	1.4288796
0.9589822	1.9712185
0.98175967	2.1130486
0.9014604	2.075184
0.75646335	1.9735931
0.7580816	1.9446082
0.811807	2.0925417
0.78440666	2.0891385
0.74839073	2.0603833
0.907321	2.0981462
1.233523	2.029714
1.553857	2.0713632
1.5341495	2.0698268
1.3250995	2.033509
1.225185	2.0738742
1.3021547	2.061742
1.3513621	2.0252178
1.2169328	2.0582576
1.2171252	2.0423946
1.2896819	1.9717548
1.3792546	1.9304231
1.4708709	1.9504579
1.455959	2.0293021
1.5852858	2.0418015
1.7981696	1.9979919
1.8218842	2.0190315
1.9956498	2.0064054
2.0208797	2.0311995
2.0129943	1.979026
1.9868015	1.9526026
2.0209475	1.9446609
2.1202557	1.8484439
1.8963184	1.9335318
1.9012612	1.9582133
2.0386915	1.9002748
1.9374961	1.8898016
1.8199134	1.9574242
1.9106046	1.9483649
1.9850491	1.8735393
1.8907269	1.8982337
1.8721248	1.9389621
1.6251296	2.0319574
1.5287187	2.0586183
1.5173172	2.058125
1.2583555	2.076957
1.0413995	2.0804331
0.930186	2.0370693
0.8248422	2.1039383
0.66933155	2.085101
0.6866571	1.8028054
0.64422023	1.8946917
0.63216233	1.7424694
0.71026105	1.6841846
0.71712375	1.7565315
0.66002816	1.774428
0.689507	1.733764
0.8510719	1.8619932
1.0129277	1.9873611
1.0742191	2.016272
1.0336547	2.0026758
1.0718052	2.0290835
1.1043701	2.0304341
1.1450596	2.0052211
1.264502	2.025294
1.4162223	2.0436387
1.5076103	2.073559
1.7274638	2.0909
1.8937062	2.0857098
1.9747298	2.0754793
1.9673153	2.060754
1.9061453	2.0515785
1.9330994	2.0430338
1.9211783	2.027388
1.9270161	2.0166903
1.9889381	1.9620485
2.0850759	1.9072853
2.0461118	1.9584141
2.0526185	1.9415016
2.0490205	1.9495714
2.0696132	1.9583085
2.0789852	1.9496981
2.0555623	1.9632109
2.0700705	1.9826589
2.0877025	1.9995091
2.1332693	1.9821961
2.0744245	1.985586
2.1391597	1.9881167
2.1741977	1.851982
1.781328	1.9638959
1.5461335	1.8247504
1.4895016	1.474126
1.4172791	1.1935073
1.3525575	1.1798707
1.4930564	1.0683646
1.35869	1.0712118
0.9674509	1.0380317
1.1942471	0.996408
1.3732176	0.9674915
1.1725295	0.96461964
0.90786177	1.036197
0.890474	1.0647213
0.9748267	1.0352691
1.1992494	0.99873924
1.415118	0.98834646
1.5768299	1.0035107
1.6139331	1.0020846
1.5409828	1.0111021
1.5235033	1.01795
1.5636575	1.0247399
1.4967202	0.99691206
1.4151053	1.0013846
1.4950476	1.0105889
1.4604853	1.0010779
1.5727218	0.966607
1.81342	0.95608044
1.9026778	0.9527254
2.3106763	1.0398753
2.5260015	1.104414
2.6350482	1.0034597
2.7004848	0.9918884
2.6467702	0.98914355
2.699754	1.0110373
2.7210763	1.0302104
2.9786842	1.1184305
3.1809945	1.2542286
3.0698545	1.1333587
3.0387452	1.0394545
3.1108809	1.0438855
2.9867144	1.0404571
2.884822	1.0047421
2.8845844	1.0120329
2.8654861	1.0591221
2.797719	1.1008271
2.7911422	1.1195753
2.829235	1.1513381
2.7628002	1.0618113
2.676541	1.0742284
2.6766098	1.1056232
2.6216533	1.0746181
2.4405847	1.2209506
2.3013794	1.3616294
2.335674	1.151223
1.8004241	1.3441156
1.5427188	1.2660657
1.5158333	1.1316478
1.1257937	1.1224986
1.2270081	0.96869236
1.2466438	1.0926138
1.3059986	1.1746726
1.3987868	1.1645985
1.531701	1.2496146
1.7883433	1.3042097
1.8292531	1.4047431
1.9498283	1.293413
2.0407753	1.1475112
2.056188	1.1977029
1.9482003	1.2503226
2.0286996	1.296774
1.8857272	1.3793553
1.6763613	1.5938371
1.7783072	1.934902
1.8395737	1.9940139
1.7636075	2.0371597
2.026782	2.0568767
1.9924314	2.079647
1.8901993	2.1185024
2.106943	2.0919902
2.144615	2.0854661
2.262885	2.0602844
2.3133385	2.0525317
2.2974968	2.055408
2.2349172	2.0608513
2.0967548	2.0626793
2.3089974	2.0381858
2.6604028	1.9472591
2.5181618	2.0229871
2.457118	2.0296156
2.2767503	2.0592623
1.9936966	2.1082375
1.8763667	2.1080925
1.9978112	2.0851996
2.2514079	2.0321226
2.1783035	2.0197146
2.0286465	2.0516486
2.2760372	2.0144823
2.4788957	1.9763029
2.6792967	2.000794
2.6285582	2.0206645
2.7787538	2.03961
2.9286036	2.0602233
2.9738364	2.0570812
3.0694253	2.0577862
2.9436705	2.0525162
2.8971474	2.0342402
2.9604425	2.0249693
2.8800874	2.0057259
2.767712	2.0084836
2.8196628	1.9992146
2.8303077	1.9783703
2.6804504	1.9682189
2.6356733	1.9733684
2.6277535	1.9531078
2.7188241	1.9387165
2.6503975	1.9409575
2.481838	1.93324
2.520554	1.9449264
2.6814456	1.9662108
2.5156798	1.9824299
2.3276806	1.965881
2.2502117	1.9723421
2.1603844	1.9717615
2.1055698	1.9897791
1.6363567	2.0434625
1.8104938	2.0303247
2.1222908	2.0323925
1.803912	2.0678458
1.729872	2.0899723
1.853019	2.0844917
2.0633512	2.052703
1.9360723	2.0622714
2.1086333	2.0570428
2.151427	2.037144
1.9196876	2.057176
1.9534357	2.0467095
2.0767047	2.011813
2.040065	2.0031824
1.9798213	2.0105572
2.0204592	2.006628
1.997599	1.9925158
1.9478962	1.9434558
2.0237346	1.8732657
2.0254898	1.9162215
2.0926354	1.8476366
2.2199242	1.709558
2.436372	1.4394957
2.5313458	1.3956175
2.4601178	1.3146263
2.6314344	1.1509091
2.7978802	1.0404878
2.8641539	1.1007217
3.1661592	1.0397499
3.1564283	0.9952819
2.8004732	0.95333546
2.9011168	0.985537
3.0670834	1.0084634
3.0166845	0.9768099
2.985956	1.0376234
2.9517136	1.0109632
2.8874586	0.9919176
2.775089	0.97178227
2.7072165	0.9499491
2.6807306	0.94626373
2.6484778	0.93537354
2.6511102	0.9375638
2.6088321	0.9640303
2.5588279	0.9842512
2.591142	1.0024779
2.5980923	1.0164175
2.5607913	1.0495305
2.5538733	1.0579776
2.4464803	1.063278
2.3487651	1.0570978
2.0947545	1.0554547
1.9188695	1.0126222
1.8218374	1.0433995
1.655708	1.1243736
1.6017725	1.0693754
1.4980447	1.1152724
1.4439178	1.1749038
1.2975475	1.179376
0.95692384	1.3461729
0.87331796	1.2609091
0.9086753	0.9814587
0.8633503	0.9579107
0.8539214	1.0152705
0.9199957	0.996294
0.9324746	0.9810632
0.9892572	0.9971875
1.0142504	1.0064917
1.0478293	1.010958
1.1110464	1.0323901
1.1629714	1.1042008
1.2184225	1.1854128
1.2685435	1.1926999
1.2872806	1.1450391
1.3146718	1.1266985
1.253677	1.0996647
1.291995	1.0856007
1.4321064	1.113004
1.527784	1.1280979
1.6971433	1.223882
1.9299803	1.3994812
2.1476693	1.3563366
2.377521	1.3696795
2.560556	1.4536902
2.6618829	1.4100738
2.8621676	1.3032824
3.0766878	1.3247167
2.8657558	1.3279308
2.8297675	1.3333373
3.0858502	1.3997507
3.1803334	1.1965095
3.2023227	1.0843109
3.0853894	1.0467985
3.0009205	1.0263965
3.0198505	1.0635233
2.9494834	0.99632466
2.8040895	0.9770307
2.7442763	1.0015641
2.7574406	0.9891822
2.7419026	0.9985349
2.6430345	0.9967906
2.6130035	0.97044843
2.663439	0.98794734
2.6289046	1.0008216
2.6631522	1.0389099
2.6588953	1.1202831
2.6905813	1.2076693
2.7495391	1.4489603
2.7644858	1.5953026
2.7265508	1.9527469
2.6906695	1.9417032
2.8225782	1.901619
2.9802117	2.0915895
3.022467	2.1023302
3.0612109	2.0546637
3.0444598	2.082605
3.0400863	2.078679
2.979005	2.0661986
2.897966	2.0393193
2.9191737	2.0412266
2.8639746	2.007661
2.7177107	2.0059872
2.7445853	2.0046358
2.7797186	2.0159378
2.7299387	2.0335364
2.7783537	2.0295177
2.8410807	2.0426254
2.64068	1.986148
2.6300051	1.9866081
2.7632446	2.0145197
2.6864166	1.990951
2.6582913	1.9732924
2.6977892	1.9845111
2.6072714	1.8388824
2.3405657	1.9128113
1.986115	1.9026991
1.9570965	1.7080338
1.7646195	1.436541
1.4560608	1.1016874
1.3161755	0.9704613
1.1208391	1.0774904
1.1818898	0.98396736
1.499391	0.95158595
1.5404735	0.95855063
1.2564737	0.95546055
1.1490246	0.93499416
0.98093134	1.0101087
1.0865747	0.971913
1.1598232	0.9675288
1.2207265	0.94328725
1.2864574	0.94671947
1.2213937	0.9512736
1.2032198	0.9585844
1.1140789	0.9717526
1.0422455	0.98049855
1.115962	0.9848547
1.1324393	0.989308
1.1398146	0.9894634
1.0939819	0.99354124
1.1054435	0.9918577
1.1754577	0.9962688
1.1815162	0.9957228
1.1154387	0.99398935
1.2037448	0.99152213
1.4947828	0.997985
1.60434	1.0247841
1.8163469	1.1166763
1.9970909	1.1358801
2.1971073	1.1600108
2.3533082	1.1099302
2.369867	0.96878964
2.4264321	0.9827498
2.4169178	1.0494345
2.4460294	0.9659298
2.3330379	0.8853197
2.1294234	0.9575507
2.2274232	1.0433702
2.34388	0.94141406
2.2314754	0.99971265
2.1425166	1.0732478
2.0968397	1.0563722
2.0105448	1.0428109
2.0346751	1.0650302
2.0331297	1.0463548
1.882513	1.0713056
1.8093749	1.1367909
1.751426	1.284208
1.4079951	1.6156374
1.2616469	1.6608506
1.1788881	1.568099
1.1774491	1.4853466
0.9915843	1.9321847
1.024123	2.0001867
1.2226096	1.972333
1.121131	2.0822866
1.0205778	2.110897
0.9145161	2.116579
0.8231014	2.0667636
1.0269127	2.0700533
1.2272964	2.059872
1.3194407	2.0163753
1.3296221	2.0448346
1.2786793	2.1272697
1.1394842	2.1067674
0.89678407	2.079036
0.8880763	1.998812
1.028621	1.669542
1.1014936	1.7616128
1.183953	1.9050136
1.1926767	1.9522063
1.2094733	1.9246603
1.2782446	1.8649341
1.3696344	1.7374371
1.4220083	1.6403112
1.3844147	1.7783341
1.5706095	1.6854409
1.7059329	1.5685343
1.985011	1.402664
2.059522	1.554445
2.1290715	1.599042
2.395012	1.27597
2.6775348	1.0437299
2.8084054	1.0402845
2.8268704	1.0146894
3.0049047	1.1271429
3.1922908	1.036018
3.2045846	0.9677358
3.308054	0.9734131
3.188869	1.0161463
3.2306137	1.0278224
3.0810034	0.9840634
3.048829	0.9897499
2.9315088	0.9640379
2.8106549	0.9557721
2.7592878	0.95135283
2.7230704	0.9416107
2.7205586	0.9629277
2.6730812	0.9730776
2.6623316	0.97742826
2.7255986	0.99109346
2.6805944	0.97341627
2.6674116	0.97798735
2.6275487	1.0538938
2.508573	1.123854
2.4386234	1.264024
2.3395913	1.5954919
2.2062578	1.432199
2.0583887	1.6047076
1.9888843	1.834128
1.8603202	1.9779973
1.7133957	2.0080779
1.75153	1.9683074
1.4598613	1.9409461
1.3164909	1.9511017
1.0880632	2.016556
0.81416845	1.9731404
0.7783565	1.8547994
0.6846581	1.9159515
0.7309667	1.9844722
0.757071	1.9318719
0.82707876	1.8946403
0.92270064	1.9538502
0.8971694	1.939444
0.8936081	1.7452902
0.8497395	1.6439016
0.90959287	1.6732645
1.0276401	1.787314
1.0345016	1.8176289
1.0292263	1.7872767
1.0735917	1.8094816
1.0835658	1.8374804
1.1011587	1.8400991
1.1674519	1.8179013
1.1512389	1.7171136
1.2143216	1.6588103
1.3278254	1.6704545
1.4648031	1.6327915
1.7139431	1.629756
1.7580718	1.6501893
1.7822033	1.6016301
2.0420058	1.2708454
2.2896526	1.14714
2.535457	1.0478443
2.5544097	1.0883592
2.6027176	1.1525381
2.8350601	1.1219635
2.9882305	0.99323636
2.9858623	0.95369965
3.0608604	0.94799644
3.2006645	0.9701129
3.0414593	1.0431812
3.0133638	1.0486104
3.128489	1.0219765
3.1067722	1.0161635
2.9959083	0.9824991
2.9464478	0.9563874
2.8809884	0.93495435
2.7960424	0.93412167
2.7576625	0.9655064
2.7684307	0.990649
2.7642536	0.96923244
2.7443926	0.9534661
2.7066088	0.96009225
2.6560438	0.9409192
2.6218393	0.95400757
2.6986706	0.9870585
2.7165883	0.97184443
2.6557138	0.97520304
2.585919	0.9785864
2.4850597	0.9606326
2.383474	0.985626
2.2449193	1.0590215
2.0287895	1.1470343
1.6193538	1.4155325
1.4707291	1.4891857
1.4374737	1.1934501
1.1829699	1.3807012
1.0439199	1.3281742
0.8815626	1.3456519
0.69370395	1.5631839
0.7630761	1.186486
0.8547499	1.0400655
0.9125065	1.0408529
0.9884373	1.0076419
1.1106354	1.0211781
1.1087831	1.0041926
1.1672335	1.0076923
1.3274457	1.0828296
1.3616357	1.1024916
1.4395308	1.1956611
1.443834	1.220272
1.4360595	1.1264893
1.5036179	1.1344166
1.467312	1.1188018
1.4523824	1.1450219
1.4252977	1.2405534
1.4506353	1.3059254
1.369114	1.5991038
1.4221675	1.5683115
1.4293125	1.6392934
1.4855283	1.7723467
1.6038156	1.8422754
1.6742482	1.9656585
1.7220244	1.9374511
1.6699114	1.9723557
1.7835026	1.985819
1.6596073	1.9524324
1.8677032	1.9050292
2.2688909	1.8108882
2.2488065	1.8813145
2.1990173	1.9734243
2.2350776	1.9681045
2.2685432	1.9272381
2.341932	1.8369749
2.2834003	1.8957889
2.1693392	1.9475015
2.1857843	1.8685033
2.0630171	1.7934729
1.9524428	1.7149132
2.0390446	1.7264254
2.137336	1.6391307
2.2175193	1.6187803
2.403684	1.6687703
2.4264858	1.7800312
2.641156	1.8164575
2.8330448	1.7535939
2.8091574	1.9141169
2.9015527	1.9802382
3.0043516	1.877153
2.9128942	2.0405486
3.1986055	1.9904246
3.109118	2.059219
2.8224928	2.0279474
2.8229673	1.8942083
2.7623935	1.8743452
2.835291	1.8565012
2.8419623	1.8157303
2.8235493	1.8369596
2.816507	1.8652037
2.84075	1.8317795
2.78824	1.9197782
2.7379336	1.9140847
2.7725048	1.8439263
2.8503196	1.8755379
2.9114487	1.8456873
2.7493954	1.8290027
2.725662	1.8325326
2.7834551	1.8251777
2.7685483	1.6973143
2.3786526	1.867924
2.1902678	1.9985447
2.0874925	1.961768
1.7423589	1.8692127
1.5971099	1.8569458
1.3610239	1.9509163
1.052798	1.9848301
1.2388699	2.0398326
1.4090171	2.0657575
1.2186745	2.0295901
1.0264131	2.0258896
0.8850689	2.0890322
0.9837388	2.0622103
0.8090234	1.9858247
0.7092254	1.9152025
0.85957944	1.9794794
0.8596392	2.0307276
0.8062869	2.0308855
0.8705918	1.9444488
1.0726036	1.9134951
1.1194226	1.9194971
1.1329025	1.968282
1.1691246	2.0218863
1.2036766	1.9861494
1.1812618	1.9548466
1.2038732	2.003282
1.2421527	2.0232766
1.2199581	2.022418
1.2567369	2.043048
1.2776462	2.0371332
1.301402	2.0097015
1.3287083	2.019886
1.3700845	2.0047858
1.421446	1.9143531
1.4401324	1.8419145
1.4672339	1.8183165
1.4173887	1.4394544
1.1869234	1.2100174
1.2174232	1.06014
1.24	0.9946879
1.1070712	0.9922037
1.1968594	0.94962865
1.1405348	0.9580519
1.142614	1.0001009
1.2138196	1.0219456
1.2276433	1.0458705
1.3302298	1.0836222
1.5521364	1.0944517
1.6316618	1.0136364
1.7947402	1.0675192
1.6791979	0.99528784
1.6937124	1.0234853
1.5781668	1.0126222
1.4967293	0.97620666
1.5501457	0.9895443
1.4613638	0.9835786
1.4489115	0.97769606
1.2971859	0.98617166
1.3824561	0.9926193
1.5304207	0.9977025
1.4085793	0.99896127
1.4319707	1.0275671
1.4138718	1.0600452
1.3351724	1.268937
1.4689902	1.3801818
1.668669	1.3073379
1.6144469	1.4853035
1.6482152	1.7217717
1.6837627	1.9645185
1.7831038	1.9408827
1.6952891	1.9147819
1.9591019	1.9143605
2.0344424	1.9471283
2.014874	1.9713892
2.0423174	1.9920038
2.2043686	1.9815087
2.3820708	2.0064833
2.3667617	1.9858782
2.4078383	1.9919034
2.3371348	1.930541
2.1586275	2.0074687
2.2019186	1.9526898
2.1978695	1.7897803
2.2192376	1.9210927
2.1534274	1.8761834
2.14935	1.8862488
2.171084	1.8808036
2.1774278	1.8194925
2.1353302	1.7454348
2.0654786	1.6107423
2.0548215	1.475084
2.008324	1.3839892
1.9537235	1.4614359
2.0293112	1.1207309
2.0495265	0.9980046
2.0756958	1.056595
2.0145092	1.0466161
2.0780022	0.9832505
2.1335318	0.9845387
1.8555553	0.9540166
1.9491211	0.944684
1.9803435	0.95764
2.0058932	0.94336873
2.1884553	0.9136132
2.130002	0.92313844
2.1815398	0.93633217
2.2662904	0.95998967
2.1509671	0.9719734
1.9675041	1.0099373
1.9978836	1.0085107
2.1126997	0.9886289
2.203804	0.9900466
2.216001	1.0070298
2.061681	1.0106686
1.9279606	1.0386078
1.8245493	1.3168694
1.83731	1.2111154
2.0618079	1.1223732
2.245074	1.4325354
2.3394237	1.7612619
2.551599	2.0241673
2.538939	2.0641928
2.510334	2.0357387
2.5793486	2.0626893
2.5924993	2.0373251
2.9334953	2.063524
3.1212797	2.11382
3.1246362	2.1014416
3.035595	2.0793915
3.0231047	2.0793707
2.971042	2.059592
2.9399083	2.0448897
2.9041564	1.985503
2.8058724	1.9158407
2.8120322	1.9576952
2.8885186	1.8433123
2.8482466	1.8388859
2.8218775	1.8245946
2.7741756	1.8781074
2.804132	1.8653339
2.7606325	1.8649553
2.8121715	1.8915312
2.8075569	1.8708789
2.7114587	1.8740339
2.6584816	1.8754377
2.5665061	1.8159988
2.3748062	1.6679839
2.3138928	1.6281415
2.1507158	1.6647133
1.8396616	1.4795278
1.872723	1.1949866
1.973501	1.0046434
1.7400913	1.0584664
1.6912118	1.1031387
1.7686539	0.8972545
1.7422932	0.89912474
1.9961472	0.8520399
2.101294	0.86912435
1.9300773	0.8759431
1.91563	0.88340265
1.9049621	0.9237851
1.936198	0.9151082
1.941592	0.9418765
1.897757	0.9456848
1.9391056	0.9864209
2.0385015	0.9652725
2.0083926	0.9665968
1.9581627	0.99574363
1.9845316	1.0028839
2.0188818	0.99523765
1.9726422	0.9885666
1.9780258	1.006718
1.9942917	1.0287324
1.9336153	1.0690408
1.9984303	1.0890601
2.1333523	1.003784
2.212956	1.1163944
2.066258	1.7739496
2.1160192	1.7619417
2.2208128	1.9679091
2.4954574	2.0988123
2.7759895	2.101662
2.932726	2.0557487
2.9875247	2.0877395
2.9407125	2.081262
2.9990106	2.0649889
3.0273976	2.0607376
3.0077438	2.0779855
2.945948	2.0723455
2.890595	1.958207
2.8524058	1.9959255
2.9170206	2.0696943
2.8775434	1.9955447
2.859013	1.9563702
2.806323	1.9968044
2.758559	1.9836296
2.762166	1.9611048
2.746498	1.9687356
2.798999	1.9408098
2.6795752	1.9270042
2.6717699	1.9731976
2.7161863	1.9951771
2.4947894	1.9638011
2.2969844	1.9978327
2.311921	2.0158873
2.2656379	2.0153205
1.8995975	2.0309536
1.7843965	2.0431058
1.9238423	2.0577083
1.761242	2.0950232
1.7878747	2.1105998
1.7456554	2.126977
1.5698714	2.1404138
1.508757	2.1347606
1.4580741	2.1252134
1.1833373	2.1474392
0.9328935	2.1723251
0.86256886	2.1707602
0.76305073	2.1796916
0.6188178	2.150795
0.5828355	2.1072347
0.61196405	2.0301661
0.6479492	1.87256
0.738723	1.7616664
0.8723667	1.8570038
0.9626091	1.9833871
1.0353812	2.0279963
1.0909227	2.024578
1.1079788	2.0375688
1.1111915	2.040507
1.0941259	2.0289185
1.165962	2.0013044
1.2697089	1.9436904
1.3645302	1.8624262
1.3410037	1.9859498
1.3143234	1.9870591
1.4361789	1.9009564
1.7006226	1.665292
1.8766664	1.375584
1.9397651	1.1083285
1.9491507	1.105613
2.082672	0.98773736
2.2585366	0.88928396
2.6049027	0.8876365
2.8629637	0.9018416
3.0065186	0.8562274
3.1848538	0.9638595
3.3276792	0.957411
3.1942637	0.942505
3.147049	0.99113405
3.2049356	1.0097369
3.0798619	0.9694364
2.988057	0.9600759
2.8735685	0.9719718
2.7384944	0.9632815
2.708519	0.94901955
2.6812778	0.9432041
2.6465728	0.939872
2.6126184	0.94833505
2.5680354	0.96880907
2.6279492	0.988147
2.6922803	0.97843486
2.5623085	0.9806828
2.5735734	1.051424
2.7220447	1.09222
2.627451	1.460352
2.4665742	1.879267
2.4401753	1.8313594
2.5411353	1.6587303
2.6876853	1.9324597
2.7812433	2.0562265
2.9175196	2.0908854
3.0202217	2.0892818
3.068489	2.0778651
3.0641418	2.0870712
2.9848697	2.0672305
2.9494708	2.0659888
2.8629029	2.0473306
2.7445996	2.028299
2.7135108	2.041104
2.7548077	1.9083084
2.8834903	1.6900026
2.7727134	1.863162
2.7658694	1.9943811
2.7016704	2.0042915
2.6454358	1.9830139
2.7284372	1.9922101
2.6974812	1.9820037
2.553694	1.9613986
2.4345605	1.9951366
2.3706653	2.012665
2.271771	2.0039818
2.1882255	2.010685
2.1449928	2.0132713
1.9939482	2.0394504
1.8688512	2.0520988
1.8934853	2.0642614
1.9409178	2.0816398
1.8405976	2.1115313
1.8935398	2.1157033
1.9491564	2.115079
1.8827828	2.1135566
1.990442	2.0857413
1.8427665	2.0793967
1.8630064	2.0685973
1.9368317	2.0459058
2.0434592	2.0340223
1.9815303	2.0323563
1.7845299	2.0494108
1.8677062	1.9991107
1.8243107	1.9437526
1.7662319	1.5768578
1.4088058	1.2282989
0.8703073	1.6395407
0.8298332	1.2710179
0.8623185	1.0552111
1.1751447	0.9994076
1.4214866	0.9764761
1.4120231	0.96416706
0.92417425	1.025467
1.0030882	1.0396156
1.2440805	1.0169611
1.3669558	0.9817693
1.4421034	0.97145796
1.4955335	0.9665644
1.3925749	0.963072
1.416582	0.95964503
1.4800993	0.95239335
1.510278	0.9458716
1.4312302	0.9460686
1.335122	0.94916534
1.4171624	0.94369984
1.4152613	0.94836515
1.3978101	0.94580853
1.4469496	0.9903141
1.4591576	1.1666653
1.6525903	1.3036767
1.8631182	1.446041
1.8665401	1.7603213
1.9654733	1.9395674
1.9190612	1.9766507
1.7344346	2.0205214
1.9211074	1.9735562
1.6934749	1.982769
1.8609043	1.9776547
2.4514241	1.9126707
2.4815345	2.0097988
2.362942	2.0452025
2.3506517	2.0160253
2.4143455	1.9524646
2.242742	1.961829
2.1098764	1.953078
2.0720434	1.8447953
2.031157	1.9029531
2.2622495	1.8909233
2.23199	1.8369017
1.9646513	1.8221694
2.0249186	1.7122654
2.1104906	1.5900846
2.111142	1.3226388
2.1440341	1.2576139
1.9641451	1.3296463
1.8418505	1.1813308
