1.4696149	1.1514091
1.5449202	1.1714407
1.3616629	1.2766352
1.3714111	1.3547727
1.3325797	1.8698795
1.2446425	2.0108297
1.4369404	2.0086565
1.4655879	2.0190165
1.3000668	1.999337
1.1131305	1.9800813
1.0799606	1.9698502
1.0201337	1.9541155
1.1551924	1.9760262
1.2361827	1.984704
1.2990019	1.9664444
1.5599462	1.9918064
1.1606104	1.9816399
1.1988978	1.9843963
1.2579491	2.009663
1.4744292	2.0335023
1.3779448	2.02932
1.0262952	2.041629
0.94488657	2.0373616
0.9537648	2.0462368
0.99442285	2.025631
1.0081664	2.002118
1.0980515	1.9244466
1.0981125	2.004621
1.1290326	2.0347369
1.1546017	2.0052633
1.1695069	1.9886191
1.2153714	2.0296223
1.2117505	2.0417929
1.2422941	2.023551
1.3595887	1.9853339
1.6713817	1.8586943
2.0603929	1.3612027
1.6783847	1.5804014
1.2703456	2.035009
1.9051256	1.9928591
2.4517853	1.6663094
2.552588	1.3623434
2.619476	1.1485335
2.767495	1.1297419
2.8024497	1.1357291
2.6276298	1.0508729
2.7323248	1.0791912
3.027324	1.3208922
3.070587	1.1959429
3.109632	1.165596
3.2539546	1.3882468
3.2147098	1.1193982
3.1699026	1.0537114
3.1266322	1.0419412
3.042177	1.4612851
3.067824	1.10517
3.0043037	1.0257156
2.899982	1.0793716
2.94941	1.0594876
2.8256764	1.1506102
2.5941873	1.2120309
2.5917058	1.2488172
2.6059127	1.1208827
2.5883098	1.1364563
2.6495507	1.2393831
2.7073486	1.2969407
2.3344572	1.4196962
2.2981155	1.8054305
2.6450095	1.9766716
2.302884	1.9669737
2.204463	1.9752754
1.9227705	1.9542596
1.7696195	1.9604702
2.0816414	1.980366
2.0686574	1.9803247
1.9088082	1.9689776
1.9328477	1.9639068
2.0698166	1.9456552
2.042375	1.9525677
1.9961783	1.9767206
1.9917995	1.989097
2.0742772	1.9973178
2.1357427	1.9692925
2.2023246	1.9717995
2.0123284	2.0108502
2.0097349	2.0120559
2.1362853	2.0110219
1.9064136	2.0123155
1.8902297	2.009996
1.8399435	2.0004332
1.9373198	1.9980195
1.8610052	2.0014408
1.5459455	2.0156267
1.3195537	2.0026853
1.2047346	1.9976355
1.0838233	2.0159605
0.990229	2.0239012
0.9850803	1.9985489
0.97041976	2.0055494
0.9424275	1.9933283
0.93978244	1.9971396
0.9231248	2.0095434
0.9459931	1.9269968
0.9817015	1.8633863
1.0464654	1.9118837
1.0720387	2.0049942
1.0347389	2.037335
1.0258963	2.046289
1.0554446	2.0476208
1.1465789	2.0386524
1.1954374	2.0295458
1.1783792	2.0057275
1.1482038	1.9854003
1.1251906	2.0096602
1.175693	2.0344822
1.4029589	2.0232134
1.6737826	2.0031316
1.9293363	2.012904
2.1404476	2.0246172
2.2204487	2.028484
2.3228772	2.0293958
2.5378869	2.0186176
2.4769633	2.0154197
2.2679858	2.0164342
2.5027666	2.0219457
2.6530092	2.0167992
2.7743413	2.015787
3.0038223	1.9895201
3.0547233	2.013432
3.1297858	1.9939228
3.1247876	2.029594
3.136106	2.0417616
3.1188848	2.0094688
2.9897158	1.9345746
2.933982	1.8505249
2.8909369	1.9043878
2.818712	1.9029666
2.7009752	1.8313141
2.724862	1.9348781
2.6477988	1.9073517
2.7104206	1.9235702
2.7353485	1.9001852
2.6175375	1.7376926
2.5568151	1.9278442
2.1784635	1.8760905
1.9551418	1.7775807
2.0431907	1.9513389
1.762743	1.9808196
1.5206529	1.9823573
1.3961056	1.9909583
1.3185481	1.9850783
1.3831735	2.0041442
1.3137475	2.00689
1.3084561	2.0106797
1.2495537	2.0026584
1.1068966	2.011278
1.0127965	2.0174754
0.94835514	2.0213323
0.91283524	2.0272326
0.9038547	2.027464
0.9511782	1.9192095
0.96926385	1.8010248
0.97013915	1.8618147
0.9797071	1.9528663
0.9939827	2.0171509
0.9895668	2.0370228
0.98431283	2.037664
1.0043716	2.0469413
1.0420041	2.0456872
1.0154852	2.0360022
1.0244671	2.0464349
1.1098455	2.046312
1.1484853	2.0385878
1.3319931	2.0303478
1.7109053	2.0326898
2.0174887	2.0251164
2.1057184	2.0258718
2.078665	2.0165188
2.0049982	2.0067644
2.0642235	2.0123606
2.178277	2.0127025
2.0453846	2.006595
1.924972	2.0059767
1.7715884	2.0062857
1.6679155	2.013668
1.5914874	2.01624
1.6767416	2.0149763
1.7257644	2.0136366
1.590184	2.0152657
1.5756031	2.0166278
1.6347591	2.0146198
1.6572707	2.011838
1.5050579	2.010197
2.7073128	1.2004901
2.5989	1.0862575
1.1356117	1.8020554
0.9998317	1.9581028
1.622864	1.0605117
1.8604082	1.0521562
1.8391925	1.0425346
2.3035963	1.0349252
2.244752	1.0181693
2.198974	1.004915
2.1512694	0.98233354
2.1568668	0.9624668
2.1575365	0.9524743
1.8951739	0.93773425
2.06604	0.93610406
1.9062943	0.9273845
1.7233607	0.92985976
1.5869669	0.97241014
1.7982973	0.9523666
1.8621246	0.9738333
1.9061295	1.0451856
1.9489982	1.080838
1.9754354	1.00408
2.1342092	1.0247544
1.9292363	1.1407552
1.5884223	1.2236047
1.5217496	1.2536414
1.2342067	1.1369249
1.0273148	1.513455
0.99561584	1.1766022
0.9313243	1.0289088
0.9006791	0.9942276
0.88492346	0.98021746
0.9184109	0.9536822
0.97592235	0.94086456
0.9726786	0.9700667
1.084344	1.178913
1.3127099	1.6169059
1.3965394	1.5805527
1.4911573	1.583329
1.4995717	1.3400693
1.3395461	1.1315004
1.2948122	1.1070387
1.3451993	1.0996257
1.4068068	1.2199241
1.4016538	1.6095027
1.2435073	1.8711425
1.0772399	1.8977488
1.025088	2.0061283
0.97283053	1.9701885
0.92920625	1.9861609
0.8480221	1.9968177
0.86755335	2.0006995
0.9017512	1.9699082
0.898386	1.9705061
0.9035761	1.9805653
0.94577724	1.9566699
1.1257067	1.9781742
1.2187226	1.982151
1.252999	2.008891
1.2130358	2.0467296
1.0501393	2.045745
1.1737168	2.047127
1.3470571	2.0353086
1.1305029	2.0484943
1.155594	2.0443404
1.4210035	1.9575193
1.6353974	1.883775
1.7953067	1.9075636
1.5440357	2.0289488
1.71826	2.0312326
2.2325094	1.9795604
2.1800525	2.0096495
2.3108678	2.0140975
2.16199	2.0249488
2.229795	2.0164068
2.2241514	1.9951361
2.137337	2.011585
2.3733482	1.8885173
1.8733968	2.0046387
1.7727509	2.0182533
2.0641031	1.9894122
1.9142376	1.9531657
1.650656	2.0102932
1.7799908	2.0107915
1.9857459	1.9267757
1.8080426	1.9406247
1.7279902	1.9983267
1.3546829	2.0212617
1.2690085	2.019098
1.2471232	2.0213144
1.0977836	2.0299134
1.0128376	2.0295286
0.9785471	2.0157804
0.95193547	2.037173
0.9176016	2.0350218
0.96177495	1.900052
0.9233522	1.9663756
0.9133803	1.9019507
0.9334295	1.8285539
0.9019427	1.8639443
0.8674379	1.8660457
0.87171876	1.8016804
0.9106005	1.8687986
0.9324972	2.0209813
0.9529388	2.0385375
0.9405726	2.0276432
0.95332366	2.0399103
0.9771076	2.0408726
1.0610904	2.0215878
1.1901919	2.0334668
1.4120477	2.0363631
1.4647745	2.0370574
1.7691555	2.0237126
2.0761125	2.0260646
2.179991	2.0263865
2.2095451	2.026339
2.0902443	2.0215328
2.0344815	2.0163329
1.9886237	2.0155168
1.9198371	2.013244
2.132887	1.9993651
2.3027363	1.9242445
2.0443695	2.0122125
2.0521207	2.003491
2.0289185	2.00303
2.0230274	2.0093672
2.0617273	1.9965024
1.9985985	2.001789
1.9848696	2.0118449
1.9665205	2.0128653
2.0802238	2.0099347
2.0016448	1.9997851
2.084529	2.0057893
2.2690182	1.6661178
1.5728625	1.8645946
1.3454072	1.5388669
1.3898417	1.1651558
1.3167784	1.1062905
1.2460629	1.1234514
1.348917	1.0827283
1.2115216	1.0954307
0.9862721	1.0877203
1.0767853	1.0391312
1.1270938	1.0133998
1.0569211	0.9781877
0.98095113	0.9680883
0.9578311	0.94413465
0.9694836	0.9396989
1.0250003	0.95383614
1.2155561	0.9443186
1.5928541	0.9848041
1.7510405	1.000862
1.6366934	1.0586343
1.653493	1.13403
1.7016486	1.1352456
1.5401872	1.0772767
1.3930296	1.1047777
1.587411	1.1476008
1.4974707	1.0868325
1.6164421	0.97762465
2.022613	0.93783784
2.1980956	0.9469686
2.6287756	0.9847793
2.7552185	0.99120903
2.6504593	0.9379513
2.6550913	0.93009144
2.656813	0.93362886
2.680815	0.93467754
2.6668463	0.9456409
2.8463542	0.98036015
3.0327473	1.0671847
2.984737	1.1074694
2.9730356	1.044846
3.0005867	1.0666795
2.9494927	1.1527853
2.9142663	1.1093984
2.900881	1.1328813
2.8203356	1.311731
2.7051182	1.449069
2.6755142	1.4666018
2.7249067	1.530411
2.676613	1.2256887
2.4782398	1.1911176
2.4502444	1.2886221
2.3861282	1.1644727
1.8990616	1.2856317
1.7181728	1.4333085
1.8630152	1.1421391
1.4852268	1.1816878
1.4766244	1.0969385
1.5178735	1.0368208
1.469152	1.0300589
1.4874166	0.97686166
1.4119924	1.0020765
1.3426673	1.0463676
1.2717968	1.0917734
1.325941	1.3235302
1.6570041	1.5714227
1.7668903	1.7324196
1.9209719	1.5103496
2.0217931	1.1944047
2.0663118	1.2686379
1.9077165	1.3755547
2.05692	1.4452358
1.8536087	1.6118387
1.6614614	1.8576087
2.0148036	1.978918
2.0641077	1.9676272
1.9778163	1.9569682
2.2705712	1.9567757
2.2905097	1.9714265
1.9978507	1.94529
1.9878548	1.9365842
1.9558064	1.9484577
2.1033685	1.9607925
2.097991	1.9531325
2.089986	1.952424
1.9989847	1.9531479
1.90335	1.9873329
2.2254174	2.0086458
2.743128	1.9926347
2.5421927	2.0205805
2.4649973	2.0185506
2.165102	2.0142257
1.7799106	1.9829637
1.6316485	1.9995457
1.7429295	2.0028768
2.1761029	2.0135632
2.115494	1.9910511
1.8363391	2.0089946
2.255229	2.005427
2.5702891	1.9808364
2.7353985	2.011025
2.6729143	2.018483
2.8096797	2.0193336
2.907895	2.0308576
2.966375	2.0263526
3.0326595	2.0219429
2.989437	2.029356
2.9815621	2.0178027
3.0299413	2.0157187
2.9921548	2.0007942
2.913108	2.0132859
2.955251	2.010598
2.9474897	1.9761953
2.7649007	1.9395518
2.684521	1.9476299
2.6604722	1.890171
2.7850978	1.8852339
2.684693	1.8776197
2.3325145	1.7812923
2.464772	1.8643422
2.766641	1.9691583
2.5101068	1.9688735
2.1032398	1.8769474
2.0264997	1.8609732
1.9167769	1.8434021
1.9066641	1.8904351
1.5065488	1.9960053
1.6230471	1.9631168
1.959089	1.9101794
1.6119634	1.9862611
1.5401508	2.002542
1.6093352	1.9955093
1.8425156	1.973419
1.6903219	1.9962461
1.9340265	2.011912
2.0180993	2.013026
1.6892383	2.0103815
1.741278	2.011207
1.9614682	2.0064323
1.9277979	1.9951392
1.8266183	1.9985856
1.891062	2.005855
1.8792602	1.9931834
1.8522098	1.8567908
2.0308774	1.6905081
1.9917675	1.89534
2.1276774	1.7591254
2.3846872	1.459499
2.6259706	1.2035275
2.7081387	1.2018086
2.575463	1.1464708
2.7203944	1.0984287
2.8664536	1.09057
2.9255462	1.123275
3.1265361	1.1600472
3.1510818	1.1363707
3.0934443	1.0723647
3.126443	1.0965033
3.127941	1.0784152
3.0703397	1.0258712
2.9231007	1.010001
2.970781	0.9928364
2.9604814	0.98749936
2.88265	0.99031746
2.8502488	0.9872115
2.8317645	0.9915952
2.815283	0.98713547
2.8163285	0.9899771
2.6798391	1.025945
2.5120873	1.0506672
2.5523577	1.0938637
2.546072	1.129993
2.4298494	1.1887037
2.4073505	1.2059557
2.1854773	1.1537482
2.0165195	1.094398
1.7608415	1.0321867
1.6819686	0.99351674
1.6620077	1.0108054
1.5927511	1.0513194
1.5969433	1.0174822
1.5513499	1.0341419
1.5037044	1.0638405
1.4133892	1.0455076
1.2566663	1.1087136
1.1295706	1.068697
1.0176531	0.9779803
0.92945874	0.98677737
0.8791455	1.0477061
0.8840396	1.01993
0.89751965	0.9701123
0.92358804	0.9751334
0.95714617	0.97326356
0.9894116	0.97125125
1.0854639	1.0419905
1.2083485	1.3414489
1.3345705	1.5852213
1.3751162	1.51886
1.3587241	1.350462
1.3557372	1.2698672
1.2627298	1.2253711
1.2878611	1.1731741
1.5493996	1.1993618
1.7299702	1.2078849
2.079689	1.3186966
2.499533	1.4464499
2.61943	1.2557306
2.7242696	1.1869484
2.8367524	1.2503092
2.8356583	1.2299149
2.836756	1.0745418
2.9018748	1.0377163
2.8771703	1.1201667
2.8769422	1.1609973
3.0229096	1.1455714
3.0298712	1.0760537
3.0413096	1.055192
3.0153284	1.0813842
2.9930053	1.1046598
2.981905	1.1864733
2.984999	1.0595026
2.9201753	1.0448879
2.8102376	1.0921319
2.8410094	1.0650482
2.795076	1.0815077
2.6091294	1.0639763
2.5890057	1.0137149
2.6697538	1.0581383
2.5609477	1.0829142
2.5638921	1.1755713
2.491951	1.4024339
2.5577486	1.6136366
2.8249614	1.893143
2.9108586	1.9432412
2.9881186	1.9779714
2.9076335	1.9846504
2.9599924	1.998345
3.038878	1.9670342
3.0113156	1.9703832
2.9907994	2.017204
2.9297717	2.0051374
2.844902	1.9884946
2.8189762	2.0008335
2.7568638	2.0143049
2.8950806	2.0274858
2.8779478	2.0366104
2.6033192	2.0261881
2.7019958	2.03201
2.818808	2.0387518
2.7181754	2.0335493
2.791665	2.0378196
2.8845813	2.0429053
2.45882	1.9246447
2.3927531	1.872359
2.7625995	2.013271
2.5907059	1.9201106
2.5030496	1.829159
2.6252902	1.9022094
2.4951706	1.3265269
1.9195608	1.4380921
1.4523855	1.5412257
1.6238676	1.0756023
1.5418464	1.0180008
1.3586597	1.0104622
1.3521549	1.0114632
1.2648349	1.0369056
1.3048531	1.023037
1.5173762	1.0146545
1.4954824	1.0080361
1.2717773	1.003882
1.2199193	0.98161095
1.1013613	0.96934074
1.0386297	0.9525291
1.0060427	0.945628
0.9781117	0.93785775
0.9893166	0.93224734
0.97802436	0.93748957
1.0032537	0.9574412
0.9942634	0.9370351
0.986174	0.9323416
1.1074002	0.94636315
1.2590663	0.9647694
1.4373139	1.0237721
1.4399825	1.0786511
1.4096593	1.0552908
1.5798736	1.0510402
1.575478	1.057717
1.3931946	1.0545553
1.5479562	1.0327168
2.1676931	1.000032
2.3583765	1.0769517
2.5836272	1.2562263
2.6478472	1.1811091
2.672226	1.1494627
2.6612613	1.0423281
2.4508402	0.94896936
2.5041525	0.95993394
2.6012928	1.0240207
2.520667	0.95247644
2.3439913	0.91443634
2.2354379	1.0031389
2.3667479	1.0845511
2.3541908	0.93083423
2.228721	0.98694444
2.0853357	1.1545613
1.9932538	1.1076478
1.8239808	1.0722574
1.8699328	1.1317396
1.8640995	1.085098
1.6121435	1.1329033
1.5158925	1.3343436
1.50725	1.6899326
1.350165	1.9245726
1.2303264	1.9128919
1.0929729	1.852348
1.0561634	1.794147
1.1355189	1.9694705
1.1397386	1.965849
1.1294922	1.9831111
1.0707926	1.9591075
1.0284257	1.9488966
0.9890106	1.9462925
0.94332665	1.9685984
0.9320019	1.9864335
0.9777997	1.9953873
1.0836463	2.038597
1.0807791	2.0355575
0.973603	1.995642
0.9578652	2.0299711
0.9086202	2.0504742
0.92261916	2.0343623
1.1055802	1.7088481
1.1520592	1.7901679
1.174953	1.956666
1.1502162	2.0023456
1.1968766	1.9709322
1.3516623	1.8760628
1.5482538	1.6277571
1.6169909	1.4612366
1.5401875	1.7367486
1.909901	1.5196279
2.109938	1.3061272
2.3811486	1.1530261
2.5802002	1.2798356
2.6474013	1.4134823
2.6543744	1.1273154
2.6495762	1.0565302
2.718394	1.0657506
2.7225072	1.0634518
2.9107127	1.1434592
2.9538682	1.094374
2.9797115	1.0547104
3.1014647	1.0570261
3.130997	1.0803373
3.1211858	1.0574311
3.0787542	1.0003898
3.0662148	0.99333316
3.0197914	0.9931399
2.9586825	0.9936168
2.9184906	0.9968912
2.8952856	0.9831088
2.8367312	1.0133898
2.7212014	1.0290415
2.6767824	1.0343397
2.757617	1.0704794
2.716319	1.0324389
2.662771	1.0354235
2.4154587	1.2052037
2.0748312	1.2725335
1.973766	1.4992335
2.0818417	1.8648857
1.7240386	1.5675468
1.620127	1.7023072
1.7807556	1.9044946
1.7615033	1.9330773
1.6675222	1.9273502
1.6362617	1.9410807
1.4213538	1.9093183
1.3253654	1.9145902
1.3035592	1.9399753
1.1214896	1.9369184
0.96027076	1.9441102
0.88375616	1.9989353
0.87692887	2.0241528
0.85042274	2.029415
0.8591616	2.0274704
0.88547736	2.040846
0.876342	2.0357504
0.9101601	1.9303875
0.9096884	1.8347117
0.9366301	1.8226433
1.0017239	1.9153765
1.0056094	1.9417382
1.0141122	1.8967948
1.054655	1.9120696
1.057218	1.9450734
1.0755554	1.9408624
1.1715478	1.899546
1.1660386	1.735495
1.2469944	1.625336
1.4644518	1.5950037
1.7215309	1.4909859
2.2377377	1.4070346
2.3053133	1.4824381
2.260597	1.4646235
2.3317373	1.1014566
2.4599335	1.0542921
2.5566292	1.0305979
2.6141298	1.0558907
2.7164426	1.1080681
2.8097637	1.1016815
2.7903996	1.0492193
2.775022	1.034868
2.8448274	1.0236421
2.9810197	1.0301951
3.0014303	1.0688127
3.010525	1.0920777
3.0626614	1.0395619
3.063714	1.0380824
3.0329318	1.0130999
3.031264	0.9827191
3.0140104	0.9669984
2.9715984	0.9725323
2.8771687	1.0197158
2.8330197	1.0726953
2.8616493	1.01944
2.875003	0.9892831
2.7788627	0.99924254
2.732699	0.96797436
2.577325	0.98749083
2.6297543	1.0690104
2.7404418	1.0297595
2.575222	1.030116
2.372885	1.027099
2.182013	0.9891162
1.96968	1.0089095
1.7783965	1.0696107
1.639026	1.1117873
1.480183	1.2709957
1.4590416	1.3181013
1.5247046	1.0711712
1.4377036	1.1701487
1.4009782	1.1095479
1.3119395	1.1011367
1.1242254	1.2309651
1.0111549	1.054963
0.9301424	1.0247808
0.89376307	1.0397023
0.90094066	1.0037143
0.93640494	1.0079815
0.95029503	0.9780377
0.9841861	0.9773958
1.1377778	1.1320541
1.2139242	1.1859763
1.3670613	1.3742931
1.4143345	1.4424562
1.3228356	1.2083976
1.4376314	1.2141722
1.3813689	1.2011716
1.3634506	1.2787333
1.3861852	1.5213118
1.4408517	1.6290857
1.4052583	1.9406686
1.4543823	1.9069916
1.4862891	1.9176338
1.6077204	1.9949143
1.8717992	2.0070853
1.8517274	2.0123708
2.0128195	2.015382
1.985646	2.007752
2.1224225	2.0039062
2.0711477	2.010564
1.9862927	2.0096073
2.3355772	2.0329475
2.2148983	2.0347576
2.0041473	2.0116804
2.03941	2.0087428
2.1418006	2.0154886
2.332338	2.0251875
2.251689	2.0207124
2.0831077	2.0143979
2.1416924	2.003853
1.94272	1.895606
1.7558646	1.6972995
1.9154478	1.7746108
2.0967295	1.6661006
2.2339709	1.6389767
2.4868376	1.8302087
2.5023286	1.9646873
2.7266748	1.9968036
2.887093	1.9475324
2.882805	2.0238023
2.9588673	2.0367377
3.040666	2.0009444
3.011907	2.0395763
3.169939	2.0413587
3.1263745	2.0447662
3.0240588	2.0439463
2.9733837	1.9457855
2.8908327	1.9373533
2.9417624	1.9279653
2.9138117	1.8960452
2.8723092	1.9062345
2.8435173	1.9548156
2.840528	1.9085023
2.783719	1.9907826
2.657729	1.965012
2.6824498	1.8278517
2.8345804	1.933917
2.8924012	1.9265745
2.575815	1.738547
2.4584873	1.7188168
2.6727881	1.7889057
2.617463	1.4535608
1.7976067	1.6554335
1.7915488	1.9994578
1.718288	1.9331665
1.3183354	1.4564188
1.2849092	1.4071851
1.206592	1.7561018
1.1125975	1.861775
1.2013984	1.9459325
1.2847011	1.9901175
1.1297615	1.9625957
1.0625069	1.987353
1.033436	2.018928
1.0011193	2.0292974
0.9470807	2.0109212
0.9320515	1.988634
0.9647628	2.010715
0.9467716	2.0363975
0.92419004	2.0353522
0.9731096	1.988183
1.1323541	1.9350535
1.1605861	1.9439093
1.1323047	1.9963274
1.1017089	2.0393603
1.1946838	2.009448
1.2031496	1.973626
1.1701937	2.024023
1.1859124	2.0361664
1.171745	2.0344748
1.1899432	2.043467
1.2367579	2.0385845
1.3482062	2.0121655
1.3778769	2.0197637
1.4965981	1.9990808
1.7645326	1.82613
1.8271863	1.6829572
1.856685	1.6651886
1.568129	1.255691
1.1426368	1.2024391
1.1007072	1.0862371
1.1130496	1.0229958
0.9942705	1.0258058
1.0784563	0.99008256
1.0947133	0.98321575
1.2487366	0.96351296
1.3670856	0.961875
1.21381	0.96694183
1.3752939	0.9811585
1.5245403	0.988419
1.5714122	0.9507457
1.7203276	0.98815686
1.4213858	0.963469
1.4393342	1.0033176
1.3149799	1.0158305
1.1952262	0.9630391
1.3253452	0.9951999
1.2740331	0.9974344
1.27189	0.98603487
1.1813691	1.0112596
1.3358732	1.0603633
1.6881034	1.039498
1.451162	1.0830079
1.5655049	1.2479627
1.5521595	1.3760889
1.4245049	1.868511
1.6979439	1.9029076
1.9141032	1.6393925
1.7982788	1.8782423
1.8600368	1.9945346
1.7549593	2.0082428
1.8651534	2.0106812
1.821984	2.0157597
2.1784883	2.01147
2.3375065	2.0090182
2.2485607	2.003395
2.1373813	1.9945037
1.8855954	1.9773684
2.1656709	2.0016956
2.1856782	1.9998993
2.2859893	1.9946867
2.319518	2.0176291
2.0495865	2.0035882
2.1494899	2.0169196
2.1566918	1.8071526
2.1872857	2.001549
2.0875764	1.9554626
2.0747483	1.9381346
2.1223693	1.9564655
2.130319	1.8253282
2.0758593	1.6584274
1.9902253	1.3499874
1.9875247	1.2216041
1.9155554	1.1735516
1.8194335	1.2886117
1.971044	1.0690093
2.1046624	1.0412489
2.0481336	1.0515023
1.9395475	1.0400126
2.1754434	1.0202727
2.218421	1.0104492
1.8476988	0.9888101
2.004058	0.9742522
2.1398907	0.9458889
2.181056	0.94310784
2.2513688	0.94003963
2.1345303	0.9314316
2.21486	0.930408
2.3163755	0.9314273
2.1112597	0.9374591
1.733409	0.98878604
1.7762034	0.9908916
1.9974189	0.94853693
2.1816847	0.9438186
2.1872559	0.98007107
1.8475221	1.0000215
1.6073607	1.0928438
1.6402857	1.8658408
1.5534058	1.6971903
1.9138297	1.3437617
2.3812304	1.8569071
2.6239753	1.9466603
2.8111732	1.9516734
2.8456342	1.9476798
2.8934581	1.95103
2.9177167	1.9476066
2.9455533	1.9621571
3.0763216	1.9846205
3.1017804	1.9855679
3.1089256	2.0014994
3.084612	2.0116346
3.04352	2.007144
3.0422122	2.0224407
3.0233407	2.0287619
3.005872	2.040187
2.8698118	2.0360954
2.8620172	2.0386581
2.9329753	2.0113232
2.861072	1.9838836
2.7538989	1.9517088
2.6963692	1.9672481
2.7309191	1.9672871
2.671091	1.9242979
2.7613611	1.9789262
2.765042	1.9386169
2.5216672	1.8726982
2.4344265	1.8384682
2.2241473	1.5914433
1.9288168	1.166818
1.9165342	1.133754
1.7417686	1.1986033
1.4509457	1.0671464
1.6064348	0.997884
1.9730526	0.9854744
1.6070886	0.99594086
1.5131358	1.0142266
1.8155158	0.9884057
1.7490162	0.98764074
2.0698378	0.978116
2.3431392	0.9795781
1.8055923	0.9498785
1.8237113	0.94767547
1.7856432	0.93558174
1.7735486	0.9324821
1.6402284	0.9294763
1.5615518	0.9282253
1.6809162	0.9761951
1.8590115	0.93549734
1.7790872	0.9344927
1.7021396	1.0097657
1.7606899	1.042289
1.8219352	1.0028025
1.7128772	0.98439026
1.7273177	1.0444508
1.7759336	1.161731
1.6640534	1.3376387
1.792697	1.394436
2.043451	0.9955742
2.1903691	1.3460242
2.3408873	1.9695396
2.418544	1.9606713
2.6032999	1.9601864
2.7663991	1.9428724
2.8999264	1.9403585
3.027529	1.9544152
3.0481815	1.9635196
3.0105307	1.9537481
3.0100746	1.986759
3.0172713	1.9920005
3.0440755	2.0081875
3.0288086	2.016633
3.057861	2.0439389
3.0163896	2.0447216
2.9803798	2.0219507
2.9958596	2.0451486
2.9345288	2.028714
2.8538408	2.037172
2.741225	2.0201347
2.7225518	1.9842395
2.699068	1.98093
2.7619545	1.9426087
2.525547	1.8246847
2.5136168	1.9522289
2.6870651	2.0052078
2.178107	1.8537209
1.9147642	1.9536206
2.0697625	1.9967622
2.0314076	1.9763929
1.6145939	1.9843343
1.5305628	1.9861231
1.6936427	1.9873959
1.5894197	2.0097122
1.6074095	2.011257
1.5240778	2.0129168
1.3933761	2.014085
1.3401909	2.0149274
1.2877963	2.014303
1.1395093	2.0127432
1.0498304	2.012573
0.9874769	2.0223448
0.9503412	2.029009
0.92280596	2.0343864
0.9136493	2.0296633
0.920146	2.0048907
0.94789875	1.9171103
0.9729429	1.8284438
1.0010163	1.8739601
0.97118706	1.9964777
0.9720365	2.0326555
1.0162712	2.0300748
1.0213286	2.0380087
1.0201539	2.039588
1.0266038	2.0312672
1.1387646	2.0053105
1.3895869	1.8934208
1.6444583	1.6917228
1.4302113	1.9826133
1.3422178	2.0026002
1.7452879	1.8115172
2.2539985	1.2960205
2.2809849	1.1056232
2.098175	1.0393041
2.0770333	1.0431559
2.0853238	1.0091039
2.161606	0.9881448
2.439567	0.9896969
2.6302705	0.9955883
2.6561062	0.9864255
2.859961	1.0220687
2.9399107	1.0103647
2.964668	0.9918015
3.0324922	1.0047709
3.0739017	1.02262
3.05157	0.9879828
3.0368214	0.9868201
2.97542	1.029919
2.8822591	1.0270681
2.8703153	1.0030051
2.8412628	0.9943462
2.7894328	0.9878345
2.686752	0.9983974
2.5041935	1.0261794
2.5991983	1.0757523
2.7504497	1.0607911
2.4614568	1.0456228
2.3391154	1.2047954
2.6461282	1.4032149
2.6985853	1.8948369
2.6431987	1.9634075
2.538956	1.9657098
2.5865123	1.9474956
2.948357	1.9867247
2.9995074	1.975413
3.0060112	1.9715035
2.9680839	1.9650191
2.9111474	1.9742256
3.00759	2.0018492
2.967412	2.014555
2.828862	1.9967505
2.8268383	2.018235
2.735411	2.0287266
2.6837375	2.0205755
2.7552073	1.9543595
2.9025242	1.5420059
2.7325861	1.8618622
2.7662833	2.031913
2.671985	2.0274203
2.5119932	1.987788
2.71485	2.0063393
2.654853	1.9794288
2.3214624	1.8579199
2.1630158	1.9545417
2.1434302	1.9925911
1.9973261	1.9506359
1.9083866	1.9475744
1.8854895	1.9319488
1.7641199	1.9850142
1.6562165	1.99037
1.6418179	1.9743667
1.7188911	1.9972632
1.6352717	2.01143
1.6670438	2.0115943
1.6980656	2.0084505
1.6233903	2.0089474
1.7338231	2.010587
1.5773306	2.0142646
1.6070735	2.0131164
1.7165892	2.0131338
1.8738275	2.0115092
1.7958157	2.0130577
1.5408579	2.009645
1.7242625	1.941531
1.7488827	1.7784994
1.7795959	1.1495745
1.3490534	1.0981305
0.98659426	1.6544626
0.98338825	1.3684115
0.9937875	1.1179544
1.1150222	1.0532682
1.2433861	1.0211581
1.1329895	0.9937945
0.97858554	0.97068506
0.9870574	0.9426842
1.1113156	0.9403955
1.101794	0.94112813
1.1704912	0.9317625
1.3389864	0.93280005
1.4089452	0.95412755
1.5690471	0.9668309
1.7847166	0.9523927
1.8400936	0.94678545
1.8012955	0.9920919
1.6592444	1.0789219
1.7481598	1.0143045
1.7047414	1.0118979
1.6866598	1.0423217
1.877076	1.304305
1.9388081	1.8711158
2.1537406	1.8768028
2.3363807	1.8648562
2.1958573	2.000032
2.0689456	2.002863
1.8121175	1.9940058
1.4031019	1.9750086
1.8121073	1.9880052
1.8188959	1.9925153
2.0616972	1.9980074
2.4264023	2.0206642
2.2007384	1.9934292
1.9959165	1.9653047
2.1781485	1.9801401
2.4081545	2.0154223
2.203689	2.0164208
2.0132563	2.0116942
1.9381431	1.8886853
1.8883871	1.9643495
2.2644486	1.9928914
2.2333925	1.9201179
1.7746494	1.7895117
1.9001752	1.5609767
