1.1391239	1.11191
1.1962587	1.5284425
1.1470616	2.0113766
1.0758742	2.0546954
1.073461	2.042243
1.0320069	2.0122502
1.1204641	1.9943063
1.2139534	1.9985845
1.4239345	1.9935212
1.5446296	2.0154905
1.3341321	2.0030808
1.387605	2.0045936
1.3410097	2.012134
1.3283123	2.0239296
1.2516822	2.0209968
1.0592355	2.0037155
0.9614485	1.9988835
0.92980224	1.9998277
0.9296871	2.0008917
0.91755587	1.9981139
0.93208647	1.9990538
0.9537485	2.0002577
0.98528725	2.0037224
0.97508657	2.0019453
0.9735732	2.0020192
1.0145204	2.0064402
1.0291291	2.0078833
1.0214598	2.0074255
1.043619	2.01086
1.1134889	2.0208333
1.2098788	2.0363371
1.087992	2.0171084
1.0504135	2.0093422
1.2871441	2.0350466
1.4558154	2.059404
1.5143771	2.0712166
1.6964512	2.0906038
1.9898218	2.0858233
2.0648737	2.065203
2.0511074	1.5654966
2.1379101	1.754703
2.3964717	1.918737
2.545858	1.5252256
2.7790432	1.1221848
3.0229056	1.1239451
3.0663548	1.0473527
3.066459	1.0704788
3.0725067	1.045496
3.1036127	1.0362922
3.0830424	1.0151076
3.0282626	1.002804
3.0097961	1.0023224
3.0329998	1.0054623
3.0156608	1.0042858
2.973347	0.9999446
2.977302	1.0003929
2.9503162	0.9962101
2.9489086	0.99620354
2.982741	1.0003495
3.007375	1.0038166
2.9158401	0.9958657
2.908051	1.0073044
2.9434865	1.072965
2.7766435	1.1763734
2.6322248	1.5834124
2.4374263	1.6891999
2.285532	1.945966
2.3557189	2.0076606
2.2698424	2.035674
2.1074917	2.0407605
1.9947497	2.023009
2.0313241	2.0079713
2.0137227	1.9996864
2.0075922	1.9979587
2.019701	1.9924604
2.0893686	1.9871935
2.140466	2.0058393
2.1849964	2.0025973
2.0475447	1.9862493
2.0541763	1.99027
2.1257043	1.9877446
1.9856207	1.9863827
1.9734056	1.9870287
1.9321234	1.9893392
1.9883395	1.9890906
1.9333075	1.9886001
1.7373296	1.9831824
1.5232767	1.9797033
1.381031	1.9818041
1.2404858	1.9882182
1.1047215	1.9965553
1.0633504	2.00159
0.97498834	2.002539
0.89563304	2.0000298
0.87398565	1.9973501
0.8602362	1.9931986
0.8506517	1.9859709
0.86346453	1.981864
0.9065943	1.9872234
0.9434388	1.9936147
0.94591206	1.9945352
0.9524965	1.9962413
0.9697479	1.9990462
0.99486804	2.0025988
1.0060978	2.0046542
0.9831024	2.0012712
0.96345943	1.9980595
0.96538675	1.9985163
1.001554	2.003683
1.0839413	2.0142581
1.1784282	2.0254622
1.3377244	2.038405
1.5910826	2.047783
1.8398622	2.044145
2.0662653	2.036315
2.2625668	2.032129
2.2536047	2.0216675
2.3073392	1.9931027
2.500313	1.981199
2.6167257	1.9699697
2.7120125	1.9659374
2.9053335	1.9787178
2.9789805	1.9932162
3.034811	2.032432
3.0442924	2.0436509
3.0455928	2.0607767
3.0435765	2.0611882
3.0357568	2.0307207
3.0320244	2.0242593
3.027621	2.0171032
3.0169017	2.0066278
2.9998932	1.9954106
2.9984152	1.9944551
2.9810226	1.987604
2.9994607	1.9947008
3.0049825	1.9980162
2.990438	1.9910188
2.953905	1.9797996
2.8072257	1.967906
2.6910963	1.9732473
2.6266205	1.9735284
2.3480814	1.9896355
2.1245918	2.0053666
1.961959	2.0160713
1.8796029	2.0203345
1.8379707	2.0150504
1.7292789	2.0114803
1.6001796	2.0022933
1.439712	1.9936341
1.2574852	1.9924425
1.102102	1.9946427
0.9537136	1.9996316
0.87406236	2.0013864
0.84566545	1.9980326
0.83954984	1.9913082
0.8391622	1.9809774
0.8562436	1.9796262
0.8886551	1.983517
0.919224	1.9896312
0.92961574	1.9916098
0.92692083	1.9915416
0.9469499	1.9953939
0.962648	1.9976963
0.9383545	1.9941285
0.952102	1.9969261
0.995457	2.002891
0.9962132	2.0033696
1.0647129	2.0123897
1.3055826	2.032786
1.6470592	2.0422544
1.7443831	2.0423174
1.9280211	2.0311003
1.9821063	2.021933
2.0399663	2.0165958
2.220273	2.0057633
2.1784732	1.9940872
2.1388094	1.9816747
2.0377376	1.9770958
1.9173144	1.9784166
1.8401953	1.9803507
1.873657	1.982749
1.9464984	1.9767921
1.8352072	1.9783424
1.8110622	1.9797305
1.8289528	1.9842794
1.8355244	1.9857708
1.7879773	1.9749935
2.3002279	2.0389493
2.2784874	2.0619435
1.3912009	2.0029018
1.2144488	1.9997342
1.5635973	1.9789786
1.6881634	1.6745092
1.6705589	1.437661
1.9780266	1.174616
1.9658297	1.0721653
1.9835618	1.0200112
1.9662805	1.0060375
2.0292804	0.99692774
2.0890112	1.0123909
1.9516925	1.0228989
2.0843387	1.0155128
2.0543923	1.0236046
1.9148889	1.0301125
1.8441986	1.0280433
1.9928031	1.0249273
2.0491295	1.0215318
2.0951252	1.0178351
2.1358986	1.0150344
2.1593916	1.0146033
2.2805405	1.006895
2.153024	1.0131041
1.9366218	1.0172408
1.8838047	1.0176523
1.6225331	1.0083208
1.4476382	0.9922181
1.3299974	0.9919452
1.1437873	0.9805965
1.055725	0.9782257
0.9413413	0.971978
0.9455607	0.9726833
0.95709115	0.9780869
0.9323336	0.9710553
0.9489568	0.9775599
0.98527306	0.9875793
1.0111738	0.9937332
1.0409286	1.0001198
1.0586772	1.001954
1.0350128	0.9969838
1.0239326	0.9948401
1.0356226	0.996465
1.0412071	0.9982627
1.0214369	0.99819976
0.9799767	1.0012803
0.926428	1.0040864
0.9096659	1.3445638
0.8768219	2.02035
0.85632044	2.0410457
0.80014324	2.004484
0.8142373	2.0116353
0.8524168	2.0370405
0.84349346	2.0224886
0.8680253	1.9893547
0.965173	1.9943613
1.1527776	2.0049841
1.2631947	2.0119848
1.1907489	2.0133295
1.0495186	2.0076532
0.99879664	2.0015786
1.0488046	2.008392
1.0838184	2.0137322
1.012637	2.0060468
1.0134006	2.0062802
1.0594195	2.0137475
1.1142846	2.0209644
1.1837878	2.028376
1.1765944	2.02309
1.3085753	2.0314684
1.5461755	2.0513384
1.6152854	2.047604
1.8289689	2.0473762
1.9283504	2.0320544
1.9141546	2.0353954
1.9259297	2.0319984
1.9557139	2.0225046
2.0375857	2.0301726
1.8290561	2.0136278
1.8375137	2.002391
1.9769253	2.0100632
1.8605527	2.0114286
1.7460558	1.9998432
1.837361	1.9987482
1.9051201	2.010935
1.8077238	2.0079532
1.7888429	2.0008805
1.5614699	1.9886513
1.4839159	1.9864986
1.4724993	1.9882942
1.2796466	1.9930065
1.1456616	1.9963856
1.0540247	2.0006967
0.9752016	1.9994274
0.8912491	1.998531
0.8632691	1.9960912
0.84247565	1.9896333
0.8290388	1.9788419
0.8392507	1.9711837
0.8425667	1.9660323
0.83650506	1.9605986
0.84064704	1.952871
0.8741868	1.9639829
0.9209205	1.9827138
0.93884987	1.9884053
0.9208156	1.9844719
0.92971843	1.9885137
0.9417117	1.9905912
0.9601405	1.9934572
1.017549	2.0033348
1.1185987	2.0168998
1.1985152	2.02325
1.4566795	2.0360575
1.6965497	2.0436087
1.8520697	2.0414095
1.8872331	2.039365
1.8816512	2.0304794
1.9468068	2.021588
1.9544619	2.015505
1.969756	2.006569
2.007441	2.0142891
2.0900574	2.015901
2.058875	1.9975935
2.0441802	1.9973067
2.0406215	1.9938631
2.0503514	1.9890212
2.053221	1.9915279
2.0170572	1.9894922
2.0334582	1.9834816
2.0528915	1.9760455
2.0947335	1.9819429
2.0283444	1.9861554
2.0913181	1.9833853
2.097551	2.0109959
1.7390102	1.9997299
1.5464718	2.0094447
1.4557769	2.025704
1.3607358	2.0303676
1.2694458	2.0247786
1.3312409	1.9750619
1.2029678	1.9184556
1.0642129	1.1830868
1.1877239	1.0436432
1.1783131	1.0474629
1.1035444	1.0312562
1.0032215	1.0296013
0.9377152	0.98934954
0.9380336	0.9840327
0.9687346	0.9856877
1.083972	1.0064901
1.1641268	1.0139571
1.1914048	1.0157448
1.1428952	1.0113925
1.1365112	1.0111905
1.1552454	1.0133747
1.1192185	1.0089602
1.0729116	1.0029025
1.1219233	1.0095209
1.1001064	1.0063264
1.176004	1.0153185
1.3609469	1.0236639
1.4452721	1.0240557
1.792713	1.0007185
1.99858	0.97639364
2.112475	0.966366
2.226126	0.95724475
2.3354156	0.9575695
2.4659894	0.9579229
2.5862114	0.96787024
2.7782571	0.9747934
2.9127612	0.9857314
2.979678	0.9943351
3.025262	1.0000063
3.0639832	1.0053385
3.0592897	1.0055697
3.0524414	1.0048916
3.060654	1.0064067
3.0608234	1.0073256
3.0452626	1.0057167
3.047037	1.0067046
3.0590591	1.0092582
3.0338452	1.0048705
2.9925096	1.0004816
2.9960892	1.0008651
2.9528534	0.9966709
2.8136976	0.989282
2.6560042	0.98969185
2.6080139	0.9879786
2.0327713	0.98887503
1.9025879	0.9742358
1.8606716	0.97367626
1.7441775	0.9658087
1.7116786	0.9606784
1.6352873	0.9749724
1.5828946	0.990618
1.5222805	1.0142598
1.612036	1.0412784
1.8674508	1.0528202
1.9472861	1.0581994
2.0360327	1.0417447
2.0856519	1.0294949
2.126542	1.028297
2.028822	1.0381849
2.1363406	1.032342
2.0071738	1.0496949
1.8690349	1.0906816
1.9970927	1.6428529
1.9958367	1.9928806
1.8862003	2.078874
2.0951872	2.0622802
2.0966835	2.0501916
1.8367593	2.0198858
1.8940302	1.98132
1.9082042	1.9731117
2.0731723	1.9685035
2.1715374	1.9531298
2.1804128	1.9498069
2.1380057	1.9486107
1.9972991	1.9696741
2.239016	1.9682385
2.5983694	1.9838793
2.471566	1.9724588
2.3936474	1.98259
2.2056732	1.9784461
1.9481834	1.9735999
1.8414768	1.9767761
1.9422636	1.9699144
2.229041	1.9673373
2.1440861	1.9800614
1.9806334	1.9785135
2.2433417	1.9762473
2.4615495	1.9783913
2.6477258	1.9710469
2.5943875	1.9706872
2.735044	1.9752886
2.8679266	1.9725688
2.924834	1.9865732
2.995375	2.001278
2.9685094	1.9977574
2.9800372	2.0030954
3.0195184	2.0166616
3.0109165	2.0131428
2.9785578	1.9993229
3.01039	2.0095232
3.0174887	2.0141184
2.9619567	1.9929911
2.9358118	1.9863085
2.936436	1.9879603
2.9883444	1.9989209
2.9526803	1.9901545
2.8257594	1.9793146
2.859661	1.9802593
2.9666593	1.9913044
2.841468	1.9770119
2.6606665	1.9794781
2.5746038	1.9864947
2.4880724	1.992664
2.4115648	1.9973013
2.020809	2.011835
2.1207316	2.0093088
2.263533	2.0061924
2.0132742	2.0086267
1.9127812	2.0068476
1.9244094	2.001101
2.0206406	1.9958476
1.8983861	1.9915746
2.0346634	1.9818727
2.0839908	1.9756799
1.8657886	1.9839627
1.895602	1.9821138
2.0243392	1.9823279
1.9906877	1.9857074
1.9248998	1.9862311
1.9697853	1.9837877
1.9459949	1.9883662
1.8886904	2.0005076
1.9509805	2.0098507
1.9551705	2.002343
1.9999274	2.0114124
2.098932	2.025291
2.2414935	2.041942
2.3185444	2.0403898
2.222593	2.0443943
2.3883739	2.0238554
2.5722466	1.8577585
2.6486633	1.8729365
2.9895651	1.1529411
3.0394301	1.0139304
3.0015008	0.9803945
3.036865	1.0049344
3.0526876	1.0470204
3.0103674	1.0263442
2.9109766	0.9823543
2.9466007	0.99052924
2.9446185	0.9924052
2.9094062	0.99074847
2.9049833	0.99189365
2.918186	0.99345315
2.924176	0.99446994
2.9426334	0.9959602
2.9198275	0.9939018
2.88597	0.9920149
2.912685	0.9930284
2.9191127	0.9933198
2.8941336	0.99156845
2.8870125	0.9911969
2.7752733	0.9874258
2.64741	0.9874799
2.2813137	0.9902461
2.090741	0.9840868
2.0099306	0.9804896
1.9210782	0.9756839
1.8697973	0.9735618
1.8130957	0.9739525
1.7663928	0.9781721
1.6623465	0.9781909
1.5125494	0.98557943
1.3513442	0.985432
1.1580431	0.97815377
1.019155	0.98091453
0.92377347	0.98599356
0.8884228	0.9779908
0.87221897	0.9668324
0.88586265	0.9685732
0.9016578	0.9693367
0.9190512	0.97237295
0.9458301	0.97816616
0.96023756	0.984427
0.9868441	0.9917796
1.0088233	0.9968539
1.0137264	0.99630976
1.0256305	0.99826604
0.996232	0.99203724
1.0119853	0.994483
1.0862936	1.0059563
1.1427222	1.01294
1.2700146	1.0236367
1.5087496	1.0258279
1.675586	1.0132991
1.8721671	0.9932155
2.048593	0.9730178
2.1307068	0.96751213
2.248326	0.95007706
2.3720155	0.9400994
2.446297	0.95683247
2.6176217	0.97273105
2.7754533	0.9810646
2.929939	0.99367356
3.017347	1.002626
3.0384066	1.0050095
3.044037	1.0056239
3.0630262	1.0093364
3.061286	1.0074263
3.020707	1.0025914
3.0059788	1.0011297
3.0161493	1.002217
3.0136354	1.0020138
2.9658558	0.9974869
2.951254	0.99665266
2.9800045	0.99858886
2.9630527	0.9970776
2.9814248	0.9985572
2.9816673	0.9987082
3.0037086	1.0020747
3.0447204	1.0123305
3.0620074	1.02145
3.081087	1.1005129
3.062129	1.1323276
3.0816963	1.2096072
3.0186272	1.9739696
3.012393	1.987532
3.030211	1.9667829
3.0142717	2.004236
2.9973402	2.0098376
2.982961	1.9972924
2.9579794	1.9780222
3.0028505	1.9964391
3.0020933	1.9933747
2.9227307	1.9653407
2.9599504	1.9751664
2.9929934	1.9889433
2.9553318	1.9729986
2.990242	1.9871771
3.0110543	1.9997094
2.9278052	1.9742981
2.91652	1.9735607
2.9902613	1.9906296
2.9572604	1.9829009
2.9431975	1.9811467
2.965179	1.986196
2.9287753	1.9878024
2.6815166	1.982499
2.3260841	2.000379
2.324334	2.018663
2.1606328	2.0328496
1.9343451	2.0121896
1.8483921	1.8458524
1.7105328	1.9739605
1.6816716	1.6299405
1.7518377	1.0213417
1.6601764	0.99288327
1.3995935	1.0002491
1.2630383	0.9980598
1.1319761	0.996546
1.0727384	0.99436766
1.034919	0.9937199
0.99472445	0.9883703
0.99860936	0.99136055
0.97042286	0.984322
0.9742847	0.9843882
0.9526795	0.97670543
0.9387255	0.9712541
0.98276836	0.98161405
1.0055292	0.9858818
1.0184263	0.9882701
1.0027776	0.98497784
1.004519	0.9855135
1.0339724	0.991612
1.0347549	0.9915779
1.0038034	0.98552024
1.0405287	0.9927488
1.2011881	1.0132236
1.2596115	1.017085
1.4021872	1.021493
1.5378923	1.0185211
1.7001781	1.0105115
1.8319418	0.9985316
1.8605429	0.99977833
1.9670676	0.99156183
2.0640497	0.9862078
2.1672254	0.97875303
2.1962588	0.9836575
2.1384432	1.0045296
2.29835	0.9951362
2.3926616	0.98933756
2.3185468	1.0032846
2.2371895	1.0088458
2.173419	1.0123256
2.0597756	1.0165318
2.0962977	1.0145004
2.0927372	1.0152136
1.9224466	1.0172423
1.8753515	1.01691
1.8636405	1.0191184
1.6748215	1.0199713
1.5785171	1.0227511
1.4743203	1.0305847
1.4235879	1.0390366
1.3303034	1.417414
1.2561603	1.8568119
1.2204599	2.015866
1.1097647	2.0705106
1.0249894	2.053368
0.96059614	2.0246139
0.91793007	1.9874928
0.9478437	1.984057
1.0180556	1.9898087
1.05203	1.9986837
1.0595887	2.0011466
1.0346258	1.9972562
0.97311145	1.9963297
0.8979811	1.992595
0.8894677	1.9893904
0.91174084	1.9855984
0.9351926	1.9890393
0.96922094	1.9953383
0.97470325	1.9964113
0.980214	1.9968948
1.0113856	2.0010312
1.05268	2.00493
1.0708586	2.004923
1.0564926	2.0050666
1.1655049	2.0199835
1.2493621	2.0306284
1.4422737	2.0490177
1.5395387	2.0672214
1.6095468	2.0689938
1.7605901	2.060263
1.928392	1.8764355
2.035594	1.8034972
2.1002772	1.5736603
2.2909086	1.7199227
2.498887	1.1616024
2.6664033	1.0034264
2.917218	1.006419
3.0563626	1.0432905
3.0783017	1.0309558
3.0648532	1.0106244
3.0648117	1.0064026
3.0451365	1.0045443
3.007695	1.0010033
3.0076468	1.0013429
3.0024428	1.0011164
3.0077167	1.0012838
2.9892566	0.99961936
2.986799	0.99933094
3.0182366	1.0021795
3.0005212	1.0005149
2.9958153	1.0002878
2.9713225	0.9976922
2.8979135	0.99228114
2.8423295	0.98947656
2.7859719	0.9923439
2.5292249	0.99300355
2.307046	1.0192472
2.2660372	1.1180981
2.1328516	1.7830071
2.0525208	1.9281534
2.030781	1.9775549
1.9099797	1.9856935
1.8022466	2.0130498
1.6458782	2.030051
1.3909785	2.0132363
1.1242129	1.9954901
0.959985	1.986119
0.91818666	1.9795356
0.8864465	1.9752688
0.8858593	1.9735969
0.89903945	1.9779394
0.8859898	1.9754874
0.8709547	1.9652908
0.85444164	1.9536557
0.86864525	1.9540887
0.9096642	1.9676082
0.9158019	1.9702506
0.9126641	1.9677243
0.92974246	1.972509
0.936126	1.9757322
0.9412943	1.977201
0.9675341	1.9810623
0.95293325	1.9710051
0.9748877	1.9713845
1.0412563	1.9841037
1.1193362	1.9956082
1.312042	2.0292914
1.3403237	2.0347862
1.3221464	2.030141
1.4592594	1.9902323
1.6281365	1.9237303
1.8032978	1.6944644
1.8326086	1.7795762
1.9208713	1.8122063
2.1095872	1.6934947
2.2657309	1.2259461
2.3686473	1.0696259
2.5592654	0.9922321
2.7742746	0.98803455
2.9435737	1.0009781
2.9954817	1.0027405
3.0464382	1.0069048
3.055737	1.0066984
3.0393107	1.0035312
3.0477223	1.0040689
3.0524242	1.0046866
3.0312035	1.0033432
3.0247378	1.0029143
3.032341	1.0037233
3.039091	1.0044228
3.0374823	1.0041118
3.026158	1.0028305
3.0090795	1.0015227
2.9871793	0.9994851
3.0250359	1.002354
3.0305963	1.0028123
3.0039022	1.0004998
2.962705	0.9973522
2.8841064	0.99356854
2.7712696	0.99043083
2.5886564	0.98995036
2.290236	0.9908757
1.9798752	0.9787285
1.9113113	0.97858745
1.8394487	0.96983045
1.7728014	0.9820879
1.6790221	0.9784938
1.565374	0.9986247
1.385335	1.0570028
1.1547122	1.0043335
0.99769306	0.9996836
0.91716	0.99974245
0.896373	0.98545486
0.92130417	0.98885113
0.9205911	0.9803832
0.94447345	0.9842576
1.0087254	1.0010781
1.0281991	1.0035658
1.0813576	1.0162401
1.0864449	1.0166569
1.0728643	1.0114962
1.1131335	1.0160601
1.0887444	1.0120267
1.0803276	1.0124503
1.0781428	1.0172452
1.1052462	1.0256946
1.1205988	1.0673083
1.1535127	1.0683951
1.2065123	1.1128072
1.2839522	1.2064608
1.4161941	1.4589343
1.4673346	1.9837445
1.562478	1.9868038
1.6122729	2.0031831
1.7739527	1.9745115
1.7757974	1.9881034
1.8117415	1.9909964
1.9749223	2.0111778
1.9734229	2.0167584
1.9841758	2.0025582
2.0422218	1.9994254
2.0836754	2.001973
2.153056	2.010033
2.1138709	2.0024526
1.9956222	1.9967811
2.0113697	2.0086918
1.8836933	2.0162961
1.7799138	2.019797
1.8507277	2.021211
1.9241884	2.0287805
2.0028915	2.0307279
2.2076366	2.0243664
2.264237	2.0136442
2.508899	2.0027602
2.6842086	1.9980719
2.7405512	1.9930676
2.8725493	1.9889839
2.9604807	2.0035284
2.972985	1.9962708
3.0427961	2.0606546
3.0457888	2.0506334
3.0154152	2.0082755
3.023836	2.0183454
3.0106444	2.0056696
3.028279	2.0175397
3.0286803	2.0144093
3.0240555	2.009838
3.019529	2.005244
3.0249612	2.0088813
3.0072792	1.996888
2.9835386	1.9852513
3.004813	1.9946319
3.025843	2.0116122
3.0339682	2.0233853
2.9922125	1.9874926
2.974428	1.9799705
3.0073662	1.9947894
2.9978712	1.98471
2.6652849	1.9715532
2.397858	1.9765793
2.3965476	1.9883364
2.1438575	2.0155423
2.0543263	2.0228896
1.9085217	2.0257368
1.7564056	2.0313735
1.7413746	2.0219564
1.6882634	2.0089138
1.5164332	2.0052798
1.3444214	2.0005918
1.1707497	1.9959518
1.1182654	1.9960881
0.98063177	1.9999888
0.9189809	1.9993786
0.93108267	2.0003457
0.9131507	1.9978762
0.88519484	1.9942386
0.8915815	1.9927297
0.9486913	1.9986376
0.9596236	1.9987259
0.9631393	1.9990977
0.9752417	2.0003996
0.99252206	2.002701
0.9812536	2.0007234
0.99066514	2.0022404
1.0082244	2.004637
1.0009444	2.0037642
1.0203495	2.0062258
1.0334672	2.0082793
1.0556412	2.0118852
1.0736334	2.0139263
1.1052659	2.017787
1.1423326	2.024992
1.1437544	2.0259488
1.1527925	2.0267708
1.0700755	2.007374
0.9482901	1.9548671
0.9800141	1.7331918
1.1028428	1.1481138
1.0226655	1.1154548
1.1051494	1.0509254
1.1104146	1.0425808
1.18099	1.0376368
1.244078	1.0303329
1.1773497	1.0264022
1.2711468	1.0411763
1.3202723	1.0405416
1.3672432	1.0332447
1.3843254	1.0349172
1.2496583	1.0274091
1.2299987	1.0276248
1.1404475	1.0171664
1.0966384	1.0096328
1.1237612	1.012575
1.0830165	1.005741
1.0808728	1.0050445
1.0186353	0.9930065
1.0610105	1.0005299
1.1491785	1.0116018
1.0784929	1.0028769
1.092124	1.0052974
1.077679	1.0038486
1.0481865	1.0076656
1.1394498	1.0234183
1.2506206	1.0310392
1.2567143	1.0475495
1.3688236	1.0977318
1.4024283	1.7179285
1.4944417	1.8442982
1.4769714	1.9711931
1.7349328	1.9659133
1.8779694	1.9490559
1.9440209	1.9504285
2.067627	1.9518445
2.07483	1.9587891
2.2148063	1.981187
2.2158558	1.9836576
2.28007	1.9761487
2.1824245	1.9955652
2.0045288	1.9854211
2.0482085	1.9972086
2.0364149	2.018157
2.0783463	2.0021315
2.0052788	2.0088706
2.0106483	2.0084653
2.026281	2.0076828
2.028185	2.0151622
1.9732579	2.02165
1.8901846	2.0295541
1.853019	2.0352075
1.7930846	2.0366373
1.7352172	2.0320585
1.795505	2.0224345
1.8882676	1.7590564
1.8227483	1.883695
1.7687149	1.6317078
1.9593242	1.0398785
1.9949912	1.0128243
1.7896951	0.9958606
1.8870245	0.9909333
2.0919998	1.0095781
2.1719508	1.0061105
2.2387354	1.0066909
2.1783843	1.0157602
2.2645767	1.0123123
2.3844316	1.0047812
2.2173345	1.0137876
1.9949962	1.0159473
2.039933	1.0161315
2.197216	1.0130415
2.3431861	1.0055547
2.3688467	1.0024377
2.1652086	1.0107718
2.0123708	1.0118538
2.0051918	1.0102519
1.9695866	1.0126271
2.1611204	1.0101845
2.451598	0.9935362
2.6157463	0.9871796
2.8192768	1.0108638
2.82735	1.1152271
2.790931	1.3913507
2.7394958	1.938384
2.7445426	1.9560628
2.9715846	1.9437404
3.002368	1.9929705
3.0240586	2.0127604
3.026717	2.032459
3.0175753	2.026557
3.0181832	2.0161529
3.018011	2.0120869
3.0201266	2.0074914
2.9956212	1.9875875
2.9959733	1.9893405
3.028985	2.0095732
3.0218487	2.0024724
3.0093675	1.9909544
2.9939742	1.9869243
3.0043287	1.9909879
2.9938238	1.9878824
3.0103433	1.9962814
3.0135024	1.9992864
2.9681256	1.9793388
2.9394932	1.9746126
2.8746357	1.9709473
2.682345	1.978238
2.6246343	1.9837672
2.4700692	1.9973581
2.1633732	2.0154135
2.1921508	1.9880893
2.3291698	1.710671
2.0737336	1.8838899
1.9715049	1.8906983
2.0677366	0.99597657
1.9801046	1.0058869
2.184922	0.97040004
2.2784173	0.963103
2.0329263	0.9995384
2.0122843	0.9978913
1.8799673	1.0061306
1.895923	1.0100579
1.8649672	1.0208153
1.8148535	1.0210615
1.9525405	1.0228417
2.091573	1.0202371
2.0521064	1.0215065
2.025858	1.0192565
2.0747783	1.016868
2.1123312	1.0157658
2.049444	1.0184767
2.0668585	1.0167634
2.1056454	1.0143588
2.0360944	1.016257
2.1154306	1.0131117
2.2530003	1.008644
2.3537347	1.0004317
2.3857605	0.99552697
2.41119	0.9965087
2.5407324	1.0117337
2.7704995	1.2850392
2.8326788	1.8927138
2.9607785	1.7515604
2.9461503	1.9819558
2.9324362	1.9947754
2.9600997	2.01126
3.0008194	2.0188613
3.01724	2.0229204
3.0147867	2.012145
3.0276737	2.0139236
3.0220704	2.0117953
3.0123932	2.005053
3.0278885	2.0178454
3.0271308	2.0155137
3.0073423	1.9976391
2.9908364	1.9880779
2.9982479	1.9928194
2.9907908	1.9899026
3.0125885	2.00203
2.962895	1.9832947
2.947143	1.9761319
2.973529	1.9841024
2.8126352	1.9686818
2.5898964	1.9707307
2.5942209	1.9700278
2.5428128	1.9783062
2.1972797	2.0000906
2.102259	2.0066726
2.1513474	2.0036087
1.98987	2.0070202
1.9576092	2.003809
1.8577412	1.999551
1.7231765	1.9988775
1.6175945	1.9898278
1.5309031	1.9838198
1.3259555	1.9865661
1.1674438	1.9922849
1.0590436	1.9949692
0.96727324	1.9980999
0.8888722	2.000427
0.85477495	1.9989465
0.84436107	1.9942539
0.8403924	1.9864767
0.8502808	1.9789529
0.87880176	1.9812007
0.90052104	1.9858389
0.91902006	1.9900213
0.93820596	1.9924973
0.94486505	1.9943334
0.94617283	1.9946423
0.9409869	1.9938488
0.9724553	1.998219
1.0286689	2.005986
1.0832906	2.0139415
1.0673316	2.0118952
1.0443554	2.0082364
1.1257696	2.0207942
1.3041196	2.0473354
1.4016259	2.055505
1.3990798	1.9729075
1.3875972	1.9544067
1.4995568	1.5549442
1.7061784	1.1624323
1.877247	1.2028373
2.0831442	1.1649426
2.21323	1.0701044
2.4151814	1.0556107
2.5495021	1.0006285
2.7840693	0.994634
2.999504	1.0010617
3.0585036	1.0060287
3.0672023	1.0053576
3.0596063	1.005451
3.028478	1.0030574
2.9811292	0.99826765
2.9803393	0.99874324
2.9759936	0.99848056
2.9662406	0.9979424
2.9489408	0.9964233
2.9204903	0.994415
2.9605002	0.9968157
2.9962885	0.9994869
2.9154131	0.9940083
2.9306448	0.994146
3.0066013	1.000712
2.9972594	1.0027039
2.9503188	1.0205985
2.8911896	1.030041
2.9063232	1.0227879
3.029672	1.2231821
2.9959753	1.844082
2.9863849	1.9788097
2.9820964	1.9973501
2.9843714	2.0028565
3.0245628	2.0298066
3.0079093	2.0090973
2.9676406	1.9824153
2.9685202	1.9791849
2.94496	1.9708112
2.914423	1.9628557
3.0003984	1.9950581
3.032821	2.0142765
3.0072691	1.9978534
2.9896545	1.9872062
2.9562325	1.9762006
2.9262526	1.9717257
2.9800065	1.9862382
2.9670987	1.983432
2.8713145	1.9721425
2.7409704	1.9665493
2.6622589	1.9674033
2.568385	1.9775684
2.47213	1.9848247
2.4192832	1.9912856
2.2488198	1.9982702
2.1344252	2.0046966
2.1020317	2.0066073
2.084442	2.0030758
1.9567505	2.00043
1.9471468	1.9949632
1.926709	1.98321
1.8597661	1.9812607
1.941382	1.9735657
1.8125913	1.978148
1.8324579	1.9785894
1.9164314	1.9728734
2.0380816	1.9689391
1.9723508	1.9729518
1.7656981	1.9826826
1.8480301	1.9921062
1.8014662	2.0032332
1.6893893	2.0347457
1.3985583	2.0373695
1.0915732	2.0056016
0.96534526	1.9981672
1.0026422	1.6020107
1.1903465	1.076635
1.2756423	1.0747625
1.1991141	1.0747395
1.0042281	1.0359093
0.9744826	0.99356896
1.1013931	1.0177872
1.0471406	1.0021205
1.0939448	1.0084561
1.1380638	1.0122637
1.1002944	1.0052207
1.1259179	1.0082703
1.1832285	1.0145746
1.2102495	1.0172464
1.1668146	1.0130255
1.1150677	1.0062255
1.1570671	1.0120846
1.1464598	1.0108701
1.1403023	1.0101658
1.1528779	1.0118285
1.1688769	1.0157988
1.2936344	1.0275589
1.4804053	1.0340856
1.5961406	1.0674716
1.7160231	1.3931268
1.6038905	1.9366175
1.4276526	2.0382888
1.6799611	1.9978958
1.6860696	1.9946284
1.9322653	1.9691747
2.2154117	1.9674971
2.2994998	1.9622128
2.246397	1.9548591
2.2125885	1.970153
2.282887	1.9883496
2.0906327	1.9941354
1.9645685	2.0002964
1.9232699	2.012908
1.8926079	2.0060658
2.1197734	2.004859
2.0837944	2.0120592
1.8322176	2.0134435
1.8651981	2.0224793
1.9138619	2.0317633
1.8805062	2.0425873
1.9003266	2.0434113
1.7224711	2.034063
1.627885	2.0197437
1.8905916	1.6474866
1.9539294	1.5086485
