1.4985272	1.1637255
1.455562	1.2102072
1.5081878	1.2848713
1.2807024	1.7742745
1.1587411	2.0151827
1.3565792	1.995283
1.2785326	1.9609253
1.2833868	1.9579517
1.1787105	1.9670068
1.1540159	1.9704334
1.0692818	1.9810895
1.1174198	1.9729947
1.1182224	1.9759463
1.2599615	1.9742392
1.33106	1.9700531
1.2941144	1.9900451
1.4157705	1.9682481
1.3072381	1.9834359
1.3697602	1.9455976
1.3487114	1.9285328
1.163465	1.9695343
1.0411716	2.0158455
0.982377	2.0374215
0.9641652	2.0425212
0.9700519	2.024136
0.99760216	1.987577
1.0072615	1.988779
1.0578529	1.9576828
1.0771731	1.94967
1.103838	1.9406588
1.1587229	1.9205354
1.1664994	1.9215457
1.2179134	1.9044499
1.310318	1.8776212
1.5707556	1.8200488
1.9131545	1.4175321
1.7732799	1.397901
1.849687	1.7222848
2.154238	1.8275344
2.1684968	1.9160099
2.6421375	1.7711952
2.901807	1.0196185
2.9922328	0.9800106
3.008093	0.97448003
2.9733257	0.98240036
3.0159135	0.97650385
3.0633116	0.9792334
3.0896835	0.98539126
3.1263323	1.02504
3.1624758	1.0812182
3.1350167	1.0084066
3.1088357	1.0098158
3.0801113	1.0471767
3.0795255	1.0804449
3.0510736	1.0550833
3.0017042	1.0702447
3.0196202	1.0394161
3.0260499	1.005659
2.9239898	1.0632868
2.8474338	1.0909202
2.694939	1.1667717
2.489775	1.1788168
2.4843638	1.1904671
2.5502179	1.1814301
2.5975478	1.19302
2.4103034	1.2972616
2.4731085	1.7380474
2.6396537	2.0252056
2.4211252	2.0159369
2.536054	1.9782386
2.1252568	1.9866687
1.9417385	1.980155
1.9985231	1.969764
1.8780576	1.9746782
1.9114109	1.9773296
1.9615571	2.0025659
2.0420973	2.020967
2.124052	2.0314188
2.1338475	2.0337467
2.1007674	2.0323884
2.1296525	2.0221813
2.1236725	2.00443
2.174592	1.9918065
2.0976343	1.9877454
2.0920696	1.975985
2.10438	1.9856071
1.9978912	1.9944763
1.9780505	1.9786046
1.8685842	1.9894215
1.8821892	1.976284
1.7883824	1.969889
1.6774379	1.9962674
1.5186696	2.025565
1.4091067	2.04033
1.266895	2.0467753
1.1337456	2.0485158
1.0533416	2.0349643
0.9799408	2.0284135
0.9391761	2.0227191
0.9459056	2.0237136
0.9422278	2.0299647
0.9402945	2.020042
0.94661707	2.0128007
0.96373713	1.9923024
0.99550545	1.9758339
1.02423	1.9716122
1.0333567	1.9788142
1.0344912	1.9844091
1.0715085	1.9674202
1.1135364	1.9485182
1.1683905	1.9159688
1.1746457	1.9054818
1.1456257	1.9162513
1.1648675	1.9144913
1.323907	1.8729922
1.5500833	1.8669411
1.8828846	1.9248315
2.0780208	1.9771172
2.0791795	1.9863528
2.1264102	1.993484
2.2997344	2.010673
2.3352714	2.0113337
2.3392172	2.0080333
2.504845	2.0193324
2.4788318	2.01617
2.6689587	2.0294232
2.9912708	2.027106
3.0080578	2.0313828
3.0600524	1.9812222
3.0541387	2.0129538
3.0563388	2.0046673
3.0468304	1.995933
3.0163767	1.9983608
3.024151	1.9727842
3.0078945	1.9653084
2.9779139	1.9369515
2.8835926	1.9200209
2.7884963	1.937998
2.6258106	1.8912777
2.678676	1.9265586
2.6520271	1.9110357
2.6087503	1.8526083
2.5693557	1.9140193
2.2168975	1.8612728
2.1191027	1.9222689
2.0823505	1.963918
1.8846862	1.976554
1.8182484	1.9901179
1.6324689	2.006039
1.4613118	2.0221844
1.439831	2.0318117
1.3558867	2.0418
1.4112633	2.0430048
1.3999236	2.046748
1.3219719	2.0518792
1.2236292	2.0553029
1.0654795	2.0584195
0.9857533	2.0586123
0.9487783	2.0511506
0.93124384	2.0376914
0.91937894	2.0195575
0.920496	2.002605
0.94641197	1.9886676
0.9758993	1.9905983
0.98698556	1.993825
0.9937737	1.9951353
1.0035454	1.9970908
1.0193874	1.9889213
1.011372	1.9921024
1.0323633	1.9856714
1.0712986	1.966651
1.0913934	1.9576514
1.2777225	1.8976756
1.5683981	1.8872375
1.8145325	1.9367648
1.9589337	1.968476
1.9768654	1.9739802
1.9644996	1.9711587
1.9976172	1.973988
2.0153577	1.9752772
2.0430572	1.977211
2.070738	1.979539
1.9934319	1.9689703
1.9561418	1.9570874
1.8371217	1.939771
1.8338983	1.9285649
1.7984315	1.9317937
1.7183094	1.9261287
1.7232821	1.9291959
1.6758941	1.9254073
1.6813198	1.9189234
1.6025504	1.940978
2.8726494	1.08582
2.7777503	1.0225399
1.5835055	1.0636922
1.3158965	1.0407803
1.3183007	1.0307668
1.2627754	1.0249313
1.9104841	0.9946791
2.2721503	1.0029227
2.279752	1.0058008
2.4319012	1.0261779
2.3111742	1.0279173
2.1604884	1.026065
2.2064662	1.0043921
1.9000361	0.98089063
2.0332086	0.9952573
1.6415027	0.99694794
1.6366287	1.0044758
1.7695681	1.0081877
1.8202401	1.0119393
1.7953719	1.0451132
1.9614592	1.0493432
2.0595958	1.0786002
2.0653284	1.0846308
2.200891	1.1050916
2.0569453	1.1219343
1.9157646	1.1823195
1.6996586	1.2457379
1.325909	1.0520043
1.0635431	1.2207603
1.1321172	0.97401464
1.0687529	0.96655494
1.0252528	0.9586576
0.9760306	0.97074777
0.9630583	0.98244643
0.9818933	0.9921107
0.97302365	0.9907709
1.006682	1.0030822
0.984906	1.0502813
1.0901486	1.2600917
1.328363	1.6721432
1.4867474	1.5200169
1.463959	1.3162537
1.4195842	1.1885902
1.3628947	1.0988882
1.3717037	1.1446843
1.4015942	1.3429291
1.2287469	1.6906099
0.94601786	1.8767787
1.0189381	1.9783992
0.9762575	1.9901251
0.94727385	1.9952849
0.91886187	1.9982724
0.8797601	2.0018084
0.8554768	2.0092735
0.8439508	2.0132682
0.8624214	2.0132442
0.8982067	2.0102549
0.9557183	2.018458
1.0701709	2.0082045
1.1486602	1.9951396
1.1427089	1.9791248
1.0908797	1.9875847
1.1426024	1.9559581
1.1308908	1.959126
1.1062541	1.9686207
1.1979309	1.9244791
1.250673	1.8949023
1.4164112	1.8496335
1.7795693	1.8227818
1.7362195	1.8694155
1.910658	1.9208473
2.0561829	1.9597859
2.0134773	1.9639939
2.320279	2.01147
2.0979776	1.9843633
2.2854702	2.0053282
2.2270706	1.997184
2.2740755	1.9980602
2.7030032	2.0048351
2.1820364	1.9776372
2.3038538	1.9846401
2.1876597	1.9666793
1.9600794	1.9342587
1.9216607	1.9303613
1.9047391	1.9228529
1.8964688	1.9110966
1.8082436	1.9085544
1.8986051	1.9095917
1.446264	1.9435912
1.363551	1.9818938
1.2959094	2.0111194
1.1894001	2.0287883
1.1095579	2.0270665
1.048297	2.0267434
1.0052766	2.0390127
0.9679253	2.0394864
0.9436831	2.0255075
0.94191444	2.0361013
0.9209928	2.014522
0.93267006	2.0119705
0.9335632	2.0114214
0.9305554	2.0056734
0.9268032	2.0002973
0.93405855	1.9962406
0.9448128	1.9983016
0.97139835	1.9916894
0.96399164	2.0021772
0.9720881	2.0054114
0.9829168	1.9990209
1.0229664	1.9783785
1.1009625	1.9493214
1.3447008	1.8823618
1.4339873	1.8911618
1.6929699	1.9218899
1.8425436	1.9510343
1.9618667	1.9721979
2.061006	1.985493
2.0535617	1.9815346
2.0555098	1.9798849
2.04134	1.9755367
2.0077295	1.9707364
2.2492328	1.9944131
2.4673386	2.0082133
2.3715687	1.9979259
2.6273324	1.9982764
2.2517233	1.9795423
2.1808462	1.9674568
2.2388358	1.965903
2.0737848	1.9484593
2.058198	1.9465404
1.9599138	1.945052
2.028338	1.9461571
1.9511814	1.9428914
2.092064	1.9461052
2.4488125	1.8785492
1.687687	1.8988262
1.2796798	1.037428
1.0171132	1.02188
1.034953	1.018543
1.1212834	1.0213633
1.3179046	1.0227373
1.167093	1.0138177
1.1163495	0.99904174
1.1986336	1.0247483
1.08376	0.9954039
1.0903769	1.0379069
0.9881985	1.0045835
0.91447794	0.9869446
0.8995197	0.9932911
0.96593755	0.9880742
1.0017276	1.0014321
1.226974	0.9957198
1.399135	0.9775577
1.6532645	1.0097882
1.7755364	1.0488945
1.7589654	1.0885555
1.6541197	1.1000957
1.5750659	1.123378
1.6170126	1.114269
1.4666125	1.0923338
1.6565996	1.0326207
1.887408	0.98957616
2.0531936	0.9758113
2.465953	0.961358
2.5844035	0.968486
2.6600182	0.9580699
2.7021482	0.9543492
2.6958625	0.94066834
2.7101033	0.93725747
2.70435	0.9451527
2.7327402	0.9578178
2.7726653	0.99157274
2.828815	1.017831
2.9384682	1.0267817
3.0553534	1.0305631
3.068727	1.0241572
3.0702574	1.0271256
3.0543225	1.0570797
3.0133753	1.1088272
2.973048	1.2152443
2.9297323	1.4456413
2.895412	1.6431229
2.6723871	1.3468949
2.5664718	1.3963221
2.4630685	1.2718371
2.2710729	1.1853337
2.0015116	1.2844795
1.8413337	1.2758234
1.7841804	1.1386212
1.427472	1.2071601
1.5704297	1.0001194
1.5265347	0.9821604
1.557149	0.96319956
1.7132102	0.99580973
1.6729037	0.9809362
1.7246255	0.99571455
1.6053263	0.97094697
1.4323895	0.9718151
1.2981174	1.1414424
1.4050711	1.7751186
2.1042767	1.7354476
2.1703303	1.4534351
2.2208028	1.30791
2.108398	1.196988
2.234955	1.2856357
2.0924828	1.6599967
2.0814323	2.0566614
2.2045264	2.0169647
1.9635327	1.9847404
1.9363395	1.9774444
2.229184	1.9849588
2.1203938	1.9857382
1.9396249	1.9855781
1.8231671	2.0070927
1.8104537	2.011494
1.9118804	2.0096598
1.9412966	2.0097015
2.025173	2.00464
2.0274577	2.0053499
2.028068	2.003858
2.167956	1.9911035
2.4180236	1.9712188
2.439067	1.9730203
2.6967678	1.9991727
2.4114926	1.9643956
2.1425974	1.9933186
1.9579611	2.008506
1.9866548	2.021092
2.0268486	1.9903431
1.9752654	1.9670159
2.0155554	1.9470172
2.4244928	1.9531652
2.576307	1.9657301
2.825609	2.0164292
2.8714473	2.024411
2.9433415	2.0323212
2.9265501	2.0299656
3.018914	2.0294406
3.0373518	2.029071
3.0443404	2.0230973
3.0581694	2.013549
3.0425851	2.0105844
3.0338316	2.003601
3.0175874	2.00588
3.0116284	2.0013616
2.9889593	1.9966096
2.9414096	1.9871529
2.9180422	1.9779809
2.7513406	1.9297925
2.7821999	1.9321374
2.684907	1.8996493
2.5360072	1.8491474
2.5112216	1.8884608
2.494153	1.9007986
2.3734045	1.927818
2.347049	1.929977
2.1636224	1.9526906
1.9371632	1.9503776
1.9166173	1.9609002
1.742496	1.9969305
1.803152	1.990546
1.7440077	1.9989021
1.7103626	2.0048296
1.7882783	2.0019143
1.7267447	2.008788
1.785086	2.0059133
1.7801987	2.007971
1.9619621	1.988627
1.9388045	1.98677
1.8422985	1.9963504
1.8438704	1.9768546
1.8246738	1.9714252
1.7976748	1.9567193
1.8274821	1.9389412
1.8701768	1.9329766
1.7945505	1.9305539
1.810265	1.8922641
2.0148435	1.8072183
1.9802303	1.7806365
2.3371756	1.4379486
2.5959852	1.4168774
2.7583358	1.0818006
2.8743212	1.0479524
2.855148	1.0144771
2.9307418	0.99081707
2.9445565	0.9789124
2.9701862	0.98316944
3.0208924	0.98744404
3.0344236	0.99992436
3.0291114	1.0049775
3.0444725	1.0274558
3.016966	1.0288924
3.0144992	1.0063722
3.0492966	1.0050356
3.038678	0.9848848
2.993794	0.9962932
2.9951897	0.9978047
3.007633	0.9896485
2.9794648	0.99471486
2.9546974	0.9984941
2.9354343	1.0060183
2.8354554	1.0405235
2.7189763	1.0732886
2.5889096	1.1183568
2.4615145	1.1430768
2.417489	1.1709006
2.4100447	1.1889066
2.2193651	1.1752379
2.110989	1.140673
1.8922197	1.0543334
1.8268805	1.0180142
1.7562532	0.9987032
1.6997375	0.9832008
1.7179357	0.9846562
1.6466143	0.9730087
1.6516074	0.9726504
1.6158512	0.9637109
1.4679954	0.94949687
1.4544628	0.93672264
1.4287738	0.94152576
1.2370353	0.9477854
1.012439	0.97766477
0.9109553	0.9863175
0.8741925	0.98707706
0.8727866	0.98858815
0.92414945	0.9922122
0.97115755	0.99787676
1.016542	1.0110958
1.0457435	1.0445325
1.1689708	1.2037734
1.2818741	1.4455856
1.3812988	1.5053638
1.4319245	1.4154549
1.339926	1.2755677
1.3599967	1.1993785
1.4798348	1.2023997
1.5968449	1.1765308
2.0105557	1.2250643
2.3258274	1.2831185
2.4730732	1.2205343
2.620003	1.2649357
2.6731014	1.2323731
2.6708884	1.1678845
2.68289	1.090588
2.686937	1.0406284
2.6596875	1.0127989
2.666309	0.9888475
2.6977975	1.0080818
2.7093706	1.015202
2.7958813	1.0201743
2.9631872	1.0195438
3.058549	1.0113096
3.1039102	1.0257543
3.0664725	1.0135257
3.037968	1.0290792
3.0101612	1.0331339
2.9703848	1.0318652
2.8424294	1.087165
2.7364233	1.1039197
2.6620939	1.1045635
2.561373	1.126282
2.4635932	1.1242404
2.5352762	1.1576912
2.4268765	1.2306694
2.5081139	1.4505038
2.9326742	1.9703089
3.1012993	1.9972328
3.1594718	1.9831171
3.1213808	1.9809064
3.1264408	1.9717442
3.0879214	1.9594282
3.1060386	1.9539075
3.117673	1.9521116
3.079	1.9509166
3.016699	1.9951787
2.984339	2.0128574
2.9448476	2.016675
2.977122	2.0236785
2.9297009	2.012074
2.843312	1.9960517
2.8157449	1.9861137
2.7281365	1.9745216
2.69719	1.9725455
2.7312424	1.968996
2.7358997	1.9709367
2.5527678	1.9491521
2.587171	1.9483598
2.5211406	1.9333557
2.3169558	1.885054
2.5455768	1.9204628
2.5137484	1.8886076
2.3140547	1.2140772
2.0132434	1.4360633
1.4824659	1.1110344
1.285265	1.0525268
1.1383505	1.026572
1.3339479	1.0305218
1.47314	1.0259582
1.1388708	1.0135387
1.2370414	1.0121436
1.3167797	1.0158099
1.3511575	1.0165429
1.3883008	1.0232726
1.246911	1.0053788
1.0665882	0.97056323
1.0357397	0.9394011
1.0423161	0.93815225
1.0428251	0.9740831
1.0250456	0.9756355
1.0479928	0.9924167
1.0723377	0.99870455
1.0903205	1.0008135
1.0937071	1.0010467
1.1424832	1.0042576
1.1620702	1.0055642
1.2453437	1.0131251
1.2928461	1.0270097
1.3345484	1.0444411
1.4086682	1.0622144
1.4007455	1.0579777
1.3823793	1.0549917
1.4696434	1.0505756
1.7821777	1.0449703
2.034368	1.0698652
2.436703	1.0919371
2.5302534	1.1208316
2.6288204	1.2190627
2.6388466	1.0902617
2.587951	0.99129057
2.6085904	0.9819048
2.5891752	0.97404444
2.6005912	0.9576742
2.585397	0.9469782
2.561232	0.9746996
2.5400572	0.9659687
2.476391	0.97939444
2.466	1.0395939
2.415889	1.0192595
2.264739	1.0848583
2.0295365	1.171562
1.9751327	1.1744831
1.8330611	1.1205138
1.6820842	1.1392447
1.6275967	1.1922975
1.4366317	1.3894417
1.1023402	1.9657257
1.1058649	2.0260036
1.0456768	2.013797
0.98531646	1.9855839
1.0788535	2.0191503
1.0747721	2.0186656
1.0886004	2.0151062
1.0645138	2.0151966
0.9841475	2.0090797
0.94202834	2.0093594
0.87704396	2.0158262
0.8647062	2.037222
0.91602916	2.0444567
0.97581726	2.0277467
1.0224543	2.0133877
1.0405052	2.015002
1.0196705	2.017386
0.96915144	2.039334
0.94973195	2.0406516
0.9785722	1.9985152
0.99463415	1.9821911
1.0782886	1.8744447
1.1220143	1.8952718
1.1735528	1.8874946
1.2645223	1.8461404
1.4129188	1.6181195
1.4528638	1.2617444
1.5623851	1.3200674
1.7047228	1.2247485
1.8292953	1.2550114
2.273469	1.0526944
2.5557404	1.0356634
2.7432356	1.0105431
2.852563	0.9832133
2.904769	0.9764735
2.944258	0.9749086
2.9457934	0.97898406
3.014246	0.9749264
3.0263033	0.9776637
3.0493724	0.9821653
3.0839117	0.9845829
3.10739	0.98297733
3.11206	0.98678696
3.0671875	1.0178472
3.045787	1.060023
3.004481	1.0331665
3.0407414	0.9942926
3.057917	0.973287
3.0287619	0.97622406
2.9727805	1.0048541
2.8934114	1.026631
2.7732882	1.071924
2.7207704	1.0984745
2.6440785	1.1022227
2.6604578	1.1117077
2.4609947	1.1581297
2.2304878	1.159316
2.0410857	1.4001352
1.8916861	1.9125941
1.6427118	1.7298931
1.6590751	2.009316
1.571594	2.01653
1.5393499	2.0201945
1.5828345	2.0113063
1.5550315	2.0143876
1.3519746	2.040283
1.2428175	2.0561266
1.1604912	2.0696793
1.1541024	2.0661788
1.2462034	2.04925
1.2289764	2.0476682
1.0800518	2.0435069
0.98548436	2.0446622
0.95554405	2.0407307
0.9426833	2.0390263
0.9369536	2.0332792
0.9407409	2.0163386
0.9349065	2.0084252
0.9491569	1.9791956
0.963308	1.9644775
0.9748109	1.9542108
0.9973775	1.9372597
1.0192152	1.9300039
1.0288497	1.9240841
1.0585749	1.9084868
1.1135801	1.8743262
1.09746	1.8058468
1.1522535	1.5189241
1.2072257	1.2197555
1.3743674	1.1953421
1.8273084	1.2566364
1.9847065	1.2444955
2.163516	1.1844698
2.3401508	1.0261588
2.5462193	0.99890697
2.715461	0.9865033
2.7791727	0.9837542
2.8113644	0.9815906
2.876788	0.9774823
2.8818092	0.97819823
2.9199767	0.977651
2.941979	0.9794956
3.0096033	0.9784723
3.037652	0.97142416
3.0721686	0.96520233
3.0637598	0.9968889
3.0421846	1.0901811
3.009064	1.0899439
3.0151062	1.0461951
3.053679	0.9849401
3.0643573	0.9670054
3.0654461	0.96327525
3.027432	0.98722357
2.9427278	1.0278565
2.9195056	1.0323708
2.85469	1.0463861
2.8517785	1.0261234
2.6082861	1.0839083
2.6132145	1.0903155
2.5851924	1.0958252
2.4721136	1.1276224
2.439581	1.1195762
2.2234209	1.0936904
2.0510917	1.0667282
1.9079001	1.0355989
1.7459325	1.0093439
1.4793103	1.0682268
1.3867059	1.1383516
1.4378144	1.0183356
1.3218616	1.1407465
1.4880298	0.96950895
1.4143507	0.9851737
1.3360723	0.9981332
1.4320284	0.9410285
1.2389945	0.9405576
1.0105634	0.97778285
0.8773519	0.9899986
0.8444664	0.9887871
0.88711184	0.9900749
0.94382423	0.99643576
0.9842764	1.0121313
1.0485997	1.0248669
1.2261326	1.2040727
1.32706	1.3053337
1.3822261	1.271993
1.5058167	1.3224723
1.3792658	1.1753689
1.4405339	1.2324206
1.4322798	1.385798
1.4503021	1.5524063
1.3500552	2.0512407
1.4494882	2.0774968
1.479125	2.0449882
1.6093885	2.029125
1.8411213	2.044995
1.7648957	1.9758335
2.0410137	2.0128963
1.9409139	1.973565
2.1084058	1.9994642
2.0252013	2.0002456
2.0470543	2.00703
2.2406363	2.0562212
2.062488	2.003549
2.1047654	1.9928648
1.9918013	1.969513
1.8923882	1.9590775
1.9555444	1.9620302
1.9084759	1.9584217
1.8868775	1.9543352
1.9163815	1.9494393
1.7464728	1.9490936
1.6802291	1.9163069
1.6979214	1.8831582
1.7018828	1.7040666
2.0255013	1.7573874
2.5518882	1.8873967
2.5646148	1.9539807
2.748717	2.0069773
2.8670084	2.0210981
2.798522	2.0210154
2.900718	2.0312366
2.9883811	2.027888
2.884075	2.0118477
3.0241358	2.0149877
2.9525218	2.0097675
2.9608462	2.0071273
2.9952865	2.0068226
2.9060264	1.9932508
3.0058515	1.979566
2.975384	1.9694904
2.9799562	1.9703777
2.942586	1.9706594
2.928979	1.9566561
2.8135426	1.9621915
2.7409494	1.9417629
2.7130659	1.9316319
2.748736	1.9437246
2.8635983	1.922873
2.7083335	1.882855
2.7058475	1.8755656
2.575429	1.7175537
2.4148653	1.2349261
2.0404644	1.7164005
2.0245032	1.9545918
1.7800112	1.9487633
1.5555047	1.9676335
1.4448321	1.8788313
1.2161046	1.746296
1.1257973	1.8706288
1.2391244	2.0149927
1.2698617	2.0410576
1.2537731	2.0418906
1.2916013	2.043285
1.2318978	2.0480425
1.1709015	2.0424829
1.0426643	2.0450535
0.9901695	2.0375803
0.97224724	2.028488
0.9609244	2.0338826
0.95846105	2.0332081
0.962146	2.0246215
0.9805139	2.0062807
1.0075454	1.9781905
1.0775616	1.9371711
1.0860951	1.9474499
1.1295973	1.9241898
1.12004	1.9312694
1.1552281	1.9198315
1.182252	1.9088978
1.1431398	1.9316216
1.1627983	1.9327471
1.1887625	1.9210777
1.2794785	1.891998
1.3412519	1.8802747
1.531592	1.854292
1.7677654	1.834663
1.8961773	1.7705368
2.0321786	1.549769
1.409308	1.0931205
1.0277256	1.0192289
1.0864354	1.0204581
1.1148489	1.0184482
1.0535244	1.0047475
1.1433064	1.0395474
1.0845425	1.0186653
1.1153487	1.0401855
1.1433139	1.0379822
1.0745226	1.0407537
1.1660806	1.0105615
1.1635147	0.9769697
1.2346175	0.9728029
1.4478352	0.9787098
1.2650394	0.97212905
1.4592807	0.9818046
1.2775716	0.9836291
1.2546581	0.9890037
1.3108273	1.002884
1.2388651	0.9998707
1.3059213	1.0042404
1.2413526	1.0207736
1.3122413	1.0264578
1.41788	1.0368618
1.401965	1.0702381
1.6854999	1.133552
1.5399967	1.2252873
1.4676216	1.8233712
1.681134	2.023537
1.8161417	2.1014342
2.002288	2.1082876
2.2385516	2.1012619
1.8737849	1.9864124
1.9621787	1.9851204
1.8384103	1.9609487
2.163537	1.9953408
2.247916	2.0165849
2.3148308	2.0231001
2.2614303	2.0221503
2.0253417	1.9898224
1.9902098	2.0022426
1.8430932	1.9727046
1.9105747	1.9709244
1.917304	1.9673707
1.8761598	1.9842536
1.9517144	1.9636357
1.9008899	1.9594659
1.9806746	1.9594365
1.9728745	1.9108465
1.9533231	1.9408108
1.9390999	1.931137
1.9600011	1.9066569
1.9470298	1.8790318
1.8168117	1.3536035
1.6186566	1.0658929
1.4364518	1.0672988
1.3598763	1.0512612
1.7599467	1.0482383
2.1243637	1.0063272
2.174083	0.9974149
2.2839835	0.9784958
2.35447	0.9754676
2.3243217	0.97803843
1.9439543	1.0025916
2.0853114	0.99867374
1.9434042	0.9949048
1.979993	0.9878587
2.150571	0.99755293
1.9716547	0.99356997
2.0029285	0.9948702
2.1787782	0.9876158
2.159639	0.99405056
2.080231	1.0114155
1.9539676	1.0305983
1.8669249	1.040316
2.0028284	1.0350896
2.1167088	1.0297577
2.0044959	1.0372266
1.8226658	1.0805914
1.597586	1.3323798
1.4645723	1.1988777
1.6505116	1.924645
2.426711	2.117967
2.8985286	2.047951
3.0089703	2.0298378
2.9620283	2.0235987
2.980181	2.0185816
2.9795156	2.0109253
3.056043	2.004998
3.140377	1.9966034
3.1396153	1.9719197
3.1097248	1.9634838
3.0598047	1.9998137
3.0426338	2.0265818
3.0287716	2.0286126
3.0182025	2.0265086
2.9933572	2.017154
2.9464636	2.0059888
2.9188933	1.9991146
2.9188745	1.9925828
2.87478	1.9847795
2.883756	1.9773835
2.7885144	1.9594171
2.7514443	1.9499444
2.6620607	1.936141
2.745919	1.9526076
2.7087936	1.9335141
2.601365	1.9273379
2.530254	1.9054244
2.1897445	1.7605588
1.777062	1.1470501
1.5548261	1.0624931
1.340215	1.0360358
1.2060852	1.0196354
1.2974219	1.030461
1.6495354	1.0352184
1.5443034	1.033208
1.7584833	1.0419228
2.0153155	1.0274357
1.6613126	1.0230324
2.1798081	1.0199422
2.2483041	1.0192639
2.0318875	1.0120751
2.1050122	1.0095919
2.211035	1.0705727
2.2187138	1.0774317
2.079338	1.0325432
2.062736	1.0319641
1.866535	1.0259122
1.859845	1.021987
1.7670636	1.0307878
1.8219545	1.0363356
1.8138814	1.0407366
1.7896734	1.0717071
1.7519628	1.0703247
1.7987416	1.0834945
1.775925	1.1024034
1.7233282	1.1820309
1.9044707	1.3398048
1.9364374	1.1414304
2.2316964	1.5363332
2.712089	2.0547209
2.87243	2.0532875
2.7352006	2.016871
2.798597	2.0100615
2.9101162	2.0134273
3.0258255	2.017592
3.0558841	2.0109086
3.105213	1.9962512
3.0952017	1.9567189
3.08689	1.9566915
3.0164323	2.028362
2.9845269	2.020912
2.9570003	2.0092435
2.9012272	1.9967874
2.8868558	1.9937072
2.8944116	1.9921789
2.8864987	1.9927788
2.8499713	1.9835831
2.797389	1.9715501
2.738693	1.9622357
2.651624	1.9495127
2.6972976	1.9400103
2.5000434	1.9095829
2.547926	1.9254526
2.5051255	1.923784
2.2074778	1.9357015
2.2296672	1.9649127
2.0971909	1.9738865
1.9972496	1.9824514
1.886053	1.9931697
1.8010558	1.9968828
1.7106714	2.0024493
1.6237103	2.0140502
1.7357246	2.0104623
1.6445055	2.0189402
1.5750157	2.025931
1.546863	2.0285983
1.4985973	2.0330405
1.3617829	2.0407522
1.2192395	2.0475664
1.1015732	2.051008
1.0272732	2.054813
0.9678372	2.050807
0.9458884	2.0470974
0.93590575	2.0384793
0.92862153	2.0255065
0.9284768	2.0106199
0.94040704	1.994072
0.9661782	1.988803
0.98815304	1.9864129
1.0042922	1.9848665
1.0078301	1.9897152
1.0267032	1.9801903
1.0296601	1.9783098
1.0941684	1.943603
1.2785969	1.8575039
1.6023104	1.708452
1.6787132	1.8168204
1.7541618	1.7820895
1.9108487	1.8221658
2.191011	1.5143414
2.2679868	1.0558722
2.5613537	0.9978709
2.5946264	0.99659145
2.4779484	1.004885
2.42117	1.0185934
2.5758476	1.0082765
2.647511	1.0079106
2.667145	1.002682
2.7778707	0.9963634
2.8238442	0.99666065
2.8620737	0.99380594
2.945073	0.9866611
3.0888221	0.9665157
3.0526042	1.0538704
3.0340676	1.0558108
3.0456815	1.0104808
3.051454	0.9841845
3.023782	0.9937781
2.9611182	1.0090634
2.9230242	1.0135006
2.832796	1.0394815
2.6508625	1.0819582
2.6020372	1.1047416
2.6035652	1.1128284
2.4342513	1.1314913
2.4898694	1.1721636
2.5048618	1.216392
2.5673864	1.9410517
2.93177	2.0168893
2.840173	2.0058787
2.7615995	1.9958094
2.9412837	1.9800248
3.0378675	1.9691093
3.1008914	1.9589679
3.0909817	1.9541961
3.0815494	1.9501711
3.0931225	1.9641395
3.0396738	2.0122912
3.020702	2.0301697
2.9820585	2.022309
2.9088778	2.0112715
2.8335924	1.9970556
2.7425134	1.9698286
2.789214	1.9674946
2.735921	1.9268385
2.8276553	1.9515582
2.6387248	1.9463093
2.5822206	1.9535334
2.6238406	1.9541173
2.4912992	1.9397657
2.403951	1.9311697
2.3012419	1.9504946
2.1564229	1.9659954
2.0520675	1.9757109
2.0363264	1.9837134
1.9362831	1.981559
1.8744113	1.9925716
1.810404	1.9957888
1.7503731	2.000241
1.763825	2.0045598
1.7355865	2.0098364
1.8242126	2.0097895
1.8583678	2.0145116
1.8488064	2.0169485
1.9135637	2.0135195
1.7702996	2.0168202
1.7408105	1.9990989
1.7059084	1.9862682
1.8014433	1.9624611
1.7886369	1.9505302
1.6547103	1.9494607
1.7709029	1.9061934
1.5378971	1.7337751
1.4647967	1.0733281
1.4000291	1.0396253
0.8742627	1.0204073
0.93392324	0.9960711
0.9284087	0.99683595
1.0712042	0.9787013
1.1888602	1.0369633
1.1733571	1.0541093
1.0619733	1.0522544
0.97254467	1.031239
0.9205588	1.0326198
0.9782611	0.99745774
0.98582405	1.0027121
1.1663702	0.99087757
1.227077	0.9888568
1.3862321	0.97909296
1.5597708	0.9848294
1.6834135	0.98406786
1.7597818	0.998099
1.7079905	1.0222238
1.7378399	1.032088
1.6367482	1.0622087
1.6808528	1.0555685
1.8146818	1.1573468
1.904134	1.6595601
2.2089562	2.0184097
2.541991	2.090364
2.5284672	2.0609493
2.4448993	2.0294895
2.1505523	1.980712
1.9019109	1.9517354
2.0324812	1.9590385
1.8241332	1.9456381
2.040464	1.9680248
2.2193089	2.0268683
2.021068	2.009012
1.9794513	1.9885899
1.8731759	1.9761326
1.8885587	1.9815348
1.9110575	1.9826866
1.9440497	1.9654326
1.8477027	1.9567568
1.7853694	1.9752133
1.9776775	1.9337568
1.9111339	1.9292121
1.789372	1.920588
1.9009031	1.8115677
