1.2096659	1.2303127
1.1442981	1.4922532
1.2328124	1.5420417
1.2468218	1.7937765
1.2350155	1.9702462
1.1897479	2.0656052
1.2255982	2.1027815
1.2518525	2.139126
1.3129095	2.0762415
1.3852117	2.0539198
1.60352	2.0830562
1.679796	2.045793
1.5577887	2.083096
1.613945	2.081861
1.5657905	2.0725758
1.5287638	2.0401978
1.4507897	2.0470471
1.2460787	2.0773556
1.0793626	2.092827
1.0042791	2.0670686
0.9978548	2.059608
0.96430564	2.043113
0.9822034	2.0237381
1.0196882	2.0387866
1.0687534	2.049958
1.0431219	2.0349748
1.0379517	2.0310934
1.0972736	2.0428407
1.1196885	2.0524278
1.1058575	2.042329
1.1289603	2.0310128
1.1984767	1.9994041
1.2798953	1.9040657
1.1750096	1.9309173
1.1641577	2.025896
1.3834437	2.0020633
1.5051197	1.9441795
1.5698028	1.8690966
1.7533652	1.7064315
2.1110187	1.5666108
2.2618508	1.4878196
2.3913813	1.1160947
2.4995816	1.185018
2.8380141	1.3685132
3.111212	1.1884669
3.105031	1.1159335
3.2722783	1.2263213
3.2901947	1.0825206
3.2250488	1.0563017
3.1581063	1.0458982
3.2069001	1.262189
3.1622066	1.1167908
3.0051327	1.0486957
2.9592576	1.0896262
3.0016065	1.0768889
2.9557297	1.1087599
2.8801243	1.1339505
2.886124	1.1367406
2.8539	1.0950292
2.8491333	1.0965257
2.893398	1.1154009
2.9313304	1.1240185
2.8051472	1.1709803
2.775912	1.3119022
2.7666252	1.5445101
2.6190045	1.6345031
2.5248342	1.7713456
2.3910582	1.7569655
2.2307823	1.8504375
2.2918067	1.9373691
2.1861212	1.9792181
1.9815083	2.0210814
1.8676059	2.0331495
1.9200101	2.0776024
1.8898057	2.0611312
1.8885876	2.0288815
1.9253566	2.0275655
2.0217395	2.029646
2.0549688	1.9696945
2.104218	1.9834363
2.0063088	2.0254166
2.005244	2.0175133
2.0922525	2.0185242
1.9595925	2.030514
1.953412	2.0299363
1.926048	2.0278718
1.9865781	2.0264754
1.9542243	2.0308979
1.7578309	2.0519595
1.52463	2.0803273
1.363484	2.0929725
1.2469947	2.0892684
1.0909643	2.0711613
1.1195182	2.0623922
1.0287205	2.0607374
0.871337	2.0433433
0.84919614	2.0450506
0.8112751	2.0465512
0.7673947	2.00838
0.7952267	1.987623
0.8965498	1.9967073
0.962441	2.0226865
0.96867967	2.038656
0.98264813	2.0521247
1.0107291	2.055985
1.0436443	2.047984
1.0590677	2.0433786
1.026101	2.0325727
0.99643326	2.0260863
1.0011388	2.0326693
1.057413	2.0440352
1.1554018	2.0355709
1.2497735	2.0306635
1.3943461	2.034647
1.603605	2.038839
1.8393571	2.0399048
2.10982	2.0292063
2.4153101	2.000676
2.4077177	2.0128026
2.4829218	2.031744
2.754729	2.0179896
2.811284	2.0181687
2.7801132	2.0215447
3.0072062	2.0124059
3.0797827	2.0288978
3.1578877	2.0236754
3.1688876	2.0584438
3.2034802	2.0762846
3.1957562	2.0542884
3.0499904	2.0233927
3.021356	2.0031018
2.9956837	2.0115302
2.9524012	2.0104382
2.8978872	1.9984233
2.9015057	2.0208817
2.864425	2.0139096
2.9030771	2.0238042
2.91488	2.0132806
2.878195	1.9925874
2.8234823	2.024924
2.6632395	2.0116541
2.570132	1.9978572
2.5287175	2.021363
2.304662	2.0150418
2.0719287	2.0056574
1.8247682	2.0059516
1.663285	2.0050056
1.5865442	2.021969
1.4137508	2.0294359
1.2640887	2.0561512
1.1611079	2.076167
1.0827806	2.0792847
1.0088404	2.0841274
0.8382603	2.0833182
0.73643184	2.0829763
0.740267	2.0709388
0.7364294	2.030895
0.72239053	1.9871418
0.7608665	1.9981546
0.837068	2.0158658
0.9023882	2.0363657
0.9220481	2.0459337
0.9172867	2.0488183
0.9576298	2.060391
0.98073053	2.0578291
0.9379177	2.0528443
0.96825904	2.0631905
1.0327014	2.0620925
1.0345156	2.056521
1.122351	2.0514982
1.344649	2.057742
1.6178925	2.0558438
1.7286766	2.0545852
1.9479138	2.0543423
2.0398548	2.0569158
2.1314914	2.0552502
2.3624978	2.0433028
2.3073785	2.0535104
2.2485945	2.0611033
2.1440654	2.067908
2.0197015	2.0708778
1.9478106	2.0721207
1.968199	2.0660472
2.0405383	2.0671806
1.9406909	2.0706954
1.909755	2.0700424
1.9264414	2.0638604
1.9284039	2.0615275
1.9068444	2.0756807
2.2763999	1.9344989
2.2276514	1.8093683
1.3540207	1.9920982
1.0835971	1.9853927
1.6227045	1.3590757
1.8315425	1.1592834
1.8327109	1.0773991
2.173072	0.9933598
2.1227496	0.96499074
2.1018674	0.9281102
2.0734174	0.9208106
2.0819244	0.9050203
2.0858693	0.9699218
1.9044392	0.9169437
2.022746	0.9067412
1.9362112	0.8680887
1.8120825	0.882971
1.8265004	0.9474191
1.9307674	0.9303938
1.9768755	0.93231833
2.028209	0.94783705
2.0586805	0.9478192
2.0593405	0.932333
2.156682	0.9333754
2.0711918	0.9481615
1.9183658	0.959922
1.882271	0.969636
1.621436	0.9802674
1.3910139	1.1085665
1.2726251	1.0417141
1.0349783	1.0522883
0.96045095	1.0094427
0.86883885	1.0035036
0.87672436	0.9573354
0.91655946	0.9308524
0.8987885	0.9392897
1.0116413	0.9756283
1.1503754	1.0276281
1.1967349	1.0429775
1.24584	1.0616369
1.2485007	1.0283341
1.1806929	0.9880674
1.1579928	0.98077595
1.1781933	0.97340167
1.2056155	1.0013286
1.213575	1.0786746
1.1599146	1.1973022
1.062041	1.2779738
0.95418775	1.7820553
0.949017	2.0397496
0.8802271	2.0349414
0.7800392	1.9412783
0.8177437	1.9292607
0.92104334	2.1177802
0.9155852	2.1149359
0.92323226	2.0876184
1.1097103	2.1200607
1.2708709	2.07163
1.3775234	2.073816
1.316454	2.0558896
1.1635324	2.034951
1.1061621	2.0592954
1.1700692	2.0556312
1.2005448	2.0381258
1.1183089	2.0600636
1.1180389	2.0520587
1.1586696	2.0252092
1.2161549	2.005056
1.2868279	2.0085328
1.3018389	2.0411134
1.4292681	2.04509
1.6075188	2.0200434
1.687902	2.033114
1.8903407	2.024208
2.0153897	2.0394735
2.0198267	2.026773
2.0386498	2.0284185
2.0823267	2.026604
2.1394389	2.0013437
1.9712741	2.0302658
1.984677	2.0372515
2.0891461	2.0180812
1.972899	2.0153618
1.8815261	2.0336576
1.9618979	2.030453
1.9992242	2.00777
1.9086109	2.0134523
1.9019592	2.0236588
1.7088587	2.0553563
1.6220877	2.0642304
1.6398189	2.0700326
1.4043617	2.0692105
1.2181269	2.0657732
1.120871	2.0527933
1.0259955	2.0721636
0.8638985	2.05984
0.81191725	1.9998978
0.7492944	2.018383
0.68378055	1.9717395
0.7048815	1.9522903
0.6903993	1.9496667
0.6403968	1.9481735
0.6548559	1.9083475
0.76260763	1.9378407
0.8712969	2.0008576
0.9092378	2.02266
0.87890285	2.0151055
0.9035549	2.0346923
0.92744315	2.0339963
0.9573189	2.019964
1.0436116	2.0266104
1.1594548	2.0327523
1.2513078	2.0524752
1.4730994	2.0577788
1.6696173	2.0499694
1.8457518	2.0471764
1.9132794	2.047203
1.9555652	2.0550995
2.043693	2.0556626
2.0685563	2.056804
2.094613	2.058792
2.115461	2.0428367
2.1779165	2.028236
2.1664312	2.0427537
2.1402137	2.0364313
2.126747	2.038161
2.1300242	2.0377257
2.1187625	2.0332286
2.079112	2.0349793
2.095368	2.0406997
2.115728	2.0475872
2.1349583	2.0383127
2.064698	2.0368822
2.1158803	2.0358033
2.085005	1.9932648
1.7468147	2.0209622
1.5041976	1.9734566
1.4050126	1.8955197
1.333289	1.7058538
1.3051968	1.6578851
1.4750876	1.3702116
1.3812321	1.310568
1.149609	1.0475953
1.2178953	0.99291736
1.2520689	1.0168426
1.0931995	0.9628147
0.9254983	0.95359594
0.8227222	0.89081633
0.85488164	0.8892835
0.98574835	0.93902504
1.133974	0.9079522
1.3051862	0.9411309
1.3550541	0.9433078
1.3047233	0.9631008
1.3063112	0.97587895
1.3311827	0.9818344
1.266963	0.9623949
1.2063893	0.9713682
1.2839599	0.9765574
1.2468588	0.9628376
1.3044149	0.92448205
1.504627	0.89862233
1.6033053	0.9057909
1.9867923	0.9450763
2.2150745	0.9570869
2.3058295	0.91628766
2.435484	0.9087195
2.5221975	0.9152345
2.6427383	0.9228825
2.6656585	0.9352812
2.8516064	0.9785793
3.0192673	1.0429597
2.9700956	1.0301267
3.004988	1.0163503
3.0928874	1.0393653
3.0360172	1.0326611
2.9935968	1.0127195
3.0079648	1.0207512
2.9987898	1.0389035
2.9557512	1.0488502
2.9612901	1.0616009
2.9960933	1.0845805
2.934268	1.0436677
2.864508	1.0441481
2.8692064	1.055656
2.8145692	1.0421306
2.685001	1.0905614
2.5833595	1.1539389
2.56582	1.0752639
2.0852146	1.2000087
1.8384625	1.1575589
1.7477821	1.1439228
1.3740526	1.1517205
1.3956091	1.0529819
1.3871983	1.144049
1.4384252	1.1802661
1.4963875	1.1807519
1.63856	1.2302253
1.8684174	1.2595477
1.921227	1.3202002
2.0069149	1.2493467
2.0576115	1.1635455
2.0910692	1.1817515
2.0092237	1.2126477
2.0964096	1.2257962
1.9813849	1.2897956
1.8289759	1.4470029
1.8955959	1.8220589
1.922322	1.9588093
1.8441151	2.0535774
2.084016	2.083209
2.0863786	2.0416179
1.8520126	2.0992513
1.9625825	2.1162531
2.0072331	2.076121
2.1470165	2.0495317
2.2484546	2.065637
2.2336137	2.0715132
2.1831627	2.0766184
2.0152173	2.055973
2.2242086	2.0448952
2.5336258	1.999643
2.404961	2.0327332
2.3137033	2.0219765
2.1515212	2.041699
1.8886633	2.0742693
1.7803897	2.073194
1.9280809	2.0706306
2.215298	2.053033
2.124395	2.0445173
1.9721578	2.0548549
2.218394	2.0416791
2.4152057	2.027522
2.5898418	2.0283725
2.5196915	2.0331836
2.6278968	2.0311182
2.7975466	2.0423012
2.832972	2.0386255
2.952095	2.045363
2.8743124	2.0473595
2.8851	2.0458856
2.977056	2.050176
2.9493701	2.0449722
2.881931	2.0494773
2.9492826	2.0518718
2.9678977	2.0440748
2.8489466	2.034082
2.8122144	2.0352864
2.8099656	2.0232522
2.8918197	2.025233
2.8269014	2.0178344
2.6856015	2.0042071
2.7194953	2.0128708
2.8529062	2.0330257
2.7071984	2.0308979
2.5550716	2.0102696
2.4845722	2.0050504
2.4096568	1.9971163
2.3458726	2.0006824
1.9142778	2.0068862
2.0376637	2.0007854
2.170294	2.0026572
1.8805594	2.0114665
1.7396522	2.0209486
1.7833955	2.0247893
1.9356897	2.0227418
1.8255984	2.0335662
2.0019433	2.0426285
2.0826426	2.0464556
1.8475016	2.0476766
1.8993568	2.049699
2.0424852	2.0424309
2.012162	2.0398972
1.95224	2.0418468
2.004744	2.0429046
1.9842249	2.0376365
1.9115827	2.020508
1.9623041	2.0013363
1.9915496	2.0124073
2.0187979	1.9881387
2.0861742	1.9524282
2.187805	1.8573004
2.256246	1.8219463
2.1454718	1.7393082
2.3042762	1.5698141
2.563696	1.303572
2.5951421	1.3444287
3.028908	1.1449106
3.1123724	1.0730959
2.9595544	0.99632514
3.0406926	1.0471553
3.1021996	1.0677918
2.9701364	1.0053433
2.8236191	1.0173347
2.8756459	0.9747245
2.8746188	0.9718392
2.8257842	0.99141985
2.8084087	0.98551327
2.8126469	0.98760706
2.8066962	0.97784054
2.8173025	0.9772547
2.7826278	0.9896162
2.7426214	0.99177647
2.7696352	1.0017089
2.7774096	1.0082489
2.752515	1.0213853
2.7459726	1.023995
2.656946	1.0221888
2.5732903	1.0133268
2.3440208	1.0051149
2.171358	0.9822945
2.0770543	1.010418
1.9324356	1.0578876
1.8382884	1.0464337
1.7259718	1.0869473
1.6587446	1.1252428
1.4864995	1.1441094
1.1963507	1.2776675
1.08793	1.2377551
1.0227948	1.0798784
0.9443324	1.0890388
0.87910146	1.1471539
0.8586894	1.0898898
0.8269059	0.99910235
0.86332524	0.98723084
0.89421135	0.96104723
0.92780715	0.94796735
1.0232792	0.96626496
1.1098425	1.0298032
1.1830429	1.0759753
1.2059032	1.0793964
1.1962602	1.0491098
1.1983724	1.0397459
1.1487687	1.025607
1.163685	1.0141559
1.2786809	1.0213065
1.3450055	1.0289109
1.482219	1.0791595
1.6930099	1.1635494
1.8172674	1.1463004
1.9706787	1.1691495
2.143158	1.232084
2.2297792	1.2381997
2.4580967	1.1645308
2.7565832	1.1496636
2.7082632	1.1773688
2.7894044	1.1747495
2.999229	1.190782
3.0661852	1.1324335
3.126684	1.1123594
3.08352	1.0927887
3.0552244	1.0794451
3.0881085	1.1010873
3.0620492	1.0493656
2.9503064	1.02009
2.905008	1.0236591
2.9189057	1.015123
2.9106607	1.0166733
2.8264558	1.0026027
2.8000026	0.9838145
2.8427966	0.99792814
2.8148212	0.9985685
2.8449073	1.0202245
2.8496466	1.0521681
2.8908036	1.0957433
2.973901	1.2049525
3.004867	1.2893585
2.9555135	1.6359224
2.8938825	1.6683863
2.9414465	1.6881033
3.0320032	2.209305
3.0261042	2.2322533
2.9476562	2.0085952
2.902819	2.1192799
2.8681786	2.1771762
2.820583	2.1252813
2.7783995	2.0738797
2.8861444	2.08064
2.884652	2.0536764
2.7664604	2.0585196
2.8240976	2.0609992
2.9022691	2.0772734
2.8481016	2.0916488
2.9148502	2.0936685
2.9783018	2.109541
2.8143404	2.0584319
2.8060381	2.0598693
2.9213572	2.0833282
2.8599532	2.0636363
2.8351228	2.051347
2.8718026	2.058999
2.7952323	1.9842852
2.5742753	1.9943557
2.2806022	1.9588267
2.2520967	1.8744823
2.0533402	1.7390037
1.7774421	1.4607042
1.7068545	1.1567025
1.4342301	1.3373448
1.479183	1.0911969
1.6682881	0.918735
1.5988523	0.9261659
1.3079734	0.9543917
1.2258351	0.9652186
1.1737587	0.9924478
1.0909531	0.96963286
1.0390453	0.94356275
0.9715861	0.9333397
0.95269245	0.91313636
0.9419716	0.9332443
0.9751129	0.94528645
0.90979844	0.91810215
0.87114215	0.91185486
0.99184424	0.9028868
1.0692492	0.8974223
1.1315258	0.9049626
1.1230496	0.91073817
1.1181139	0.9098625
1.1839236	0.90833896
1.1841223	0.909909
1.1158272	0.9122274
1.1812215	0.9076896
1.4484972	0.9030511
1.5397992	0.9308764
1.69295	0.98987854
1.7943647	0.9983102
1.8944343	1.0233434
1.9972253	0.99952126
1.9711667	0.9385509
2.0724256	0.95286334
2.1657097	0.99254274
2.2650328	0.94249946
2.2454834	0.88326204
2.1328025	0.9641011
2.268968	0.9719883
2.3351872	0.90746176
2.2140822	0.93937117
2.1507761	0.9624423
2.096707	0.9558305
2.007224	0.94995636
2.0435472	0.9577016
2.0307853	0.9490454
1.9123065	0.9636974
1.8876129	0.9859099
1.9049191	1.0465925
1.7292585	1.2042402
1.5975955	1.28749
1.4814883	1.3149197
1.4375057	1.3229542
1.2423766	1.8034977
1.2091761	1.9284186
1.2328718	1.9556152
1.1639888	2.10033
1.1498473	2.1614246
1.135999	2.1799388
1.010254	2.1195505
1.0478133	2.0855923
1.1764514	2.0650926
1.2106049	1.9979758
1.2246683	2.0232258
1.2109984	2.0947287
1.0962496	2.069028
0.92190874	2.056007
0.8905455	2.023224
0.9332161	1.9145573
0.9748992	1.9307289
1.0260947	1.971955
1.0320137	1.9898754
1.039264	1.9764426
1.0814406	1.9459308
1.1305264	1.8781537
1.1577827	1.82527
1.147665	1.8790483
1.2680568	1.8083855
1.348848	1.7374285
1.5411985	1.599978
1.6165204	1.6835427
1.6972339	1.6978682
1.8903431	1.4808133
2.176654	1.2434856
2.348672	1.2084153
2.4405487	1.1495587
2.7274938	1.2184939
3.0243354	1.082956
3.1425984	0.97355855
3.2095058	1.0209451
3.1901448	1.0806525
3.2093053	1.0774937
3.149434	0.98797613
3.1346633	0.99309313
3.0448809	1.0057662
2.9410439	0.9960492
2.9196737	0.99418557
2.9001014	0.98024803
2.8956776	0.9924701
2.8537853	0.9900525
2.8458884	0.9891372
2.9004366	1.0017426
2.8635755	0.98647636
2.8521938	0.98609304
2.8189788	1.0142608
2.732339	1.0290562
2.6969082	1.0859413
2.660127	1.246355
2.5106812	1.192336
2.3487659	1.3615532
2.2586734	1.5939848
2.0511012	1.8484143
1.8755099	1.9059654
1.7940484	1.8998344
1.4936861	1.8870214
1.2794244	1.9025635
1.11329	1.9435842
0.9026661	1.8994871
0.8372078	1.8358841
0.8144638	1.8632978
0.8741553	1.9010262
0.8650281	1.8839395
0.889723	1.875465
0.9253267	1.9338636
0.88982636	1.9326849
0.8611253	1.8334802
0.8152411	1.7812446
0.8507081	1.7851255
0.9358237	1.8376876
0.94029313	1.8581445
0.9346766	1.8371693
0.96313065	1.8484536
0.9707689	1.8676424
0.97726244	1.8719598
1.0219591	1.8506021
1.0096966	1.7829229
1.0524886	1.7416242
1.1396717	1.7247412
1.2338402	1.6848524
1.4051783	1.6624663
1.4376376	1.682266
1.4469339	1.665596
1.6083329	1.4214318
1.7850219	1.3156062
1.9972202	1.2014903
2.0461397	1.2370615
2.1537843	1.2755175
2.4360445	1.2224749
2.6662064	1.0918556
2.752074	1.0311947
2.9157753	1.0007659
3.0915372	1.011937
2.97427	1.0801858
2.946972	1.1003991
3.1220434	1.0632898
3.1274238	1.0612816
3.0592606	1.0256282
3.0674694	0.986334
3.0584445	0.9696378
2.9705188	0.9752593
2.9276414	0.9950806
2.9359868	1.009513
2.9416249	0.9919242
2.9351861	0.97948027
2.8967419	0.97536397
2.8563075	0.9537776
2.8177793	0.95913565
2.8805988	0.98084635
2.8975646	0.9766558
2.8418179	0.9712552
2.7766135	0.96422297
2.6874325	0.94772106
2.5973265	0.949861
2.4873843	0.9666907
2.3185055	0.9941142
2.0033064	1.1270118
1.8621794	1.2108647
1.7385163	1.1084877
1.4967606	1.2813735
1.3221836	1.2665501
1.1037928	1.3525702
0.95657754	1.4979186
0.9360322	1.2901089
0.9247555	1.202985
0.88640285	1.1900846
0.8862841	1.1015258
0.9405407	1.076211
0.9299762	1.0074964
0.9689841	0.99187535
1.1106701	1.0635422
1.1522156	1.0656635
1.2300768	1.126041
1.2450651	1.1331096
1.2073919	1.076259
1.2579015	1.0762353
1.2334589	1.065478
1.2262571	1.0897871
1.2362927	1.1529365
1.2592933	1.1948731
1.2317644	1.4071983
1.2576746	1.3916742
1.2553456	1.476154
1.2938136	1.6100068
1.3925011	1.7181567
1.4771708	1.9242594
1.5572643	1.9147328
1.6592989	1.9812348
1.8652643	1.9982644
1.8560829	1.9716142
1.9143245	1.9717808
2.078369	1.8456551
2.091338	1.8732266
2.1179206	1.9569314
2.1754854	1.9634168
2.1997502	1.9500386
2.2284317	1.9099534
2.1793184	1.9497514
2.0611823	1.976077
2.038936	1.9403366
1.8996044	1.915082
1.7726566	1.8861693
1.8683673	1.8973281
1.9415758	1.8635067
2.010641	1.8571416
2.2019753	1.862893
2.2548177	1.9065639
2.4560156	1.9056085
2.624006	1.8732497
2.6285076	1.9337959
2.762246	1.9656572
2.8637416	1.9122025
2.8732967	2.0243855
3.2376318	1.998702
3.1621156	2.0701816
2.9508407	2.0609088
2.9720786	1.9886662
2.9214964	1.9789735
2.9910512	1.9802493
2.990448	1.962161
2.9685795	1.9746275
2.9490845	1.9881419
2.9700549	1.9764653
2.913168	2.0176544
2.8587184	2.0115228
2.904597	1.984719
2.981409	2.0063386
3.0364168	1.998023
2.8729882	1.9772224
2.8366785	1.9753716
2.9072409	1.9755858
2.8774486	1.909758
2.533749	1.9616048
2.343063	2.0265982
2.3371968	1.9896687
2.086415	1.9232739
1.9645828	1.9065152
1.7296293	1.9343592
1.4108155	1.9391146
1.4096742	1.9689214
1.4084524	1.9922739
1.2124219	1.9880486
1.0815604	1.9999411
1.0297353	2.0340202
1.153666	2.0444226
0.99601394	2.0257483
0.8854261	2.0059938
0.99297625	2.0309672
0.96548456	2.0451722
0.8900479	2.0462556
0.89957184	2.0215816
1.0065635	2.0100574
1.0178193	2.003369
1.0256894	2.0200841
1.0437884	2.039205
1.0633446	2.0219913
1.0397784	2.0116081
1.0599104	2.030494
1.0839685	2.0371876
1.075176	2.0396495
1.1045876	2.0500143
1.1210109	2.0466487
1.1428059	2.0360575
1.1676104	2.0405583
1.2037303	2.032079
1.2320391	1.9959477
1.2332683	1.9702308
1.2494025	1.9550682
1.1739976	1.7923045
1.0445201	1.6294138
1.1227723	1.3270786
1.1518831	1.085279
1.0525881	1.0828297
1.0876704	1.0086484
1.0919652	1.0039461
1.1563348	0.9454814
1.2374923	0.9651366
1.1730932	0.99752903
1.2654607	1.0563527
1.3354701	1.0622151
1.3720337	0.968849
1.4293779	1.0463029
1.3029139	0.9781421
1.3084168	1.022163
1.2358668	1.0051831
1.1601713	0.9508314
1.2211264	0.9682532
1.1773686	0.9553589
1.1707389	0.9438356
1.0993098	0.947031
1.1804909	0.9575556
1.3135277	0.9466597
1.2184848	0.9574851
1.2642617	0.9879298
1.2613493	1.0119959
1.2451785	1.1543269
1.3537946	1.2040883
1.4364889	1.1656654
1.4033316	1.299273
1.424232	1.5068179
1.4339037	1.8610926
1.4973632	1.8751951
1.47232	1.8969488
1.7452227	1.9254341
1.9904183	1.9582325
2.119265	1.9991362
2.2597303	2.0309112
2.2437391	2.05978
2.353708	1.9893436
2.3342137	1.9859865
2.3566184	2.0011923
2.2247355	1.9637522
2.0473487	2.010064
2.0656996	1.9762145
2.0091805	1.9207164
2.0729537	1.9692873
1.9993168	1.9525933
1.9929807	1.9577409
2.0236213	1.959162
2.0043852	1.9374845
1.9459889	1.9125046
1.8422763	1.8634939
1.8068658	1.8094362
1.7568804	1.7581058
1.7307622	1.7863513
1.8106676	1.4840012
1.9588563	1.1702219
1.9165049	1.2597806
1.8785373	1.1630384
2.0369253	0.95419043
2.0707772	0.9471731
1.8155391	0.93079877
1.9196693	0.93121123
2.0700424	0.91006964
2.1097832	0.8636132
2.1762428	0.9342826
2.0740192	0.8990097
2.122492	0.8830171
2.2188978	0.8935662
2.0780997	0.9051648
1.9369074	0.92796785
1.9614024	0.9231368
2.0428197	0.90306604
2.140446	0.89591765
2.168809	0.90273637
2.0144246	0.90300995
1.926997	0.91626936
1.9948552	0.98889005
1.9561325	0.9743004
2.0981672	0.9658643
2.3575742	1.0508455
2.5108635	1.1860868
2.6594582	1.5165206
2.6041906	1.7352406
2.5738285	1.8358818
2.6006074	2.029818
2.609567	2.010674
2.8994823	2.0191624
3.0682454	2.169025
3.0470443	2.1345026
2.9773674	2.0983899
2.941835	2.129785
2.9295366	2.0656552
2.9318447	2.059673
2.9314303	2.0114803
2.8599632	1.9745756
2.8663626	2.01192
2.9786456	1.9554172
2.9460623	1.9613438
2.8978581	1.9507984
2.8659148	1.9841566
2.8897097	1.9784894
2.8705366	1.9833077
2.9122832	2.0003881
2.9254537	1.9936049
2.8245301	1.9885167
2.7860148	1.9874201
2.7035096	1.9494921
2.5293648	1.8633904
2.4821355	1.8346795
2.3595636	1.8337315
2.0803404	1.7175536
2.1085944	1.4981953
2.2611685	1.185032
2.0044053	1.265727
1.8911476	1.2920247
2.0640588	0.896214
1.979585	0.91279817
2.0863113	0.8891653
2.1701777	0.8962277
1.8665829	0.87000304
1.8632746	0.87392145
1.8473884	0.9376322
1.818922	0.89647937
1.7585971	0.88921183
1.7208198	0.8966575
1.8944935	0.9304002
1.9568669	0.90278727
1.9152898	0.9011186
1.9245497	0.9178191
1.9616375	0.91768736
1.9816	0.9123303
1.922223	0.90856886
1.9517901	0.91613495
1.9939616	0.9235379
1.9654152	0.9398924
2.0330327	0.9448707
2.0965867	0.9123156
2.2283273	0.9551181
2.3219593	1.1410563
2.3453734	1.172278
2.4151733	1.4430882
2.540995	1.8600762
2.7314644	2.0611453
2.883478	1.9626209
2.9453886	2.1622677
2.926804	2.2512877
2.8551738	2.1662436
2.9231436	2.175063
2.956897	2.1290774
2.9483101	2.1110435
2.9685218	1.9818269
2.957816	2.0359633
2.9573095	2.1241639
2.9967778	2.0567186
2.9919064	2.0414753
2.9309535	2.0651317
2.8910465	2.057475
2.9083579	2.0488515
2.8968768	2.0522194
2.948656	2.0430422
2.8442004	2.0267346
2.827947	2.0510473
2.874956	2.0650074
2.6839776	2.0311368
2.5125132	2.0381591
2.52149	2.0499701
2.481012	2.0417726
2.1589403	2.0247297
2.032491	2.0209816
2.075375	2.0269487
1.8459117	2.0377448
1.7962077	2.0449097
1.6660969	2.0519922
1.4732054	2.0592937
1.4277033	2.0712645
1.4395698	2.081827
1.2505935	2.092348
1.0615543	2.0936186
1.0430121	2.0983765
0.96325475	2.1020184
0.82945895	2.088817
0.7739591	2.0810926
0.75225353	2.0659385
0.7239404	2.032494
0.74055994	1.9999744
0.81015605	2.0060108
0.8572696	2.0329072
0.8965549	2.0466053
0.93024063	2.04238
0.94516534	2.049714
0.9479395	2.0512571
0.938991	2.0468528
0.98904914	2.0313542
1.0557514	1.9993522
1.1171933	1.9573722
1.1207334	2.0122852
1.1094933	2.0112321
1.1905382	1.9722925
1.3448579	1.8447384
1.4532121	1.6876152
1.5260072	1.4252338
1.5409999	1.3928051
1.6425965	1.1812383
1.791799	1.0049341
2.0563614	1.0344933
2.3947747	1.0339714
2.6327746	0.97091126
2.9951308	1.0367501
3.2297509	1.0131941
3.1763082	0.9727062
3.147126	1.0152622
3.2090056	1.073563
3.1805289	1.0148637
3.1086507	1.0051513
2.9921722	1.0286235
2.8847992	1.007186
2.870892	0.9887458
2.8539662	0.97898436
2.827574	0.96888226
2.7959952	0.968529
2.7546706	0.9723785
2.8062253	0.98635054
2.8611736	0.9874722
2.7486894	0.97527283
2.7669053	1.0054005
2.8879902	1.0407364
2.8790061	1.176025
2.766865	1.4631643
2.7183444	1.488749
2.7606432	1.4140307
2.8453016	1.7187644
2.8674161	2.0027218
2.9364574	2.1684473
2.966137	2.249765
2.9117754	2.2269273
2.9531517	2.162789
2.8897047	2.0995739
2.8302064	2.1420088
2.8250432	2.0924928
2.8062265	2.0776978
2.7807007	2.0947552
2.9000301	2.011229
3.0264223	1.9261076
2.9155178	1.9937713
2.8866355	2.0623145
2.83466	2.065468
2.7969177	2.0512059
2.8858547	2.0633183
2.8609548	2.0545912
2.7401252	2.034395
2.6321049	2.044742
2.5728204	2.050898
2.4964013	2.0357456
2.4186468	2.0318832
2.3673272	2.0243413
2.1996007	2.0282269
2.0598748	2.0233066
2.0048594	2.0219646
1.9779114	2.030087
1.8042849	2.044774
1.8064822	2.0511992
1.8273284	2.0647464
1.7698377	2.0689816
1.9126432	2.0679455
1.8004842	2.0678816
1.8336146	2.06589
1.9606743	2.0668151
2.0748665	2.0636756
2.020833	2.0636659
1.8031744	2.063642
1.8857765	2.0472648
1.8473521	2.0338833
1.6715795	1.9507307
1.3230299	1.8078929
0.9594692	1.924362
0.8993495	1.6988465
1.1063067	1.1651239
1.2501873	1.0038235
1.2905937	0.9905448
1.1724205	1.0016513
0.9202138	0.9595624
0.89971733	0.8900945
1.0477769	0.8626362
1.0627664	0.9134772
1.0921627	0.8837482
1.1846635	0.8828625
1.1872736	0.90102935
1.2424195	0.90261877
1.3195572	0.8914119
1.3451355	0.88788563
1.3119664	0.9048991
1.2529154	0.9220386
1.2972181	0.9119444
1.2821903	0.9133169
1.2772421	0.91975874
1.3468933	0.96190834
1.4167771	1.0710261
1.5371764	1.135909
1.6604456	1.2195102
1.645963	1.5000894
1.6716766	1.8142216
1.6129318	1.955437
1.5287683	2.0769703
1.7693026	2.0422587
1.7998763	2.0318055
2.0632057	2.013377
2.4419148	1.9614917
2.5178728	2.0346375
2.4013894	2.057034
2.3007517	2.0224192
2.3083284	1.9759908
2.1100163	1.9814215
1.9625348	1.9707978
1.901741	1.9320364
1.8910841	1.9606136
2.1174831	1.9602435
2.0792017	1.9464517
1.8074236	1.9334902
1.8375787	1.9010016
1.8948143	1.8613609
1.841228	1.732259
1.8712165	1.6743819
1.7243743	1.6952215
1.633852	1.5366195
