1.4631956	1.2444199
1.5301807	1.2909846
1.6802628	1.2721758
1.775097	1.289435
1.573762	1.3913519
1.5980805	1.465965
1.5450071	1.924547
1.3574568	2.0210366
1.5812231	2.0360372
1.5930313	2.0551178
1.4272828	2.0420406
1.0956933	1.984274
0.9901587	1.958463
0.84246475	1.9388518
0.97350603	1.9769139
1.2344382	2.0470352
1.351334	2.0940905
1.6465124	2.0231307
1.3779453	2.0208669
1.4550794	1.9997408
1.5172306	1.9464394
1.6969116	1.830204
1.5972314	1.8285348
1.1218846	1.9939601
0.96952695	2.0462692
0.98127943	2.0212996
1.0270314	1.9848161
1.0378811	1.9708009
1.1383256	1.8893459
1.1774876	1.9113257
1.2488778	1.9079554
1.2689191	1.8795658
1.2858425	1.8631779
1.3926326	1.857119
1.4001243	1.8727229
1.415833	1.8460389
1.5555152	1.7732123
1.9167137	1.60431
2.430443	1.1917013
1.921016	1.40757
1.4335111	1.849658
2.0660205	1.7207772
2.6450782	1.5278984
2.8201816	1.2848462
2.9557054	1.0134419
3.0350704	0.98376715
3.0295737	1.0015112
2.9248726	0.9111823
2.956707	0.9487627
2.964625	1.3119006
2.9865134	1.167733
2.957775	1.1427075
3.048363	1.4602585
3.1235914	1.2508991
3.121859	1.1545993
3.1103523	1.1061878
3.0268044	1.3322233
2.9985342	1.0785643
2.984357	1.0086986
2.886126	1.0863376
2.912916	1.0587747
2.8186474	1.163583
2.6611717	1.2771093
2.6622112	1.3022426
2.6449275	1.2179362
2.6267483	1.2317915
2.6864932	1.27205
2.7343004	1.2878917
2.4678335	1.4807438
2.4651465	1.8462923
2.7471566	2.0692503
2.4544415	2.076851
2.3758082	2.073524
2.1029143	2.0324025
1.8943032	2.0157075
2.185512	1.9982288
2.1182418	1.9477881
1.9127175	1.9546553
1.9411627	1.9439759
2.052513	1.896111
2.031594	1.8995224
2.0057576	1.9055649
2.0208278	1.8939897
2.079135	1.8738918
2.1502328	1.8184983
2.1887498	1.8161604
2.0421987	1.872168
2.048982	1.861229
2.1157086	1.8528043
1.9769086	1.8717768
1.9681255	1.8674202
1.9356117	1.8602661
1.9980011	1.8501345
1.9479231	1.857745
1.6956811	1.9262209
1.3884605	2.019545
1.2015959	2.0625854
1.0754465	2.068067
0.9905035	2.0551627
1.0252253	1.9924098
0.99149805	2.001998
0.93272257	2.0397093
0.93530923	2.0393517
0.92474604	2.0539987
0.93676704	2.0269356
0.9866658	1.9609995
1.1105276	1.9072589
1.1977018	1.9111556
1.1612371	1.9523625
1.1540966	1.9688399
1.2068157	1.9540902
1.3455769	1.8888556
1.413109	1.8536241
1.3638276	1.8485248
1.3019234	1.8579512
1.2776353	1.8838205
1.3709689	1.8737173
1.6776584	1.7764044
1.9432173	1.7220088
2.1355176	1.7742537
2.2741444	1.9039369
2.294641	2.0150204
2.3580346	2.0722086
2.590116	2.0394433
2.5698833	2.0247524
2.3596666	2.0942457
2.5202131	2.1029005
2.6345377	2.0755367
2.702843	2.0689814
2.929324	1.9867734
3.004321	2.0367088
3.1250114	2.002983
3.1380036	2.0887659
3.1480508	2.1147606
3.1429582	2.0380354
2.9929776	1.9201726
2.9069467	1.7881525
2.8545163	1.842195
2.7499864	1.8097064
2.585478	1.6814891
2.6039853	1.7962877
2.5080283	1.739404
2.5845141	1.7793032
2.6268067	1.7655864
2.475626	1.5656161
2.389684	1.7271249
2.0515902	1.6753358
1.8361559	1.6121894
1.9517579	1.7957306
1.6877254	1.9165442
1.4521395	1.978546
1.3657393	2.0287313
1.3247274	2.0268135
1.4257553	2.042639
1.3767517	2.0592682
1.3304628	2.0881217
1.2146704	2.101568
1.0533642	2.1057382
0.9669663	2.0980587
0.9087328	2.1074839
0.88568586	2.1137443
0.8886224	2.0971353
0.91357404	2.0313897
0.9316648	1.9393582
0.9718824	1.9776192
1.0354241	1.9722415
1.1002946	1.9667035
1.1080332	1.9795696
1.0992229	1.983858
1.142365	1.9806137
1.2129147	1.9507279
1.1518863	1.9588611
1.1689862	1.9647629
1.3279451	1.9138792
1.3766061	1.8795655
1.6256868	1.7987766
1.985741	1.8367383
2.1692424	1.9885882
2.222491	2.005171
2.1813455	2.0658066
2.1353054	2.0786068
2.2322571	2.0655444
2.3235881	2.1008995
2.2615814	2.0791728
2.186777	2.0466971
2.0575528	1.9974604
1.9505651	1.9268925
1.8816719	1.9022496
1.9347899	1.8893594
1.9611268	1.9235828
1.8471804	1.9031744
1.8340863	1.8914826
1.8854858	1.878725
1.9059228	1.8699749
1.7704356	1.9174734
2.8683407	1.1599989
2.8679168	0.91638315
1.191242	1.9002318
1.0119766	2.0442863
1.6868701	0.96047956
2.1008093	0.9875597
1.9730965	0.9930135
2.5500243	0.9490815
2.40342	0.9821966
2.2381146	1.0171944
2.0905693	1.0644556
2.0146396	1.0943208
1.9872595	1.0533934
1.7354761	1.0767901
1.8901452	1.0493181
1.8093473	1.0550086
1.7594227	1.0722506
1.6031426	1.1953804
1.7358834	1.167073
1.7832705	1.1887312
1.8143171	1.2637749
1.8572857	1.2864594
1.8496968	1.2254927
2.0096114	1.2157096
1.7958341	1.3409525
1.5685664	1.3497913
1.5215862	1.3664714
1.3033376	1.1861753
1.0894443	1.5464126
1.0200105	1.1896896
0.96588033	1.0072739
0.9555268	0.9461128
0.9450202	0.9284326
1.0152767	0.92909503
1.1285433	0.9759638
1.0960336	0.992754
1.208721	1.220376
1.5786017	1.6624317
1.6773489	1.648479
1.7911583	1.6604675
1.7576604	1.4555984
1.5262283	1.2465359
1.4736747	1.2151189
1.5370206	1.2125221
1.6319454	1.3329546
1.6702776	1.6873008
1.418078	1.9142903
1.1639696	1.9189464
0.9928128	1.9558089
0.9199722	1.9201723
0.8486234	1.907982
0.8324498	1.9138488
0.82390904	1.9011767
0.7451365	1.8841332
0.7282573	1.8941265
0.76255035	1.9605794
0.81574017	2.0210526
1.172589	2.0555894
1.4015276	2.0481317
1.450815	1.9838067
1.3719718	1.8986899
1.1587247	1.9875915
1.336512	1.9210483
1.5320272	1.829225
1.2685044	1.9258249
1.2966197	1.9053993
1.6072139	1.7407182
1.8354878	1.6411741
1.9944061	1.6378533
1.7349466	1.7915393
1.8954763	1.8145761
2.3584204	1.7995384
2.2796662	1.8640466
2.3879635	1.9365368
2.244344	2.015876
2.3474808	1.9509032
2.4006038	1.9157783
2.2992222	1.9431237
2.547767	1.852826
2.0943635	1.8766313
1.9699895	1.9038879
2.2174454	1.8998858
2.1002235	1.829665
1.8547162	1.8654202
1.939514	1.877203
2.1385517	1.8204427
1.983231	1.8101851
1.8925426	1.8550456
1.5558428	1.9378576
1.4355571	1.9717549
1.4585562	1.9554838
1.2033693	2.0035005
1.0553172	2.0278666
1.0141816	2.0124176
0.95918536	2.0464678
0.9140746	2.0727613
0.9309077	1.9903826
0.91036135	2.0606012
0.89468163	2.0585446
0.9270034	1.9972987
0.9257503	2.0330017
0.9017503	2.0681787
0.9248466	2.0210488
1.0218426	1.966431
1.092597	1.9852968
1.1215	1.9897739
1.0847758	1.9928991
1.0954244	1.9990144
1.1394223	1.9806063
1.2736353	1.9023054
1.4842794	1.8421577
1.7588472	1.7925243
1.7772434	1.8524216
1.983922	1.9374359
2.2010276	1.9979955
2.2636442	2.0321727
2.3021102	2.0202441
2.2302134	2.0117445
2.2038176	2.0287979
2.206994	2.0126119
2.168396	2.0089078
2.368487	1.9457655
2.5325527	1.8912334
2.2375379	1.9689814
2.2138631	1.9338933
2.1751847	1.9206157
2.1206622	1.9213736
2.1467233	1.8974162
2.0779867	1.8814611
2.045213	1.8977653
2.016046	1.9126425
2.0974526	1.8971711
2.0569596	1.8643401
2.0976994	1.8774006
2.3170896	1.6901273
1.7452134	1.803301
1.350443	1.6901991
1.188275	1.1043257
1.1518008	0.9837249
1.1246953	1.0090499
1.3388788	0.9743305
1.2094646	0.99018013
0.9928969	1.0038817
1.1543301	1.0025034
1.1593024	1.0458747
1.0456256	1.0833026
0.9516792	1.068204
0.92752105	0.9483981
1.0003333	0.94640124
1.170315	1.0123712
1.393794	1.0561674
1.7929164	1.0573173
2.0100603	1.0513992
1.89412	1.1460547
1.9447832	1.2270601
2.0024014	1.2342274
1.7975633	1.1768231
1.6178124	1.2146306
1.8715773	1.2478867
1.7389727	1.1911125
1.8718038	1.0381738
2.3492515	0.8749423
2.5387402	0.8866165
2.7823536	1.079796
2.812394	1.1523615
2.7456632	0.95155364
2.7270505	0.9211633
2.6980166	0.9248749
2.685245	0.9242226
2.6631608	0.95343053
2.7318096	1.0668163
2.8427835	1.2305728
2.9021325	1.1547102
2.922154	1.0518489
2.937045	1.1096673
2.883261	1.1682992
2.8301716	1.1279215
2.8097034	1.1626551
2.737451	1.3307186
2.620822	1.4636564
2.6054757	1.496854
2.6922097	1.5403479
2.56678	1.3263354
2.3657613	1.3622876
2.35979	1.4363035
2.2832685	1.3521265
1.846806	1.502528
1.677935	1.5923856
1.8197179	1.3174702
1.4278035	1.1913912
1.4511532	1.0243855
1.5412111	0.9440166
1.5473565	0.87689286
1.6763703	0.8139054
1.6247529	0.8642018
1.5367463	0.9699076
1.3538796	1.1385413
1.3497314	1.4289001
1.6599357	1.6624391
1.8092086	1.7914232
1.9052866	1.5878078
1.924086	1.3533413
1.9961356	1.4120432
1.858637	1.5226272
2.0410945	1.5490752
1.8661351	1.709954
1.7168944	1.9490237
2.001412	2.1236057
2.0629883	2.075874
1.8761553	1.9788798
2.2681615	1.9475441
2.1557415	1.9663491
1.9243135	1.9311367
1.9385554	1.9280884
1.9123585	1.931451
2.0239003	1.92523
2.0493987	1.9395918
2.0703158	1.9180559
2.0319679	1.9079962
1.9624004	1.8952401
2.1502142	1.8892089
2.656317	2.002389
2.4005203	1.9365588
2.3319473	1.8716757
2.1481738	1.848866
1.8901559	1.9148163
1.7602094	1.939265
1.8754333	1.900064
2.1519804	1.8983408
2.1450882	1.8468816
1.9523137	1.860436
2.2195148	1.8838894
2.5266292	1.9639323
2.654859	2.0318723
2.5593066	1.9970608
2.7222605	2.0200899
2.8330235	2.0800428
2.9374785	2.078017
3.0387957	2.089036
2.968765	2.0718234
2.9700556	2.0503843
3.0466022	2.069343
2.9954858	2.030863
2.8370943	1.9759195
2.9184368	2.0051818
2.9285405	1.9624876
2.630763	1.8031996
2.5135176	1.7683524
2.4941714	1.7025976
2.6781743	1.760104
2.5368013	1.7052398
2.1451123	1.5455006
2.2792108	1.634771
2.6319835	1.8390118
2.3307676	1.7585312
1.9852723	1.6833749
1.9312242	1.687207
1.8382038	1.6960934
1.8560382	1.7545834
1.4784546	2.0081832
1.6357559	1.9139994
2.0038073	1.7870382
1.6912509	1.9384402
1.6339982	1.9749523
1.7439247	1.9302155
1.9643764	1.8444307
1.8372029	1.8859938
2.004905	1.8636523
2.0422745	1.8707405
1.8316433	1.8896816
1.8731309	1.8783139
2.021412	1.8613623
2.011246	1.8480035
1.9399122	1.8536367
1.9800936	1.861968
1.9817569	1.8483329
1.9882979	1.7644103
2.1311488	1.6778885
2.083992	1.7931486
2.1912026	1.7326425
2.4336245	1.552373
2.6876888	1.2077565
2.7458832	1.2055733
2.5957994	1.0865802
2.7908938	0.98342663
2.9198008	0.9611783
2.9332876	1.0531793
3.0457652	1.1373338
3.077251	1.1320391
3.0797493	1.0893068
3.0799713	1.1526414
3.0977383	1.155123
3.087735	1.0675648
2.9931042	1.0232277
3.0206947	0.963435
3.007469	0.9430666
2.9221365	0.9739184
2.870732	0.98541236
2.828495	1.0066656
2.7803223	1.0162898
2.7539544	1.0304307
2.5641954	1.1299623
2.3671489	1.2009871
2.4178216	1.2213844
2.4182985	1.2463704
2.3110688	1.3151878
2.2927585	1.3297617
2.0811563	1.3164028
1.9158885	1.2523943
1.692866	1.076549
1.6603956	0.95552254
1.6462804	0.96465075
1.5786525	0.98383623
1.6368014	0.9282605
1.6206805	0.9355388
1.6067147	0.9662173
1.5841709	0.9324512
1.4206814	1.0307388
1.230891	1.0376897
1.0750341	0.93451726
0.96323997	0.9292154
0.89301765	1.0035806
0.90699023	0.9673473
0.9565495	0.9274968
0.98828906	0.95219904
1.0475143	0.9793209
1.1047868	1.002445
1.1995614	1.1031615
1.3572886	1.4273636
1.5378057	1.6652315
1.577202	1.6169875
1.5353124	1.4658041
1.5247567	1.3874133
1.408917	1.3272489
1.4399459	1.2807074
1.7570143	1.3256152
1.969836	1.3339643
2.357549	1.4403625
2.6873941	1.5799516
2.744004	1.4184625
2.7669718	1.3463874
2.8013732	1.4198964
2.7587101	1.3494284
2.706823	1.1374038
2.6995726	1.0667143
2.6751306	1.1307318
2.6993718	1.1802964
2.8067412	1.2305021
2.941005	1.1167974
2.9956765	1.068592
2.9787333	1.071783
2.9551113	1.0798563
2.9431798	1.1655253
2.9347556	1.0465708
2.8710012	1.0463344
2.7278779	1.1444187
2.7501986	1.1157486
2.6876278	1.1544775
2.4448717	1.2136352
2.3978772	1.1767007
2.5060198	1.1898774
2.3768423	1.2426233
2.4243562	1.3083062
2.396942	1.4683763
2.5120938	1.6126773
2.8422418	1.9133562
2.9585826	1.9951986
3.020876	2.0269997
2.9481862	2.0558367
3.0696876	2.0368915
3.141402	1.8863178
3.1244853	1.8992053
3.1262064	2.041816
3.0362837	2.0189633
2.9075425	1.9737328
2.7887433	1.97091
2.6604176	1.9477075
2.7570086	1.9811256
2.7381225	1.9819763
2.4121935	1.873033
2.4961436	1.8889039
2.6016116	1.9168428
2.4542968	1.8670948
2.547362	1.8901776
2.6548762	1.9335034
2.2630363	1.6984166
2.1743085	1.6247859
2.5532658	1.8509334
2.3779376	1.6943395
2.281914	1.5869583
2.4209692	1.6833715
2.2300434	1.1239228
1.657137	1.2810843
1.2371098	1.5168053
1.265577	1.0332265
1.2935153	0.96323156
1.277304	0.9564802
1.3675332	0.94061506
1.1366657	1.0244548
1.2736926	0.97915024
1.5822369	0.9256809
1.5326307	0.95096314
1.2681339	0.991711
1.1562091	1.0187235
0.9949542	1.0255446
0.98061293	0.928976
0.9896447	0.9135948
1.0402657	0.9158432
1.0926422	0.9393174
1.1137656	0.962739
1.1559899	1.0081565
1.1678293	0.9917975
1.1581651	0.9832081
1.3303382	1.0531157
1.4728537	1.0733163
1.6351901	1.1084486
1.6360399	1.1508751
1.6008399	1.1339077
1.7973145	1.122393
1.8006972	1.12808
1.5881248	1.137006
1.7687553	1.1069177
2.5003562	1.0068448
2.6677191	1.1692661
2.8045912	1.4417133
2.8262076	1.3854955
2.810071	1.344363
2.7793577	1.1921964
2.6610487	0.9191645
2.6632807	0.9574792
2.6826153	1.1035272
2.635452	0.9391519
2.5403705	0.81108135
2.357832	1.0398962
2.450337	1.1422074
2.4551363	0.9147843
2.1980538	1.1157596
1.9769517	1.329556
1.8574451	1.3111608
1.737166	1.2789876
1.7639167	1.3194485
1.7557062	1.294117
1.6105149	1.285833
1.5208328	1.4059291
1.5225025	1.7191464
1.3414826	2.0439265
1.2503022	2.0068274
1.168511	1.9032078
1.1363156	1.8100253
1.0287263	2.0427744
1.0025932	2.0267372
1.0105414	2.0109954
0.9105633	1.955258
0.83373594	1.916637
0.8039529	1.9699286
0.89055735	2.0838566
0.9207884	2.100112
1.0063213	2.078218
1.1623285	1.9871591
1.173964	1.9905782
1.0381191	2.0692182
1.0070661	2.0475006
0.939959	2.0532975
0.95960957	2.0339668
1.1500208	1.729325
1.2323929	1.7609842
1.3111471	1.827289
1.2820354	1.8709775
1.3418641	1.8276614
1.5450346	1.6915656
1.8021286	1.4306556
1.8753364	1.2653381
1.7537012	1.5224427
2.1728065	1.2863798
2.4233313	1.1126758
2.715205	1.0034622
2.8272502	1.1395285
2.7959163	1.2821183
2.912083	0.99844944
2.9374368	0.9287765
2.9627836	0.94382095
2.927946	0.9618179
2.9748442	1.0899976
2.969451	1.0660796
2.9423642	1.0185158
3.0055165	1.1190828
3.1264033	1.2474027
3.1165895	1.1618874
3.0900104	1.0046408
3.0637288	0.9393481
3.016351	0.9333949
2.9511735	0.9602547
2.8812594	0.9949208
2.841843	0.99480724
2.7240715	1.0787916
2.5523696	1.1517895
2.4875963	1.1773995
2.598017	1.1795613
2.5248458	1.1647407
2.4495802	1.190736
2.2393064	1.3771356
1.9304137	1.4745091
1.8799624	1.6423092
1.9588895	1.9724374
1.6616791	1.6451527
1.5854521	1.7385899
1.6743417	1.9670858
1.6212305	1.99622
1.5602521	1.9864876
1.5712937	1.9833274
1.4315819	1.9584819
1.3955877	2.0062244
1.4166964	2.057326
1.2762223	2.0776913
1.0417414	2.0801306
0.9325236	2.1004317
0.93026406	2.0746193
0.93394405	2.0577912
0.95054543	2.0384269
0.9596177	2.0392694
0.95546645	2.0423038
0.990026	1.9670335
0.97572225	1.9218234
1.0184383	1.8758333
1.1178806	1.8705055
1.1307529	1.8849283
1.1412029	1.8482412
1.198438	1.8271178
1.2062409	1.8482308
1.2284	1.8362855
1.3509771	1.7457584
1.3310039	1.6048399
1.4100388	1.4536549
1.6810523	1.3442626
1.954749	1.2208935
2.4931142	1.1600147
2.5074296	1.224912
2.4124715	1.2280834
2.572575	0.9893545
2.7332056	0.95561695
2.819066	0.93931514
2.824185	0.9602111
2.8311594	1.0232304
2.9211822	1.0261518
2.924099	0.9886995
2.9013712	0.9850782
2.885542	1.0124776
2.9177914	1.0768664
3.0508933	1.1978364
3.062204	1.1818556
3.0686047	1.0963453
3.038558	1.0415344
3.0208182	0.96708846
3.0466576	0.908135
3.0502317	0.8768451
2.97882	0.9190313
2.7796235	1.0651481
2.7124958	1.1403453
2.7247655	1.0916059
2.7392004	1.0513968
2.560385	1.1249937
2.4733896	1.0961057
2.2947495	1.1666716
2.3608854	1.2529655
2.4969668	1.1750817
2.2969449	1.2255367
2.1051364	1.2360401
1.972691	1.1499813
1.8091424	1.1355909
1.6350694	1.1611588
1.5207825	1.1531872
1.3978616	1.2870736
1.3924685	1.3109754
1.5261906	0.9781132
1.4438893	1.0875322
1.4826248	1.0002415
1.460596	0.9895864
1.2679576	1.2857853
1.0152016	1.0554451
0.9184298	0.9739905
0.8888126	0.9755259
0.9148661	0.93851477
0.9552216	0.96438813
1.0088158	0.96260166
1.06617	0.9904997
1.2234789	1.1994234
1.3329394	1.2775576
1.5302565	1.4825188
1.5936704	1.5510356
1.4523376	1.3160573
1.5855355	1.3316765
1.5231277	1.3193849
1.5227141	1.3964018
1.5813656	1.6200807
1.6414317	1.7153637
1.5521278	1.9808387
1.6182488	1.9548151
1.5808961	1.9496174
1.7033141	2.026942
1.9370595	2.0350127
1.9984332	2.0836067
2.0568717	2.0727468
1.9387187	2.0807364
2.059262	2.089433
1.8762174	2.0314252
1.8528645	2.031342
2.2058914	1.9590409
2.0925562	1.9571424
1.9122043	1.9973824
1.9506229	1.9959261
2.0298202	1.9807478
2.1972206	1.9534607
2.115183	1.9382056
2.0010328	1.9071683
2.0825925	1.8637749
1.9880245	1.795069
1.8352411	1.7174989
1.9755483	1.7339287
2.117352	1.6718448
2.2331212	1.6630989
2.4384174	1.8100051
2.400197	1.8985943
2.6071432	1.9815553
2.8174024	1.975984
2.78852	2.041712
2.8721635	2.0770607
3.045155	2.059692
2.9250364	2.0793996
3.1647227	2.105831
3.1021378	2.1227825
2.9105165	2.0517786
2.979536	1.9418129
2.8641958	1.8922777
2.9384065	1.8982538
2.9017875	1.8464923
2.8525076	1.8538067
2.812843	1.905377
2.8134778	1.8476285
2.6908934	1.9001988
2.532088	1.8186566
2.5867136	1.6932147
2.7907484	1.8696469
2.8834476	1.8913844
2.449807	1.581732
2.3254375	1.550593
2.5829048	1.6618018
2.4855888	1.3435916
1.6821173	1.5429528
1.7138542	1.9815512
1.6607059	1.8466876
1.0788558	1.4717114
1.045474	1.4583216
1.1423287	1.7851666
1.1138374	1.9115269
1.2798076	1.9995376
1.3975587	2.0271425
1.2009603	2.0355754
1.0846777	2.0763578
1.0072783	2.1037228
1.0141735	2.0544238
0.9584463	2.038554
0.92814106	2.046701
0.9904248	2.000929
0.9730864	2.020206
0.9454796	2.0397825
0.9935707	1.9952581
1.1972746	1.867783
1.2513925	1.8494956
1.2373377	1.8841015
1.2226702	1.92512
1.3391298	1.8568511
1.3476067	1.8296875
1.3196967	1.8759485
1.3592092	1.8775686
1.3376179	1.8803936
1.3682139	1.8873848
1.4248196	1.8627275
1.563522	1.791712
1.5998094	1.7914033
1.7147235	1.7473096
1.998385	1.5777602
2.067453	1.4798872
2.0913446	1.4641749
1.7651237	1.0684956
1.1746714	1.0427731
1.2084976	0.99953425
1.3152845	1.038656
1.0977604	1.0447451
1.1666244	1.1028441
1.1448807	1.1096517
1.1645334	1.1134846
1.2154409	1.094864
1.1169837	1.033771
1.2038224	1.0482748
1.3905317	1.0632116
1.4158382	1.0386217
1.6485429	1.0569988
1.4524964	1.0620322
1.4997634	1.106479
1.4362693	1.1267378
1.3568629	1.072853
1.4870168	1.1103736
1.462709	1.1134057
1.4706175	1.1011598
1.3706826	1.1171572
1.5502115	1.1716639
1.9668993	1.1136453
1.6906171	1.1864766
1.8670139	1.3420073
1.872499	1.4693379
1.7386289	1.9176438
2.060409	1.9364244
2.2348297	1.7074996
2.1080458	1.9164808
2.1651351	2.0268831
2.1280148	2.0808072
2.1783671	2.0837758
1.9117507	2.0829325
2.2812877	2.0685787
2.3407633	2.0721593
2.1980243	2.0861602
2.004459	2.109736
1.8136153	2.0979118
2.0054355	2.0568862
2.0409126	2.0298274
2.117807	2.0076413
2.1546159	1.9439846
2.0026455	1.8981761
2.073854	1.8819392
2.1552358	1.7484384
2.1261783	1.857341
2.083834	1.8238353
2.0858648	1.8122778
2.1056235	1.8262628
2.1371698	1.7567543
2.0941288	1.6676112
1.9447863	1.4266306
1.8989037	1.2322116
1.8067284	1.1518406
1.7654338	1.3706007
1.9118155	0.92329985
2.1339839	0.92144626
2.0404806	0.9373515
1.8783015	0.9523801
2.165853	0.977767
2.2066329	0.9922276
1.6970757	1.0590512
1.8696618	1.0751597
1.9491771	1.057255
2.0017552	1.0379696
2.1422083	1.0087376
2.0480714	1.0387701
2.1539953	1.008792
2.2508552	1.0003774
2.0077991	1.0906888
1.75525	1.1485175
1.7521554	1.1751415
1.8741755	1.1417863
1.9999454	1.1163645
1.9784212	1.1702269
1.7625239	1.1820755
1.6213589	1.1877307
1.5426567	1.8864981
1.509918	1.6454569
1.7860817	1.4402325
2.4184177	1.8822192
2.7098806	2.0353947
2.9324653	1.9990519
2.9555032	1.9709208
2.9738362	1.9562597
3.0004313	1.9129273
3.0196006	1.9328026
3.1753647	1.9374733
3.1887658	1.9521071
3.1773493	2.015391
3.1175265	2.059196
3.041635	2.0466588
3.0103827	2.0605264
2.956749	2.0522926
2.9566503	2.068084
2.8164508	2.0129972
2.7602024	1.9922127
2.9506009	2.0308065
2.85506	1.9604903
2.733786	1.8873774
2.6244178	1.862884
2.6789234	1.8840537
2.5936234	1.8038375
2.6881485	1.8943801
2.701655	1.8483666
2.4115405	1.7041888
2.2978652	1.6414852
2.058865	1.4034002
1.645659	1.0682958
1.623161	1.0377481
1.4867295	1.135124
1.1596929	1.0816079
1.4530473	0.9280721
1.9405527	0.8622144
1.5537091	0.9126764
1.4192309	0.97172946
1.9573034	0.8986933
1.8953886	0.90527385
2.312961	0.97393394
2.5685854	0.9816971
2.1377935	1.0203751
2.1408434	1.0126868
2.057235	0.9635662
2.0860336	0.95149976
1.8934133	0.9989706
1.7989664	1.0113289
1.664692	1.1995374
1.7738028	1.1417253
1.7288423	1.1437887
1.6407104	1.2436271
1.6661466	1.2727453
1.7108991	1.2371514
1.6532267	1.21524
1.6442679	1.2684294
1.666781	1.3496403
1.5904179	1.444479
1.6913277	1.4875782
1.8802117	1.2107903
2.0809164	1.4219179
2.3981354	2.157317
2.4229586	2.1309683
2.6537979	2.0797374
2.8848646	1.9764408
3.0790932	1.9042718
3.1816194	1.8740066
3.1721442	1.8826882
3.1190515	1.8946823
3.0394287	2.0116103
3.0023546	2.033607
2.99158	2.0484211
2.9234579	2.035619
3.0322075	2.0959504
2.9325786	2.0618782
2.800426	1.9897164
2.9124022	2.0554845
2.8784313	2.0206616
2.689456	1.9499424
2.562358	1.8823359
2.568197	1.8395095
2.5254142	1.817019
2.6351228	1.810765
2.3349702	1.6017908
2.3272588	1.7432789
2.4860528	1.8301399
2.0230043	1.6434369
1.8128054	1.8361213
1.9618758	1.866697
1.9393446	1.8358476
1.5341024	1.9573063
1.4767658	1.975918
1.7047327	1.9287621
1.6015508	2.0030897
1.6493316	1.9948096
1.6047469	1.998389
1.4479764	2.041946
1.3855525	2.0410285
1.3332589	2.0337849
1.1190958	2.074158
0.99758923	2.0971494
0.9592746	2.0775762
0.9300462	2.0735486
0.90498155	2.0838208
0.8986	2.0842476
0.9051533	2.072791
0.92001206	2.038661
0.9642174	1.9596915
1.041824	1.9364759
1.0519193	1.9826097
1.0797672	1.9889659
1.1649048	1.9503247
1.1779737	1.9528561
1.1722938	1.9566671
1.1745859	1.9458519
1.3601006	1.8527716
1.7238498	1.6593555
2.052653	1.4444864
1.7329742	1.718986
1.5942963	1.7724286
2.056412	1.5408024
2.6944377	1.1234736
2.7703357	0.94407135
2.552163	0.9404343
2.4713223	0.95205945
2.4028158	0.9888435
2.458667	0.99980813
2.7130063	0.9504892
2.849598	0.9242756
2.862996	0.92738575
2.921969	0.9865366
2.8960798	1.0239373
2.9137282	1.0577066
3.0993009	1.1071461
3.051333	1.0494651
3.0556169	0.93988675
3.0417984	0.9206487
2.9475577	0.9986179
2.8468096	1.0346339
2.8173535	1.0231643
2.7609594	1.0359973
2.6577523	1.0621469
2.5018437	1.1192887
2.2919	1.1962806
2.4013927	1.2212073
2.5826945	1.1616429
2.2516942	1.222799
2.158307	1.3712871
2.5474477	1.4170964
2.623502	1.9549406
2.4712138	2.09727
2.4636002	2.0990086
2.6571877	2.0082297
3.015741	2.0367532
3.064176	1.9572242
3.1034477	1.9140898
3.0815594	1.9082961
3.0020354	1.9506248
3.040404	2.0252063
2.9285247	2.0261967
2.6724455	1.9276757
2.6427467	1.9312044
2.5008001	1.8868201
2.4189963	1.8616015
2.6565106	1.8408253
2.8229177	1.463219
2.6418502	1.7357906
2.5709777	1.9012936
2.4516144	1.8580313
2.3284144	1.7892889
2.5216272	1.841753
2.4622712	1.790466
2.1390502	1.6233073
2.028763	1.7705711
2.020177	1.83939
1.903747	1.8039697
1.8340532	1.8220055
1.8305925	1.8092055
1.733591	1.9128008
1.6440493	1.948474
1.6744044	1.9173183
1.7866	1.9213991
1.7110174	1.9700485
1.7670294	1.9513992
1.8230011	1.9260138
1.7547232	1.9386741
1.8757603	1.8915095
1.7484345	1.9082392
1.7877556	1.8904713
1.881094	1.8877398
1.9847392	1.8965687
1.9429867	1.8892019
1.7535702	1.8809553
1.930731	1.8012805
1.9749992	1.7087909
1.8012604	0.9948832
1.2026067	0.94816107
0.8454851	1.7766749
0.7785541	1.2972699
1.0167137	0.990733
1.2443186	0.99159855
1.3705152	1.0488032
1.1410168	1.1078405
0.95793307	1.0757213
0.9736291	0.9509476
1.1156763	1.0046397
1.2729862	1.0360177
1.3678046	1.0476799
1.5347615	1.0407709
1.6383331	1.0506704
1.8172265	1.0318414
2.068485	0.95955706
2.1352248	0.935908
2.107721	1.0141605
1.9532336	1.1315848
2.0521734	1.0522066
1.9974889	1.0569557
1.9860336	1.0949225
2.26469	1.3505014
2.3974433	1.8506396
2.5648487	1.8627957
2.6781747	1.8571317
2.615359	1.998869
2.5700538	2.0493941
2.320694	2.089265
1.7681389	2.1063082
2.05327	2.1094222
1.7667722	2.0649667
1.9599928	2.0607488
2.210143	2.1156352
1.9911015	2.1232915
1.9258486	2.0652068
2.0461228	1.9887518
2.2189372	1.9663874
2.0972736	1.892549
2.0138502	1.8670831
1.9980652	1.7928934
1.9523417	1.8386551
2.1808822	1.862144
