1.2429674	1.129191
1.2457958	1.1860834
1.2098409	1.8493649
1.2505251	2.0027354
1.4443082	2.006886
1.4987994	2.0224302
1.3649553	2.0176423
1.1656604	2.0108364
1.140905	2.0109396
1.0932337	2.011992
1.1635112	2.0103838
1.1828005	1.9906881
1.3122172	1.9872899
1.5701579	1.9819062
1.3664382	1.9870486
1.4148473	1.9859751
1.407417	1.988518
1.4993229	1.9915409
1.4019367	1.9922439
1.0977733	2.0034077
0.9914655	2.0102384
0.9734923	2.0035133
0.997992	1.9978501
1.0018826	1.9926693
1.0697488	1.980224
1.0835248	1.9904585
1.1165283	1.9943795
1.1300273	1.9888597
1.1384186	1.9863015
1.1809576	1.9909859
1.1837484	1.9936545
1.1981148	1.9900436
1.2749302	1.9841313
1.4891979	1.9710845
1.7303876	1.8465835
1.511568	1.9168541
1.2517953	1.9879348
1.6785542	1.9839759
2.0687575	1.9708772
2.16115	1.8534076
2.4692576	1.2506276
2.870892	1.0824691
2.9391248	1.0529903
2.9108388	0.95402837
2.962676	0.965776
3.0973096	1.1302887
3.064796	1.0173708
3.010344	1.032806
2.9584093	1.2489231
2.9742367	1.129723
3.0343757	1.0816175
3.051287	1.06284
3.0729303	1.1147925
3.0297174	1.0099963
3.028062	0.9950114
2.95454	0.99985224
2.9804573	0.9965747
2.9077353	1.0077955
2.7542534	1.0187485
2.7572865	1.0256888
2.7319362	1.0037606
2.7217278	1.0060396
2.7911513	1.0225737
2.8462954	1.0342845
2.5772302	1.0954471
2.4763656	1.5756252
2.750403	1.9875399
2.454923	1.9845946
2.3827574	1.9945036
2.1695566	1.9795936
2.039272	1.9892509
2.305345	2.0002778
2.3276565	2.0017366
2.1426096	2.012556
2.153805	2.0127554
2.2152438	1.9921324
2.0712664	1.9926646
2.003525	1.999663
2.0047307	2.0021577
2.082355	2.000647
2.3211484	2.0034552
2.3894966	2.0029817
2.051448	2.0033548
2.0937638	2.005451
2.2019517	2.0020733
1.9730359	2.0051377
1.9610115	2.0054858
1.9098665	2.0062592
2.0025072	2.003757
1.9072084	2.003091
1.5867573	2.007367
1.3330145	2.0116746
1.1956583	2.0146377
1.0685314	2.0132978
0.9702036	2.0043912
0.9871706	1.9958608
0.95279455	1.9958268
0.8845523	1.9929962
0.89306456	1.9952903
0.8915226	1.9987503
0.8877882	1.986412
0.92795247	1.9752855
1.0239416	1.9783143
1.0655077	1.9894776
1.0425198	1.9964867
1.0378355	2.0001953
1.0621336	1.9999833
1.1289538	1.9946796
1.1642374	1.9915704
1.147153	1.9883548
1.1204586	1.9862903
1.1069095	1.9899666
1.1497464	1.9925703
1.3116512	1.9872781
1.4876208	1.9849415
1.670558	1.9865836
1.8670124	1.9868673
1.9774368	1.9857537
2.1235223	1.9877502
2.4953437	1.9977007
2.4495857	1.9964217
2.259477	1.9890038
2.5854836	1.9944954
2.7585385	2.001833
2.8454657	2.009971
3.020885	2.0255003
3.0456872	2.03582
3.0678384	2.031602
3.050377	2.0415852
3.0313184	2.0403788
3.027747	2.0284746
2.94697	2.0003304
2.8943794	1.9722346
2.8804615	1.9818488
2.8427677	1.978469
2.7741132	1.9601208
2.804261	1.9820167
2.7681196	1.9759629
2.7984889	1.9808749
2.8057334	1.9763175
2.7220676	1.9396106
2.7350287	1.9790102
2.5609548	1.9677446
2.416669	1.9553918
2.4384503	1.9805809
2.1538417	1.9897914
1.8747698	1.997573
1.6905268	2.0072432
1.5818305	2.0084076
1.6044006	2.0220897
1.4877385	2.0268762
1.3874103	2.0340712
1.2437806	2.0308611
1.0617657	2.0186927
0.96557087	2.0120575
0.895203	2.0090284
0.864918	2.0084221
0.8523633	2.0044045
0.85928696	1.9866251
0.88026464	1.9641421
0.9061301	1.9795009
0.9557358	1.988938
0.99715936	1.9960319
1.002052	1.9994736
0.99703836	2.0001118
1.0194318	2.0024202
1.0499806	2.0003016
1.0207751	1.9991497
1.0327412	2.0016775
1.1017686	1.9987208
1.1250393	1.9958365
1.2560875	1.9908035
1.5278592	1.9868572
1.7759792	1.9832635
1.8500215	1.9836822
1.8815619	1.9836216
1.8635228	1.9841216
1.9403213	1.9856638
2.085598	1.9874941
2.0159905	1.9862144
1.952158	1.9856554
1.8407248	1.9854225
1.7471584	1.9880174
1.6761442	1.989855
1.7372755	1.9913768
1.7852452	1.988422
1.6674923	1.990637
1.6488417	1.9924256
1.6970354	1.9935267
1.7137822	1.9943876
1.6041192	1.9901527
2.8797174	1.2887787
2.824975	0.98297673
1.1717983	1.9637971
0.9965006	1.9842385
1.7568882	0.98200214
2.1154926	0.97054684
2.0359502	0.9752203
2.5765514	0.958106
2.4928474	0.96177065
2.4097373	0.9654432
2.287762	0.97616494
2.1252968	1.0057763
1.9596671	1.0112752
1.7189726	0.99760556
1.9085655	0.995122
1.9225167	0.98428977
1.7695467	0.9866486
1.6379865	1.0070984
1.8522689	1.004353
1.9435004	1.0082954
1.9997257	1.0161215
2.0602405	1.0187489
2.0564785	1.0097554
2.2214558	1.0107889
2.034885	1.0222311
1.6942639	1.0337278
1.6283466	1.0424997
1.3255411	1.0267828
1.0355995	1.3739077
1.0709581	1.0700736
1.0027049	1.0256574
0.9602292	1.0110114
0.9161237	1.0109886
0.91400725	1.003021
0.949829	0.99972665
0.9387983	1.0076758
1.0128282	1.0658525
1.2062832	1.3119531
1.2792819	1.3055197
1.3567492	1.3335483
1.3617365	1.1510429
1.2379133	1.0563838
1.202714	1.0483627
1.2442998	1.0434574
1.2893438	1.0865705
1.272652	1.3906564
1.1223253	1.8421272
0.95799947	1.9231023
0.98724383	2.0024574
0.9581234	2.0029929
0.9027459	2.0021284
0.85631645	1.9962163
0.88913804	2.0000715
0.9255857	2.010049
0.925575	2.0116699
0.8956869	2.01243
0.94117785	2.0046906
1.0877227	1.9956207
1.2558051	1.9899899
1.2752753	1.9907709
1.2108375	1.9919975
1.0898492	2.0006037
1.1827489	1.995622
1.2894214	1.9889773
1.1341565	1.997197
1.1544176	1.9947946
1.3193797	1.9811702
1.4659371	1.9742929
1.5672408	1.9790175
1.4252325	1.9875363
1.5643537	1.9869065
1.9357482	1.9910092
1.9226811	1.9898791
2.1024888	1.991924
2.012986	1.9869562
2.1098113	1.9931699
2.129506	1.9964253
2.0968664	1.995106
2.3801494	2.0009422
1.9001254	1.997091
1.816462	1.9945214
2.0967505	1.9976685
1.9478902	1.9990675
1.6912869	1.9987718
1.8096815	1.9975551
2.0232368	1.9983968
1.8390708	1.9994622
1.7578391	2.0000262
1.4070392	2.0008192
1.3144945	2.0029972
1.3205526	2.000192
1.1347812	2.0063498
1.026515	2.0048172
0.9845592	1.9979372
0.9411771	2.005395
0.8856691	2.0038762
0.87968856	1.9711338
0.86239433	1.9916816
0.8382195	1.9827342
0.8635694	1.971844
0.8477684	1.9816586
0.81465095	1.9868127
0.81647956	1.9773118
0.90163296	1.9779177
0.9662648	1.9949071
0.9878416	1.9990329
0.96995586	1.9970516
0.98142767	2.0007107
1.0053782	1.9994457
1.0772159	1.9909575
1.1795664	1.9900177
1.3420457	1.9877781
1.3860956	1.9888657
1.605709	1.983965
1.8272079	1.9836879
1.9361545	1.984546
1.9764955	1.9855297
1.9185363	1.9852737
1.9196619	1.9855448
1.9187883	1.9864664
1.898814	1.9868468
2.0959587	1.9937185
2.316103	1.9985306
2.0619082	1.9913337
2.0843523	1.9936064
2.0598984	1.993546
2.041969	1.9928477
2.088665	1.9947472
2.0229347	1.995624
1.9930328	1.9938002
1.9623551	1.9917339
2.0904026	1.994281
2.029625	1.9971676
2.1082158	1.996114
2.4090462	1.9742222
1.6401432	2.0011744
1.3088106	1.8886658
1.2284381	1.08836
1.2001112	1.0004236
1.1562259	0.99866354
1.3762058	0.9888713
1.2436556	0.98538613
1.0028657	0.98409104
1.2838624	0.98904234
1.2074473	0.9946959
1.0574725	1.0310551
0.9548116	1.0415144
0.9950975	0.99448735
0.9880757	0.99179506
0.99444073	1.0023704
1.1882529	0.9961278
1.4520152	1.012646
1.5738596	1.0165803
1.4732065	1.0295702
1.4859314	1.0464213
1.5232643	1.0496411
1.4050632	1.0316273
1.281355	1.0387765
1.4366776	1.0491375
1.3692677	1.0330292
1.4918253	1.0098199
1.8429177	1.0036834
1.9904728	1.0048528
2.381355	1.0022969
2.538316	0.99430597
2.5140193	0.9798148
2.5504057	0.97354156
2.5776994	0.97239614
2.6131082	0.96976376
2.6342583	0.9745833
2.7603316	0.97634876
2.9366348	0.99500304
3.0209572	1.0092148
3.0435164	0.9986324
3.0734668	1.0063063
3.0425537	1.022648
3.0033622	1.0091946
2.9924114	1.0122975
2.9480572	1.0498244
2.8532019	1.0891846
2.8272073	1.0960313
2.8714657	1.1306344
2.7861784	1.0184231
2.608293	1.0109316
2.606241	1.0296338
2.5309484	1.0082917
2.1433086	1.0645381
1.9346807	1.2023324
2.0843244	1.017372
1.6535872	1.0546734
1.652494	1.0002215
1.6865989	0.9888658
1.6500467	0.98624086
1.6844338	0.9771186
1.5449661	1.0023715
1.3977759	1.0474801
1.248844	1.0898799
1.290872	1.2983949
1.7562408	1.5199643
1.9229922	1.7459239
2.0345173	1.4356955
2.054676	1.1278206
2.1185544	1.1837298
1.9673606	1.3028129
2.1312995	1.3739508
1.934985	1.6275868
1.7171208	1.951994
2.0771956	2.028725
2.0904183	2.0213156
1.903437	2.0084975
2.2311733	2.014839
2.1774824	1.9897652
1.8067273	1.9940355
1.8161043	1.9937041
1.776169	1.9943014
1.9096236	1.994398
1.9401547	1.994033
1.9746454	1.9956597
1.9536489	1.9955102
1.9072175	1.9969089
2.1867235	1.9963429
2.8582482	2.007389
2.5543094	2.0006187
2.5217586	2.001482
2.236273	1.9997296
1.8695402	2.0005457
1.7255086	2.0058486
1.8274783	1.998152
2.1741033	1.9935167
2.1878421	1.9971857
1.910797	2.0002372
2.297759	1.9956731
2.6712456	1.999498
2.8017325	2.007996
2.7151191	2.0051744
2.861827	2.01537
2.9166708	2.0245519
2.9764175	2.0294542
3.02011	2.0355842
2.9635248	2.0292642
2.959747	2.0264199
2.9894898	2.0294733
2.962922	2.023054
2.8954766	2.0155747
2.9250941	2.0172067
2.9324458	2.0129004
2.8323257	1.9982073
2.7874887	1.9943475
2.7827487	1.9876755
2.8394446	1.9898696
2.793326	1.9858532
2.6320205	1.9661844
2.6907964	1.9778079
2.8229103	1.9975412
2.690838	1.9893072
2.4982035	1.9748083
2.4443645	1.9751542
2.3597417	1.9738318
2.3236012	1.9814203
1.8055094	2.0072646
1.97522	1.9992225
2.3209202	1.9938568
1.896305	2.010904
1.7682567	2.0189717
1.8263301	2.0177333
2.043988	2.009731
1.8336946	2.0137076
2.018609	2.0026293
2.0494192	1.9974555
1.7712535	2.0076406
1.8060793	2.0035558
1.9997473	1.9980592
1.9740775	1.9994758
1.8735912	2.0013678
1.9243387	1.9983246
1.9174061	1.9998391
1.9121076	2.0000548
2.0993028	1.9829612
2.0482228	1.9989973
2.2087133	1.9849532
2.4932132	1.8524545
2.7635272	1.22153
2.84783	1.1872913
2.6978393	1.0860761
2.862375	1.0181429
2.967549	1.0069745
3.0016026	1.0396672
3.0177095	1.0870525
3.0041096	1.09071
3.0152557	1.0569322
2.984479	1.0864999
3.0212207	1.0812552
3.087536	1.0387498
3.0204995	1.0013682
3.0347285	0.98961765
3.0090423	0.98494947
2.9274583	0.9858179
2.8873966	0.9848718
2.866984	0.98660433
2.845288	0.9858113
2.8399198	0.98632
2.7208061	0.99310917
2.5883737	0.99509776
2.6432924	1.0016526
2.6496925	1.0074329
2.561184	1.0179791
2.546422	1.0217279
2.3466132	1.0141147
2.1768456	1.0029893
1.8992774	0.98755866
1.8212868	0.9755566
1.7787262	0.9839366
1.6892825	1.0033844
1.6987358	0.99347395
1.6459001	1.0086551
1.5839345	1.0376195
1.5073899	1.0314518
1.3152069	1.1238495
1.1764221	1.0752203
1.0468253	1.002338
0.95546216	1.0125425
0.89797777	1.070178
0.9014014	1.044793
0.90586555	1.01204
0.91435444	1.0147704
0.93031293	1.0129739
0.9553948	1.0110141
1.0321897	1.0341483
1.1149961	1.1903052
1.216694	1.4028262
1.2498169	1.3500121
1.2391689	1.2014768
1.241387	1.1497068
1.1676327	1.1230667
1.192186	1.089681
1.4017788	1.0956455
1.5269307	1.099707
1.773861	1.1708556
2.1016014	1.3035094
2.2248108	1.1604805
2.365457	1.1223541
2.5457363	1.1680684
2.5948036	1.1447581
2.6577227	1.0314397
2.7591534	0.99792933
2.7777867	1.0277597
2.8124897	1.0371102
2.9210534	1.035129
2.9923701	1.0133207
3.0694764	1.0103339
3.064517	1.0145359
3.041202	1.0140151
3.0489998	1.0357455
3.0257971	0.99914956
2.9724674	0.99651635
2.8767853	1.0024694
2.8956714	0.998533
2.8520446	1.0001954
2.670202	0.9957958
2.6288376	0.98910147
2.723068	0.9958792
2.6361008	0.99834955
2.6779633	1.0126429
2.6514652	1.069167
2.703681	1.1978589
2.9199018	1.8183808
3.0228343	1.9495296
3.0212183	1.9932206
2.9435194	1.9962014
3.0599394	1.9871356
3.0079443	1.984268
2.9938838	1.9815583
3.1015265	1.9641253
3.0159273	1.97014
2.9373827	1.9756733
2.9298456	1.9928466
2.904446	1.9991235
2.9290392	2.0060961
2.9060047	2.0030835
2.757928	1.9939591
2.7885025	1.9959661
2.8089619	2.0009859
2.7275848	1.9987197
2.7778986	2.001751
2.8101714	2.0081997
2.6951437	1.9849695
2.6725295	1.9817547
2.797144	2.0012891
2.7534928	1.9910316
2.7227697	1.9813924
2.7713912	1.9907111
2.599501	1.8118608
2.3534546	1.9043617
1.8545085	1.8902465
1.864409	1.2496549
1.7166731	1.02475
1.4288168	1.0079553
1.4389563	1.0063174
1.1697832	1.0224345
1.2122681	1.0201795
1.6247766	1.010922
1.50834	1.0177361
1.115888	1.0264632
1.0421813	1.0245736
0.969191	1.0307851
0.9836681	0.996002
0.98033273	0.9937997
0.9559302	0.9933274
0.976333	0.99142605
0.9531319	0.9972795
0.96899736	1.00434
0.9728586	0.99719095
0.9701574	0.995659
1.103836	0.99680877
1.2431539	1.000681
1.3643984	1.0109451
1.3571119	1.0181476
1.3349382	1.0149667
1.4733772	1.0159669
1.4681721	1.0167596
1.3174853	1.015651
1.4507535	1.013624
1.922159	1.0124022
2.0401216	1.0260451
2.2149506	1.0766721
2.2905772	1.0579635
2.3429773	1.0545659
2.386086	1.0209229
2.2774262	0.99942505
2.3485308	0.9988431
2.443669	1.0099703
2.448871	0.99082893
2.3790278	0.9824735
2.2748647	1.0104634
2.4267635	1.0149012
2.4409454	0.9889753
2.3070252	1.0076429
2.1844115	1.0271094
2.068139	1.0216365
1.8841256	1.0161196
1.940295	1.0237067
1.9305415	1.0173656
1.6851255	1.023997
1.6163611	1.0662345
1.6106116	1.2994503
1.2759932	1.9116967
1.1264635	1.9250629
1.0186603	1.8699789
0.99254864	1.8188608
1.0247488	1.9883504
1.0368279	1.9920561
1.1071459	1.9978058
1.0193392	1.9963471
1.0008879	1.9996635
0.9757486	2.0022917
0.8732061	1.9981169
0.94425404	2.0038917
1.0409089	2.0004623
1.1806347	1.9920048
1.1760697	1.9945956
1.0879191	2.0013583
1.0353208	2.0053923
0.94928175	2.0057015
0.94416606	1.9979597
1.0942329	1.9213802
1.1476692	1.9454794
1.1757858	1.9731075
1.1533529	1.9813912
1.1900442	1.9752681
1.3166499	1.9578141
1.4482356	1.8983785
1.4678404	1.7955142
1.4531505	1.9236518
1.6409644	1.831297
1.758371	1.5866649
2.072018	1.2209187
2.1945639	1.5401071
2.2579432	1.6996651
2.5468268	1.1092554
2.801883	0.99029034
2.9021404	0.9818844
2.9139564	0.9738702
3.0465596	0.9984464
3.0576966	0.97058266
3.0242908	0.968553
3.0058937	1.0257397
3.0207477	1.102019
3.0272105	1.0744328
3.0763662	1.0108373
3.0549924	0.9929596
3.0372052	0.9867122
2.9903588	0.9851346
2.950914	0.98668075
2.9189262	0.9829428
2.865878	0.9904839
2.75552	0.9923663
2.7163684	0.9927204
2.8116317	0.9984853
2.7525299	0.99289936
2.7059052	0.9927414
2.5574567	1.0166057
2.275336	1.0440279
2.1660118	1.189955
2.1055963	1.8292015
1.8670653	1.3864238
1.7027097	1.6662723
1.738884	1.9613242
1.6575383	1.9931417
1.5716101	1.9938537
1.6487697	1.9962918
1.494799	1.9843633
1.4654543	1.9884853
1.4084047	2.012542
1.1973116	2.0119364
0.9312843	1.996111
0.8629602	1.9956887
0.8969524	1.9952289
0.8987493	1.9880961
0.9202539	1.982746
0.9495106	1.9902619
0.9273148	1.9900869
0.93154013	1.9610839
0.89519346	1.9412878
0.9325635	1.9380939
1.0309776	1.9544775
1.0358343	1.9613445
1.0404627	1.9518206
1.0870433	1.95236
1.0924628	1.9599849
1.1088194	1.9593209
1.2007393	1.9452252
1.1836902	1.8945667
1.2317115	1.8246003
1.3761774	1.7951008
1.5148311	1.6862175
1.8308903	1.6229206
1.875982	1.7140437
1.8370436	1.6744127
2.0525622	1.0861114
2.3316154	1.0338185
2.5546808	1.0065496
2.5756152	1.0182801
2.626747	1.0460361
2.8637798	1.0126235
2.9380248	0.9710686
2.9658062	0.959212
2.969901	0.9654533
2.972945	0.99018216
2.992992	1.0550888
3.044481	1.0611652
3.0477066	1.0227418
3.0384376	1.0101653
3.0328128	0.99598646
3.045466	0.9856087
3.050489	0.97857434
3.0161202	0.97924304
2.9207702	0.9924117
2.893694	1.0000887
2.9026248	0.9921335
2.8990102	0.9857747
2.7944496	0.988139
2.7282026	0.98115903
2.5964622	0.9853463
2.6989512	0.99742794
2.7862391	0.9935626
2.6287336	0.9918647
2.4556365	0.98940206
2.280046	0.98218894
2.1009395	0.9821449
1.9122018	0.99404997
1.7499455	1.0147598
1.5383278	1.1645691
1.482651	1.2641469
1.6252462	1.0166587
1.506034	1.1359447
1.4929742	1.0892988
1.4108354	1.1075604
1.0558629	1.4567925
1.0142794	1.0834064
0.93544406	1.0495015
0.90492404	1.0716045
0.9158348	1.0346651
0.92946523	1.0374167
0.9330371	1.0162978
0.9537282	1.0153304
1.0540836	1.1043018
1.1137776	1.1292617
1.2161812	1.2956907
1.2490666	1.3512585
1.1979573	1.1437764
1.2892181	1.1384201
1.2428507	1.1281627
1.2230514	1.1928867
1.2266206	1.4383732
1.2632036	1.5785706
1.3250744	1.954893
1.3469616	1.9324223
1.3762286	1.9564879
1.5569335	2.005086
1.7835894	2.0220964
1.8105321	2.0320432
1.9232894	2.033833
1.8842471	2.0304976
2.0228028	2.0352182
1.9696764	2.0153415
1.9334486	1.9898593
2.40667	1.9998052
2.3395638	1.9998058
2.1023345	1.992074
2.088351	1.9931427
2.1449966	1.9967326
2.365316	2.0009785
2.2172997	1.999806
2.0060751	2.0007818
2.1529222	2.0027442
1.9756194	1.9835289
1.7471936	1.9103353
1.928999	1.9452091
2.1039276	1.8746803
2.2765014	1.8475624
2.6473227	1.9293456
2.6502721	1.9887723
2.8774576	1.9979609
3.0263586	1.9770137
2.9549134	2.0151913
2.9551811	2.0240297
3.041778	2.01674
2.920137	2.0275304
3.0508296	2.0396414
3.0104818	2.0400438
2.887202	2.0183668
2.9321375	1.9974929
2.8774686	1.9857606
2.902937	1.9822423
2.8733873	1.9629315
2.8610122	1.968687
2.8582015	1.9793873
2.8470008	1.9647244
2.8374698	1.987861
2.7827861	1.9795485
2.7639065	1.9500458
2.8570015	1.9771432
2.8856351	1.9717664
2.7024157	1.9281986
2.657264	1.922094
2.7461836	1.9355938
2.6335256	1.7500597
2.2817523	1.9127393
2.200194	1.9924779
2.1576998	1.976614
1.5827116	1.8089591
1.4860898	1.761194
1.4378166	1.91676
1.280193	1.9395813
1.3951362	1.9910196
1.4500387	2.0172317
1.235703	2.0012975
1.0889776	2.00245
0.99017364	2.008763
0.99772936	2.0044546
0.924829	1.9931711
0.8778452	1.9866287
0.96906966	1.9920281
0.9613095	1.9987073
0.9305548	2.00063
0.9640222	1.990129
1.1107082	1.9784638
1.1383655	1.9779778
1.120266	1.9859037
1.1045076	1.9939207
1.1714559	1.986284
1.1740091	1.9812953
1.1531802	1.989473
1.1655995	1.9914399
1.1513985	1.9920226
1.1673094	1.9942664
1.1991929	1.9922433
1.2731353	1.9869508
1.2958026	1.9877154
1.3690966	1.9847556
1.5419415	1.9707751
1.5978502	1.9537612
1.6198591	1.947894
1.4289275	1.4058614
1.177161	1.019587
1.1538382	0.9667648
1.2578113	0.9831365
1.0573941	0.98043543
1.120291	1.0101267
1.0721594	1.0271292
1.1524312	1.0330337
1.2134986	1.0194203
1.1328084	1.0064931
1.2135004	1.0171045
1.3188901	1.025688
1.3566427	1.0056491
1.4636077	1.0258766
1.2833476	1.0084531
1.291064	1.0258281
1.2098525	1.0271227
1.1356008	1.004865
1.2297512	1.015611
1.196142	1.0143539
1.2027984	1.0102441
1.1182756	1.0161191
1.2420921	1.0269516
1.5245032	1.0227293
1.3365011	1.0311128
1.4213532	1.077734
1.4099375	1.1393619
1.3090689	1.7571746
1.5714943	1.8162551
1.6646887	1.4879824
1.6376355	1.8545334
1.8430109	2.0073676
1.8264686	2.038304
1.9070885	2.0394394
1.8060147	2.0298982
2.144911	2.0424974
2.2806668	2.0452476
2.2237115	2.040583
2.048981	2.0030797
1.8928423	1.985865
2.1800756	1.9903872
2.1384873	1.9912702
2.1498702	1.9919167
2.2546344	1.9984766
1.9649119	1.9994231
2.1172652	2.0030026
2.278976	1.9679025
2.2338145	2.003356
2.1613529	2.0001402
2.1722195	1.9991864
2.1984854	2.000386
2.2528338	1.9785681
2.1566105	1.9190183
1.9463131	1.5977464
1.9011858	1.2751768
1.7963152	1.1491255
1.6822774	1.3619514
1.927188	1.0019724
2.1902769	0.9812405
2.0498464	0.99289715
1.9129919	0.9950044
2.2554822	0.97966063
2.2974148	0.9790799
1.8610458	0.9954808
1.941572	1.0027809
1.9499989	1.0013465
2.0306695	0.9853873
2.1485908	0.99866635
2.1064007	0.9914056
2.233465	0.98483545
2.3745506	0.9873822
2.1414275	0.9931245
1.7808822	1.0020425
1.8313668	1.0027109
2.0617409	0.99618125
2.2655828	0.99401504
2.2793348	1.0008087
1.9498191	1.0007604
1.727802	1.0070807
1.7150164	1.4477462
1.696562	1.1756594
2.0290062	1.0528694
2.5392811	1.5492438
2.8447978	2.0124772
2.9747262	2.043848
2.93511	2.032779
2.9332407	2.0178077
2.9107132	2.0072317
2.9376411	1.9975303
3.1495218	1.9744998
3.1530108	1.9702647
3.1379871	1.9722457
3.079436	2.0023508
3.0252354	2.008307
3.018344	2.011716
2.9860284	2.0119722
2.9819756	2.0062618
2.9037561	1.9944885
2.8927338	1.9981581
2.9265785	1.9852369
2.877217	1.9764884
2.8252075	1.963042
2.8065243	1.9748805
2.823365	1.973444
2.7840748	1.9676085
2.8365233	1.9810643
2.8230493	1.9728765
2.7190747	1.9589746
2.6761117	1.954395
2.5212207	1.8882031
2.2348485	1.4903933
2.2106895	1.3877481
2.03306	1.5011334
1.597895	1.0766705
1.7844784	1.0077505
2.2248755	0.99685174
1.7262815	1.0064398
1.5333055	1.0133811
2.019754	0.99424684
1.8752569	0.9997193
2.2637794	0.9904666
2.4278338	0.9943685
2.2645214	0.9817422
2.2328167	0.9805916
1.8624384	0.98862803
1.9200099	0.98193806
1.7861685	0.9820388
1.6910415	0.9844041
1.7487507	1.0045799
1.959038	0.9962977
1.8934937	0.99520487
1.834526	1.0068365
1.9135981	1.009484
1.9620115	1.0063174
1.8587481	1.0032015
1.8781512	1.0087212
1.9594281	1.0171016
1.8593878	1.0342518
1.9921561	1.0425054
2.1563003	1.0056636
2.3315964	1.0416762
2.629857	2.0385725
2.6283724	2.0303626
2.7421107	2.0456948
2.8323715	2.034202
2.974402	2.0303197
3.1548784	2.0080032
3.1015012	1.9964979
3.0014875	1.992166
2.9821694	1.9885162
2.96013	2.012303
2.9590378	2.0200193
2.901341	2.0196881
2.9840872	2.0093
2.9270687	2.0110176
2.8548605	2.0156648
2.9224257	2.0096405
2.9068325	2.0030756
2.8464398	2.0012918
2.8048754	1.995159
2.8054175	1.9909573
2.7915773	1.9904039
2.825804	1.9874716
2.716282	1.9694755
2.7169747	1.9843411
2.7717266	1.9948127
2.5640879	1.9720706
2.3494465	1.9828703
2.3989806	1.9871117
2.3897676	1.987277
1.9890419	1.9990789
1.8812411	2.004044
2.0340717	2.002871
1.8341235	2.0146704
1.8181441	2.016239
1.7002759	2.02299
1.5234957	2.0302408
1.4096613	2.0270908
1.3121836	2.0191708
1.1196849	2.0172315
1.0058918	2.014952
0.9612827	2.0115085
0.9291226	2.011421
0.8801567	2.0074477
0.8653863	2.005169
0.8658836	2.0014198
0.86530364	1.9899142
0.89857316	1.9753582
0.95432365	1.9802022
0.9649901	1.9949087
0.98469865	1.9997365
1.0240021	1.9971032
1.0282017	1.9989434
1.0278871	1.9993501
1.0304146	1.9973528
1.1215763	1.989065
1.3197553	1.9710114
1.5158719	1.9441056
1.3448375	1.9802268
1.2856374	1.982304
1.5608922	1.9628185
1.8823563	1.7454946
2.0522668	1.1636068
2.040942	1.0106202
1.9984424	1.0114813
2.1103132	0.9936675
2.3495586	0.9725096
2.5568364	0.9785655
2.677491	0.98580974
2.7377074	0.9750612
2.8568106	0.9830482
2.8210907	0.98998344
2.8902764	0.992054
3.0127516	1.0247244
3.0472658	1.0056229
3.0406518	0.99202037
3.0423698	0.98762316
3.0135357	0.9944902
2.9289818	0.994027
2.9049594	0.9890861
2.8696632	0.98770744
2.8072858	0.98622495
2.708049	0.9879582
2.5627887	0.99118096
2.6698737	0.9986373
2.8087003	0.9984957
2.539407	0.9936488
2.4867613	1.0191747
2.7909803	1.072446
2.7561061	1.8365145
2.585176	2.0044596
2.5328326	1.9978698
2.6812613	1.9423695
2.996273	1.9928105
2.9788666	1.9840963
2.9832275	1.9811535
2.9629931	1.9798073
2.9488587	1.971545
3.0242996	1.99242
2.9934459	2.004848
2.8678815	2.0020518
2.8633323	2.0038702
2.7726865	1.999106
2.7084897	1.9975128
2.8166473	1.9828045
2.7603583	1.7852457
2.7909005	1.9620746
2.8076162	1.9965174
2.7512763	1.9943693
2.7050526	1.9867076
2.783851	1.995393
2.7673612	1.992058
2.6350684	1.9746141
2.5207222	1.9820999
2.4592888	1.9862489
2.3963547	1.984495
2.3226235	1.9868156
2.3018668	1.9873857
2.124333	1.9970688
1.9925352	2.0033772
1.9834676	2.0052922
2.006026	2.0076282
1.837737	2.015503
1.8452611	2.013605
1.8332735	2.0076814
1.7403979	2.0097635
1.831779	2.0005686
1.6599625	2.0047112
1.6860983	2.0030446
1.767831	1.994163
1.8981353	1.9911072
1.8338606	1.992271
1.6033663	2.0022943
1.781079	2.0014865
1.7842715	1.9963669
1.6473011	1.2055453
1.2419609	0.9965967
0.8724513	1.6661501
0.8992841	1.048931
0.99109656	0.9837477
1.3447567	0.98636264
1.5593427	0.9839438
1.3263625	1.0042839
0.9557455	1.0412581
1.0106685	0.99281925
1.126673	0.98895156
1.0846606	0.9944466
1.1926253	0.98866457
1.3339512	0.9924265
1.3629525	1.0014536
1.4792945	1.0054348
1.6602246	1.004278
1.7126757	1.0035065
1.6500729	1.010237
1.5223843	1.0203844
1.6078905	1.0129913
1.5715148	1.0126631
1.5503753	1.0161303
1.6819772	1.06838
1.7992384	1.5720236
1.9716269	1.6713855
2.131521	1.7420161
2.256815	2.0316725
2.2182481	2.0586543
1.9728975	2.0450227
1.6016169	2.0225623
1.9120004	2.0341306
1.8523858	2.0263214
2.0667295	2.017424
2.4201143	1.9990805
2.148444	1.9910874
1.9199653	1.9889287
2.0153747	1.9912541
2.3266447	1.9969748
2.1500192	2.0012062
2.0187964	2.007406
2.016251	1.9890022
1.9344646	2.0044377
2.3311255	2.0013692
2.3426516	1.9929469
1.833698	1.9701269
1.9048786	1.8622547
2.0497057	1.6610795
2.0257578	1.080709
