1.9840007	1.4412531
1.9961178	1.4751606
2.0234401	1.4961085
2.0629926	1.56341
2.095997	1.575291
2.1312473	1.6109847
2.1572022	1.6248225
2.1773107	1.6381825
2.1893096	1.6437519
2.198849	1.6506255
2.2057035	1.6538267
2.2096725	1.6543082
2.21021	1.6554409
2.2118502	1.6570517
2.2139394	1.6576139
2.2136145	1.6581004
2.2126796	1.6582059
2.21051	1.6578571
2.2133744	1.6572343
2.2104354	1.6556414
2.2070565	1.6489409
2.1994848	1.6407638
2.1892345	1.6328986
2.1719666	1.6156678
2.1536462	1.5954162
2.1283772	1.5609217
2.10219	1.5277805
2.0657558	1.4768498
2.0506072	1.4634613
2.0308807	1.4365615
2.0157673	1.4218105
2.0094132	1.413973
2.0038476	1.4056267
2.000381	1.4016434
1.9992177	1.3991442
1.9991297	1.3998954
1.999712	1.3986984
2.0018938	1.3981863
2.0046186	1.3973348
2.008893	1.3997098
2.0116863	1.4001615
2.0159204	1.4028345
2.0181527	1.4041535
2.019769	1.404666
2.019645	1.4042786
2.0216632	1.4056664
2.021805	1.4057056
2.0212371	1.4052001
2.0204136	1.4044217
2.0209293	1.405026
2.020663	1.4052463
2.0208342	1.4067323
2.02148	1.4098201
2.022445	1.4104345
2.019614	1.4078969
2.0167055	1.4077317
2.0148408	1.4083008
2.0132465	1.4104837
2.0117385	1.4142892
2.0070307	1.4176217
2.0033023	1.4209902
2.0000184	1.4344038
1.9925721	1.434168
1.9791801	1.4377937
1.9673947	1.4446039
1.9536028	1.4573705
1.9382467	1.4642328
1.9194438	1.4946151
1.9025531	1.5198233
1.8952924	1.5308429
1.8893442	1.5284237
1.8824617	1.5451738
1.8806593	1.547056
1.8779405	1.554511
1.8754944	1.5571573
1.875309	1.5594695
1.8755927	1.5596449
1.8754787	1.5611222
1.8756324	1.5632643
1.875605	1.5640638
1.8753159	1.5646011
1.8747987	1.5644261
1.8780533	1.5613892
1.8797377	1.5557555
1.8840479	1.5455824
1.888524	1.5386906
1.8952479	1.5244043
1.9010658	1.5179212
1.9114265	1.49853
1.9177859	1.4860548
1.9299731	1.4638734
1.9402288	1.4473857
1.9503778	1.4299669
1.9564133	1.4168415
1.961471	1.4084147
1.9638628	1.4036423
1.9662292	1.3995669
1.9668016	1.3969254
1.967878	1.3981738
1.9679372	1.3960797
1.9696847	1.394431
1.9698112	1.3937649
1.9704036	1.3929412
1.9716303	1.3920014
1.9720849	1.3916523
1.9732585	1.3914706
1.973258	1.3913114
1.9745656	1.3911067
1.9762244	1.3900032
1.9791627	1.3885685
1.981945	1.3877597
1.9856337	1.3883935
1.9904325	1.390358
1.9938774	1.3921553
1.9995818	1.39449
2.0058033	1.3974178
2.0116029	1.3998153
2.017485	1.4022404
2.0242388	1.4063417
2.0285368	1.4088763
2.030044	1.41013
2.0296779	1.4095006
2.0293748	1.408935
2.028159	1.4075229
2.0270748	1.4066824
2.0263352	1.4063493
2.0257587	1.4061363
2.0265398	1.4069251
2.0270286	1.4074008
2.026841	1.4073013
2.0249696	1.4062253
2.0226202	1.4055953
2.0193167	1.4042813
2.014392	1.4021934
2.0080624	1.398998
2.001248	1.3954958
1.9945406	1.3923895
1.9880614	1.3911021
1.9844782	1.3901302
1.9794902	1.3882686
1.9747251	1.3880235
1.9708549	1.3881428
1.9676625	1.3887589
1.9618055	1.3907533
1.9582739	1.391187
1.9517356	1.3945355
1.9490873	1.3938112
1.9434773	1.3962713
1.9411577	1.397339
1.938785	1.3990543
1.9371972	1.4002825
1.9360886	1.400807
1.9356798	1.4011782
1.935526	1.4014269
1.9355937	1.4007642
1.9358819	1.4008613
1.9355255	1.4004635
1.9355233	1.4009585
1.9356116	1.4011112
1.9371514	1.3995094
1.9394122	1.3985429
1.9416193	1.3973857
1.9444722	1.3952774
1.9486722	1.393397
1.952837	1.3917449
1.9579551	1.3903935
1.9622096	1.3899004
1.9666313	1.3889623
1.9712845	1.3890728
1.975934	1.3878843
1.9804721	1.3876997
1.9852272	1.3882091
1.990181	1.3890139
1.9971831	1.3907132
2.003911	1.392661
2.011201	1.3962712
2.018727	1.4008944
2.0263767	1.4058454
2.030276	1.4080858
2.032343	1.4094486
2.0319202	1.4088215
2.0317447	1.4085587
2.0314846	1.4080846
2.029808	1.4066855
2.029062	1.4062886
2.0294263	1.406371
2.0276935	1.4050792
2.026131	1.4044687
2.0248907	1.4040136
2.0216234	1.4029379
2.0155993	1.3997326
2.0080593	1.3959321
2.003411	1.3938043
1.9962767	1.3898498
1.9924402	1.3879281
1.98818	1.3867253
1.9838383	1.3851832
1.9818981	1.3850775
1.9797449	1.3845459
1.9792218	1.3846619
1.978692	1.3848308
1.9788152	1.3851051
1.9783995	1.385594
1.9778993	1.3852532
1.978291	1.3856844
1.9781573	1.3856475
1.9784011	1.3863857
1.9782013	1.386684
1.9784076	1.3858873
1.9766856	1.3934613
1.9781768	1.396641
1.983323	1.3964517
1.9879594	1.3991023
1.9910889	1.4137374
1.9945859	1.4205536
1.9976368	1.4376149
1.995621	1.4512093
1.9984795	1.478045
1.9956114	1.5087246
1.9963232	1.5397205
1.990996	1.5693686
1.9888016	1.5730525
1.9899118	1.6024665
1.9840654	1.6042271
1.9868655	1.6302907
1.9878869	1.6310139
1.9898763	1.6362584
1.9846764	1.6369395
1.9835994	1.6389178
1.977784	1.6369028
1.9747713	1.6373886
1.971027	1.6377571
1.9656626	1.6366986
1.9677131	1.6363183
1.9733657	1.6364378
1.9790255	1.6359799
1.9992529	1.6390373
2.022885	1.6349753
2.0517802	1.6423719
2.0964403	1.642558
2.1288605	1.6509908
2.1677368	1.6526676
2.1901524	1.6620097
2.2090259	1.6660397
2.223972	1.6697235
2.2250907	1.6668186
2.2248795	1.6648408
2.2227945	1.6623315
2.2200913	1.6601592
2.219394	1.6601831
2.2220368	1.6616056
2.2226763	1.6621883
2.2234728	1.6631573
2.221789	1.6613694
2.2205281	1.6582544
2.2181437	1.6529278
2.2191687	1.648805
2.2066345	1.6315137
2.1966746	1.6142219
2.1869447	1.5983151
2.1821158	1.5873218
2.1676908	1.570154
2.1293867	1.5218493
2.108614	1.499228
2.078978	1.4651368
2.049761	1.4362447
2.0388591	1.4271553
2.0245268	1.4128456
2.0231044	1.4123268
2.0209029	1.4087728
2.0202324	1.4073546
2.0180483	1.4052143
2.0180244	1.4054646
2.0176463	1.4036182
2.018004	1.4043983
2.0180812	1.404705
2.0175793	1.4055773
2.0157793	1.4048829
2.0136082	1.4032457
2.0097535	1.401367
2.0062351	1.4006444
2.0021343	1.3982269
1.99745	1.3969971
1.9930243	1.3936292
1.9906511	1.3946944
1.9880064	1.3931644
1.9858352	1.393646
1.9838704	1.394168
1.9834648	1.3934605
1.981824	1.393132
1.9808677	1.3935473
1.9806626	1.3938851
1.9805518	1.3932061
1.9797609	1.3933189
1.9795629	1.3941559
1.979828	1.394117
1.9796628	1.3939414
1.9813466	1.3924196
1.9821587	1.3919961
1.9835008	1.3910381
1.9867088	1.3919355
1.9901544	1.3923919
1.9947972	1.3946227
1.9990796	1.3947245
2.0063188	1.3978788
2.0134308	1.4022439
2.0207005	1.4045343
2.0298553	1.410416
2.036131	1.413347
2.0434883	1.4177766
2.049057	1.4202334
2.0542772	1.4243802
2.052205	1.4229419
2.0483034	1.4203547
2.0443354	1.4173939
2.0436728	1.4170077
2.0396688	1.4137692
2.038373	1.4132192
2.0358543	1.4119916
2.0320277	1.4100884
2.0267935	1.4075019
2.0211775	1.4039613
2.0131783	1.399613
2.0073347	1.3966237
2.0008106	1.3934224
1.9970492	1.3920661
1.9929817	1.3901938
1.9897352	1.3890643
1.9872268	1.3884251
1.9848995	1.3877462
1.9833915	1.3889897
1.9814464	1.3895683
1.9800644	1.3890963
1.9788923	1.3899379
1.9780185	1.3895164
1.977037	1.3898946
1.9765165	1.390027
1.9760408	1.3901343
1.9754808	1.3896624
1.9749718	1.3890666
1.9744245	1.3894926
1.9746836	1.3894674
1.9740717	1.3895572
1.9748086	1.3923978
1.9771818	1.391567
1.9803168	1.3960737
1.983952	1.3989319
1.9890494	1.4069023
1.9938052	1.4103377
2.000962	1.4231404
2.0096815	1.4299701
2.0329242	1.4597535
2.057977	1.4990501
2.0786426	1.5201026
2.124391	1.5846113
2.1551225	1.6070108
2.1928859	1.6425713
2.205443	1.6474395
2.2159224	1.657499
2.2160068	1.6617342
2.2119865	1.6619114
2.2086504	1.6634691
2.2077825	1.6626636
2.2051008	1.6626742
2.203446	1.6615711
2.2046938	1.6634272
2.207414	1.6628791
2.2030993	1.662899
2.206128	1.6639812
2.19874	1.6663433
2.1862292	1.6662196
2.170965	1.6652557
2.1347504	1.6575669
2.1045992	1.6528407
2.0662014	1.6478058
2.0329924	1.6422622
2.001261	1.6365392
1.9717803	1.6300838
1.9506735	1.6257322
1.9270073	1.6175107
1.909672	1.6094064
1.8989869	1.606264
1.8881524	1.6028444
1.8798048	1.5991372
1.8758134	1.5970501
1.8717908	1.5960294
1.8694196	1.5939193
1.8679385	1.5910114
1.8680182	1.5882348
1.8672693	1.5858644
1.8670833	1.5827748
1.8671459	1.5840468
1.8687109	1.5816904
1.8691865	1.5815327
1.8712423	1.580856
1.87504	1.57799
1.879687	1.5754647
1.8821039	1.5778557
1.895925	1.5738997
1.9044335	1.5798808
1.9193809	1.5804555
1.9416403	1.588931
1.9569355	1.5953615
1.9777404	1.5992188
1.9874114	1.6022234
2.0000148	1.6046985
1.9999621	1.6032182
1.9983767	1.6016059
1.9951935	1.5980061
1.9906533	1.5983169
1.9872314	1.5986749
1.9819407	1.5975459
1.9834483	1.5973777
1.9771254	1.5947101
1.9817692	1.591595
1.9817762	1.5842288
1.9812496	1.5634395
1.9787421	1.5454766
1.9806117	1.5160604
1.9743891	1.4911151
1.9751513	1.4687494
1.9764043	1.4461099
1.9748001	1.4287966
1.9745992	1.4185959
1.9723543	1.410239
1.9715902	1.4027041
1.970804	1.397487
1.9707854	1.3927286
1.971429	1.3920734
1.9699467	1.3899757
1.9676801	1.3927345
1.9680711	1.3893126
1.9672374	1.39145
1.9690793	1.3882948
1.9705215	1.3868685
1.9723445	1.3859184
1.9723556	1.3852644
1.9717155	1.3857619
1.972256	1.3864363
1.9727864	1.3861191
1.9712019	1.3870504
1.9701059	1.3877054
1.9673055	1.388048
1.9669242	1.3880279
1.9636683	1.3887837
1.9617022	1.3885272
1.9586524	1.38994
1.9556364	1.3904669
1.9540199	1.3910494
1.9514312	1.3919287
1.9490051	1.3929802
1.9471427	1.3938345
1.9463341	1.3937817
1.9440587	1.3949577
1.9429729	1.3955318
1.9428287	1.3956913
1.9424862	1.3957127
1.9422206	1.3963698
1.9409546	1.397067
1.9415133	1.3971254
1.9422151	1.3969738
1.9425132	1.3968449
1.9416875	1.3968967
1.9440551	1.3954893
1.945039	1.3953608
1.9474808	1.394308
1.9492987	1.3940828
1.9516438	1.3930836
1.9571153	1.3910854
1.9576991	1.3914577
1.9604825	1.3910437
1.9634805	1.3902848
1.9666058	1.3898486
1.9684595	1.3896549
1.9693773	1.3899351
1.9716161	1.3895209
1.9711044	1.3889167
1.9720912	1.3885106
1.9734823	1.3885164
1.9738245	1.388201
1.9738001	1.3886296
1.9742658	1.3887441
1.9747224	1.3889971
1.9747354	1.3889132
1.9752208	1.3895612
1.9758719	1.3908216
1.9758488	1.3922251
1.9759635	1.3922981
1.9756346	1.3944032
1.9751517	1.3960286
1.9740106	1.400286
1.9727013	1.4022232
1.9722836	1.4071289
1.9694273	1.4117215
1.9648799	1.4210407
1.9608084	1.4244099
1.9473977	1.4412882
1.9397321	1.4502851
1.925279	1.4781007
1.9176633	1.4846839
1.9037899	1.5116524
1.8987045	1.5242642
1.8941704	1.537016
1.8880947	1.5518386
1.8847214	1.5610471
1.8822916	1.5677415
1.8801236	1.5743182
1.878332	1.578374
1.8767792	1.5833186
1.8753549	1.5859826
1.8757238	1.5870583
1.8758881	1.587832
1.8757229	1.5878243
1.8758541	1.5878227
1.8768188	1.5868
1.87724	1.5867167
1.8802352	1.5864011
1.8825667	1.5872161
1.8900459	1.5882758
1.8959372	1.5911025
1.9050685	1.5920746
1.914842	1.5937771
1.9259694	1.5970141
1.9395243	1.5989506
1.95436	1.6016797
1.9760165	1.6057924
2.0068824	1.6076736
2.0381699	1.6140622
2.0771363	1.6235952
2.1108084	1.6284823
2.1449137	1.6329881
2.1706285	1.63911
2.1983325	1.6479933
2.2116091	1.6524101
2.227893	1.6595696
2.2341645	1.6628752
2.2377725	1.6643488
2.235209	1.6617903
2.232834	1.6601838
2.229629	1.6583617
2.2294958	1.6587045
2.2272012	1.6579969
2.2294912	1.6593194
2.2269027	1.6592704
2.2211637	1.6584921
2.2138712	1.6571023
2.2003253	1.6530106
2.1800797	1.6469036
2.1602106	1.6428841
2.1322381	1.6355083
2.1007173	1.6276355
2.0686028	1.6196134
2.033632	1.6124485
1.9944495	1.6012089
1.9748493	1.5958962
1.949323	1.5885508
1.9299632	1.5818737
1.9136919	1.5809169
1.9008667	1.5785565
1.8924752	1.579477
1.8853601	1.5791742
1.8798689	1.578372
1.8748598	1.5821457
1.8738223	1.5829673
1.8719239	1.584029
1.870689	1.5856141
1.8698047	1.5859863
1.8707992	1.5870032
1.8703843	1.588738
1.8703524	1.5883685
1.870964	1.5887761
1.870827	1.5866646
1.8719627	1.5840157
1.8718232	1.579891
1.8727155	1.572185
1.8731599	1.5660465
1.8773798	1.5496802
1.8800199	1.5415767
1.8831786	1.52748
1.89324	1.4933538
1.8987335	1.4778813
1.9023955	1.4675417
1.9111321	1.4479836
1.917437	1.4348081
1.922998	1.4239463
1.9265835	1.4177551
1.9289954	1.4114823
1.9306244	1.4090571
1.934332	1.4035285
1.9347289	1.4024565
1.9363672	1.3991575
1.9380074	1.396888
1.9380361	1.3957046
1.9387053	1.3940381
1.939716	1.3946115
1.9403096	1.3934978
1.9399277	1.393714
1.9407377	1.3934984
1.940378	1.3941844
1.9409237	1.3938841
1.9402939	1.3969508
1.9436271	1.3947121
1.946032	1.3962547
1.947241	1.3984559
1.9497885	1.4029626
1.9529152	1.4094291
1.9561577	1.4198594
1.9629357	1.4227779
1.9677978	1.4418509
1.9739711	1.4627368
1.9849905	1.496468
2.008216	1.5259634
2.0299497	1.560434
2.0565088	1.5773475
2.085873	1.6048104
2.1142833	1.6195927
2.1447861	1.6371267
2.1686587	1.6496707
2.1912773	1.6566215
2.2047534	1.6616926
2.226331	1.671087
2.239612	1.6765381
2.2431357	1.67959
2.2466114	1.6810716
2.244364	1.679959
2.2466357	1.6801219
2.245402	1.6797566
2.24354	1.6790365
2.241982	1.6786451
2.2432396	1.6789789
2.2376306	1.6782223
2.2225213	1.6749269
2.2117562	1.671303
2.1889822	1.6644635
2.1728666	1.6606938
2.14702	1.6541649
2.1257272	1.6512431
2.1037192	1.6499201
2.078464	1.6455253
2.0554817	1.6410685
2.0319445	1.6389298
2.013078	1.64066
2.0036962	1.6353381
1.9855226	1.6339259
1.9745495	1.6351804
1.969446	1.6333991
1.9659572	1.6327637
1.9644372	1.6326183
1.9659181	1.6337066
1.9643193	1.6324834
1.9659508	1.6340733
1.9705628	1.6329954
1.9747773	1.6324034
1.9790452	1.6284107
1.9918607	1.6238391
2.0015538	1.6201934
2.0189233	1.6168332
2.0290492	1.6141156
2.0452244	1.5958871
2.0525856	1.5851637
2.0560772	1.5613109
2.0546384	1.5301399
2.0462275	1.49354
2.034556	1.4603072
2.0332258	1.4485896
2.0260286	1.4330148
2.0224934	1.4265229
2.0200999	1.4216465
2.0177462	1.4167289
2.0140564	1.4084826
2.0171115	1.4095438
2.0200393	1.4075533
2.0241528	1.4104475
2.0288258	1.4138583
2.029995	1.4146892
2.030344	1.4145935
2.0301561	1.4140964
2.0309713	1.414785
2.03116	1.4156291
2.0324693	1.4181032
2.0334113	1.4202644
2.032725	1.4200453
2.0323985	1.4228201
2.0314496	1.4238899
2.0296519	1.4278992
2.0254886	1.4258505
2.0217786	1.4278933
2.01938	1.4316397
2.014987	1.439665
2.0080836	1.4424319
2.0006816	1.4530182
1.9863092	1.4525498
1.9693044	1.4715785
1.9488829	1.4919003
1.9298191	1.5097448
1.9160265	1.5229148
1.9014761	1.5379915
1.8901168	1.560022
1.8817688	1.5664248
1.8772445	1.5755436
1.8744656	1.5786304
1.8719907	1.5838971
1.8703103	1.5870382
1.8693855	1.5882006
1.8693627	1.5894312
1.8689424	1.590111
1.867928	1.5902767
1.8683282	1.5916618
1.8680657	1.59147
1.8702424	1.5890471
1.8727084	1.5868896
1.8758428	1.5827051
1.8800461	1.5752878
1.8848358	1.574671
1.8921796	1.5640352
1.899182	1.556573
1.9116864	1.5368519
1.9228921	1.5260085
1.9355336	1.5064679
1.9519333	1.4959017
1.9669394	1.4765003
1.982511	1.4662185
1.9956745	1.4549571
2.0070763	1.4529475
2.015364	1.4449751
2.0211892	1.4427898
2.0271678	1.438701
2.0312815	1.4379988
2.0334566	1.4332047
2.0381083	1.4336991
2.0440018	1.4352311
2.0502038	1.4380631
2.05297	1.4386425
2.052496	1.4374144
2.053104	1.4367214
2.0536609	1.4367994
2.0525584	1.4353848
2.0517728	1.4344184
2.0511887	1.4335442
2.0502243	1.433328
2.052621	1.4356042
2.0520113	1.4365118
2.050869	1.4372482
2.0487254	1.4379685
2.0437617	1.4371601
2.0414941	1.4373541
2.0384648	1.4377152
2.0397642	1.4453194
2.0355294	1.4478346
2.0331302	1.4574257
2.0261784	1.4572412
2.018856	1.4635943
2.0069184	1.4648442
1.9941415	1.4798015
1.979822	1.4885937
1.9614272	1.5075201
1.9426374	1.5175052
1.9319876	1.5282787
1.9193704	1.5360063
1.9054654	1.5488895
1.8963685	1.5552897
1.8875985	1.5669366
1.8796284	1.5765525
1.8730428	1.5867783
1.871119	1.5883658
1.8690766	1.5902458
1.8681061	1.5896314
1.866104	1.5926715
1.8651367	1.5941247
1.8649694	1.5953017
1.8647287	1.5980842
1.8660053	1.5971084
1.8650961	1.5968356
1.8652447	1.5973444
1.8660835	1.5969962
1.8678588	1.5971222
1.8704504	1.5977825
1.8743373	1.5970069
1.879684	1.5959572
1.8869779	1.5945462
1.8993698	1.5914557
1.9098552	1.5897306
1.9253141	1.5942445
1.9441415	1.5904025
1.9696016	1.5975274
2.0003097	1.5961999
2.0340006	1.5992478
2.068835	1.6069589
2.1004584	1.6134835
2.1300414	1.6198326
2.156291	1.6287007
2.172321	1.6337365
2.1923602	1.6432192
2.2008908	1.6471732
2.2028844	1.6474754
2.2065845	1.6496096
2.2026515	1.6468979
2.203983	1.6477636
2.2047112	1.6486204
2.202891	1.6486901
2.2047472	1.6497276
2.2028675	1.6486866
2.2016687	1.6465116
2.1976295	1.6441401
2.1914926	1.6364342
2.1865654	1.6345357
2.1774766	1.6257486
2.164782	1.6178001
2.1466835	1.6037713
2.1195765	1.5785097
2.097511	1.5600412
2.0652916	1.5206298
2.0388799	1.4928765
2.0227993	1.4693507
2.0083234	1.451965
1.9999491	1.4442658
1.9923413	1.4330871
1.986737	1.4247946
1.982301	1.4183096
1.979294	1.4142451
1.9767983	1.4120989
1.975496	1.4082972
1.9752362	1.4060825
1.9748151	1.4055696
1.9759749	1.405395
1.9769261	1.4062804
1.9767814	1.4058005
1.9765863	1.4073199
1.9757539	1.4069884
1.9732925	1.4074131
1.9719071	1.405783
1.9679589	1.405831
1.9649466	1.4059666
1.9619007	1.4042543
1.9584305	1.4032456
1.9535576	1.4053622
1.9525719	1.3999686
1.9426239	1.405663
1.9445641	1.3990386
1.940493	1.4017954
1.9400882	1.4013509
1.9376336	1.4031104
1.9363924	1.4033556
1.9344424	1.4050192
1.9340142	1.404613
1.9333649	1.4048342
1.9326138	1.405101
1.9336219	1.4033235
1.9337858	1.4032316
1.9332297	1.4036403
1.9326755	1.4034488
1.9313251	1.4044766
1.9330158	1.4036372
1.9325173	1.4041045
1.9331787	1.4038609
1.9328202	1.4054387
1.9385726	1.4011832
1.9426204	1.3974135
1.9454122	1.3972405
1.9497463	1.3969283
1.9530505	1.3973465
1.9588839	1.3959538
1.9645522	1.3960186
1.9690238	1.3950272
1.9733988	1.3949995
1.9788467	1.3955444
1.9837387	1.395899
1.9890049	1.3956977
1.9917141	1.396405
1.9988642	1.3986721
2.0035985	1.4006951
2.0077088	1.4016984
2.011728	1.4028008
2.016311	1.4040418
2.0200934	1.4062777
2.0214193	1.4070605
2.0236695	1.4085028
2.0237882	1.4080896
2.0239604	1.4075726
2.0242174	1.4081345
2.0252645	1.4086037
2.02408	1.4076355
2.0236633	1.40713
2.02318	1.4066405
2.0217602	1.4053882
2.021202	1.4051036
2.0204968	1.4050325
2.019582	1.4044949
2.0188375	1.4047011
2.019219	1.4062359
2.0202262	1.4079345
2.021216	1.4096688
2.0287025	1.41736
2.0381148	1.4252217
2.0520144	1.4409453
2.0735621	1.4656608
2.0921273	1.484685
2.1213138	1.5256231
2.134371	1.5407627
2.1579216	1.5825562
2.1581419	1.5848188
2.1747968	1.6107613
2.1680045	1.6074564
2.175738	1.6239688
2.1726859	1.6275108
2.1722777	1.6326935
2.1790192	1.6405041
2.1778498	1.641487
2.1871524	1.6479689
2.1928077	1.6532742
2.1951594	1.6551031
2.203247	1.6597737
2.2049012	1.6618369
2.2147448	1.6650925
2.2109823	1.6643742
2.2099442	1.6654708
2.2125678	1.6652894
2.2083366	1.6630791
2.209106	1.6615771
2.2032332	1.6547817
2.1963098	1.6512327
2.1872647	1.6469619
2.178579	1.6398475
2.1629884	1.6298734
2.1421897	1.6091282
2.122305	1.596305
2.1011899	1.5713563
2.0675862	1.5450873
2.0357149	1.5027632
2.0117548	1.4732436
1.9946048	1.4427353
1.986684	1.4285967
1.9798762	1.4204645
1.9771389	1.4137977
1.973556	1.4084827
1.9735318	1.4072173
1.9731023	1.401972
1.9728502	1.4029287
1.9732828	1.402371
1.9725175	1.4008297
1.973472	1.4013644
1.9730055	1.4002465
1.9734994	1.400561
1.9734671	1.4009268
1.9744198	1.4021878
1.9754797	1.4041809
1.9767578	1.4065757
1.9783041	1.4095936
1.9795475	1.4109347
1.9813126	1.4195747
1.9824554	1.4283342
1.983728	1.4346753
1.9858243	1.4471799
1.9864045	1.4747205
1.9865535	1.4916555
1.9934971	1.5424502
1.9880364	1.5516305
1.9852268	1.5827221
1.9782174	1.5994592
1.9724946	1.6037577
1.9692703	1.6195536
1.9636142	1.6246641
1.9578608	1.6315329
1.9602193	1.6342505
1.9624289	1.6358447
1.9621142	1.6377938
1.9591604	1.6410484
1.9552654	1.6424912
1.9528141	1.6421291
1.9569147	1.6436287
1.9599863	1.6418772
1.9603405	1.635359
1.9624325	1.6354715
1.9555155	1.6306301
1.9469802	1.6218225
1.9384062	1.6110896
1.9288932	1.5927477
1.9264604	1.5771562
1.9230263	1.5586681
1.9235805	1.5322293
1.9227557	1.5153913
1.9191802	1.4936426
1.9211013	1.4684138
1.9206215	1.4569359
1.9240328	1.441426
1.9263366	1.4307095
1.9273885	1.4245442
1.929123	1.4178945
1.9290545	1.4160299
1.9304898	1.4128052
1.9310988	1.4101679
1.9294608	1.4112198
1.930635	1.4089105
1.9300146	1.409489
1.9318675	1.4066666
1.9309989	1.4073871
1.9326255	1.4053693
1.9318234	1.405467
1.9326706	1.4045725
1.9335585	1.4039378
1.9346994	1.4031664
1.9357612	1.4035089
1.9376122	1.4045013
1.9387063	1.4054258
1.9412479	1.4059182
1.9436083	1.408947
1.9442514	1.414167
1.9434808	1.4234811
1.9467907	1.4273918
1.9482915	1.4349258
1.9447155	1.4641216
1.948212	1.4720534
1.9415004	1.5325879
1.9436626	1.5359716
1.9518144	1.5899055
1.9539037	1.5896704
1.9633837	1.6112605
1.9663316	1.6173344
1.9756211	1.634698
1.9792436	1.6378849
1.9782152	1.6397057
1.9769698	1.6448474
1.9778796	1.6469058
1.9768511	1.64611
1.9761035	1.6467655
1.9739828	1.6467313
1.9760466	1.648488
1.9735681	1.6464787
1.9726982	1.6456498
1.9722046	1.64294
1.9678082	1.6406746
1.9632822	1.641869
1.9557649	1.6338426
1.951244	1.6228845
1.9448658	1.6151317
1.9391457	1.5972477
1.9308225	1.5754312
1.9261945	1.5428101
1.9188821	1.5295383
1.9239359	1.4857994
1.9274133	1.4620049
1.930588	1.4441297
1.933344	1.427775
1.932987	1.4217635
1.9351895	1.412363
1.932085	1.4151793
1.9345212	1.4074106
1.9349456	1.4040184
1.9341346	1.4037691
1.9342047	1.4024025
1.9351757	1.4005193
1.9357401	1.3995868
1.9357923	1.3991863
1.9365462	1.3983173
1.9356526	1.3989352
1.9373846	1.3980428
1.9377766	1.397087
1.9388992	1.396133
1.941129	1.3953602
1.9444021	1.3928559
1.9464265	1.391673
1.9489595	1.39053
1.9532398	1.3891654
1.9561864	1.3884777
1.958824	1.3878968
1.9629889	1.3867383
1.9653747	1.3862565
1.9693283	1.3859044
1.9726511	1.3858719
1.9760373	1.3857374
1.9785397	1.3856124
1.9829233	1.3859713
1.9872361	1.3867308
1.99154	1.3878176
1.9966286	1.3891313
2.0033898	1.3920385
2.0096464	1.3946437
2.016701	1.3984146
2.0236564	1.402631
2.0296223	1.4068013
2.0320585	1.4085197
2.0329924	1.4088131
2.0324297	1.4083699
2.0323048	1.4084061
2.03122	1.4074804
2.0309856	1.4074596
2.0309641	1.4074576
2.0304658	1.4080416
2.0299873	1.4090354
2.0298724	1.4108208
2.0271187	1.4086393
2.0273802	1.4099662
2.0258775	1.4102385
2.0271509	1.4149615
2.0278513	1.4189885
2.0336769	1.4295282
2.0351954	1.4344919
2.0419886	1.4510514
2.0462866	1.4712973
2.0391567	1.4797758
2.0248108	1.4922932
2.0062177	1.5078839
1.9771938	1.5098369
1.9497255	1.5258428
1.9288404	1.542656
1.9132518	1.551996
1.8993466	1.5582604
1.8880036	1.5712254
1.8812197	1.575916
1.8782628	1.5790042
1.8761168	1.5824193
1.8739105	1.585961
1.8727528	1.5888077
1.871753	1.5915716
1.8719081	1.592521
1.8725425	1.5929585
1.8718711	1.5927637
1.8707818	1.5935024
1.8729428	1.592876
1.8728678	1.5901194
1.8724575	1.5874671
1.8750346	1.5783206
1.8788974	1.56777
1.881866	1.5597422
1.8838428	1.5530943
1.8873464	1.535058
1.8930331	1.5151237
1.9006821	1.4870796
1.9101071	1.461328
1.9170499	1.443362
1.920826	1.4316475
1.9250536	1.4230204
1.9308174	1.4111128
1.9320865	1.4090928
1.9353147	1.4028141
1.9368708	1.4002762
1.935078	1.4022135
1.9332654	1.4042623
1.9347299	1.4023873
1.9354463	1.4003345
1.937286	1.39844
1.9379659	1.3976052
1.9382975	1.3967245
1.9391329	1.3963282
1.9407065	1.3956074
1.9431148	1.3936737
1.9452788	1.3922541
1.9474188	1.3915559
1.9498671	1.3904319
1.9518151	1.3902256
1.955256	1.388661
1.957833	1.3885609
1.9607093	1.3879939
1.9628797	1.38764
1.966422	1.3866111
1.9679866	1.3862914
1.9702572	1.3851959
1.971897	1.3850782
1.9724623	1.3846426
1.974459	1.3851637
1.9746013	1.3850983
1.9751107	1.3852191
1.9745237	1.3850657
1.975285	1.3853462
1.9765626	1.3860022
1.9768006	1.3875194
1.9785477	1.3892173
1.9810703	1.3943805
1.9874244	1.4003251
1.9942719	1.4013126
2.0054934	1.4132168
2.0209482	1.429906
2.0470073	1.4682896
2.0784273	1.5134219
2.1294336	1.5907898
2.1554134	1.6047661
2.1843677	1.6389023
2.1931067	1.6479454
2.206424	1.6577598
2.2126405	1.6682634
2.2147014	1.6713632
2.2166438	1.6740104
2.2141225	1.6744846
2.2108126	1.6758157
2.2075148	1.6759429
2.206309	1.675174
2.2077081	1.6741685
2.2039359	1.6742157
2.2055275	1.6736734
2.2024448	1.6727425
2.19757	1.6680039
2.1885335	1.6613286
2.1758173	1.6548133
2.158259	1.64608
