1.1219186	1.2811134
1.0609682	1.4937793
1.1868478	1.5099618
1.2408261	1.6939336
1.2140459	1.8663076
1.1319028	1.9945447
1.150319	2.078606
1.1385099	2.2106693
1.2909106	2.1364105
1.3926278	2.1541572
1.5450014	2.2702534
1.6917865	2.1722898
1.5318029	2.2448258
1.5957545	2.2385948
1.5784043	2.1629767
1.5904554	2.018867
1.503073	2.014123
1.2286752	2.1152277
1.0235206	2.1589594
0.96562046	2.0617037
0.9693989	2.02869
0.9412482	1.9979118
0.9813088	1.9482177
1.0179106	2.0075269
1.0718472	2.0481048
1.0535234	2.0111036
1.0514377	1.9982089
1.1183556	2.0400164
1.1381049	2.0680716
1.128293	2.0358217
1.1722572	1.9972728
1.2821608	1.9234757
1.4157727	1.7528181
1.2701176	1.8089836
1.1999127	2.0170808
1.4902558	1.9692491
1.6648622	1.839648
1.7407578	1.7272359
1.9122651	1.5673285
2.207376	1.4920633
2.3063552	1.4668802
2.3322873	1.235195
2.4327595	1.3057278
2.723074	1.4745443
2.897426	1.3661449
2.9454646	1.3030696
3.1287608	1.3843468
3.2111282	1.1682081
3.1956615	1.0023423
3.1416414	1.0327599
3.1936545	1.2946364
3.1586041	1.1257101
2.987336	1.0511343
2.9531732	1.1018056
3.00542	1.076052
2.9613543	1.1233679
2.8745472	1.1563967
2.8816109	1.161421
2.845211	1.117845
2.840203	1.1192414
2.8955765	1.1394817
2.9429216	1.1484712
2.7866774	1.207482
2.7614155	1.3310673
2.7778225	1.5100428
2.629167	1.5531282
2.5387015	1.6386704
2.4053342	1.6088662
2.2632382	1.6759764
2.3255482	1.7856327
2.2461176	1.8566864
2.0755937	1.9281578
1.9998713	2.0151033
2.0387902	2.171305
1.9874332	2.2021434
1.9560735	2.151645
1.9575351	2.1533866
2.026361	2.160878
2.0846293	1.9554983
2.1162906	1.9829688
1.9970713	2.123972
1.9931924	2.0848103
2.0784442	2.0830822
1.9358592	2.112726
1.9281318	2.1037464
1.906698	2.0797288
1.9695193	2.0761817
1.938565	2.0828297
1.7256684	2.1486447
1.4831948	2.2343018
1.3211249	2.254921
1.2083299	2.1935725
1.0667075	2.081845
1.1036334	2.0245638
1.0044754	2.0108657
0.837062	1.9746091
0.80217636	1.9856651
0.75180465	2.0097182
0.71561974	1.9363207
0.754971	1.908785
0.88387233	1.9481276
0.9620371	2.016199
0.95874965	2.064125
0.96489596	2.0974247
1.0001149	2.1067655
1.0526489	2.0730178
1.0759062	2.0557833
1.0449831	2.0240166
1.0106008	2.0044365
1.0065864	2.0281115
1.0733922	2.0604312
1.2063395	2.039274
1.3285675	2.0207214
1.4939394	2.0366833
1.709714	2.077044
1.9175255	2.1270366
2.1547604	2.1441967
2.4486938	2.0716105
2.4556682	2.0612757
2.4920063	2.1525784
2.742302	2.1286235
2.8084326	2.0938587
2.7808602	2.0839958
3.0249128	1.9970362
3.1030495	2.0215876
3.2039506	1.956257
3.2139828	2.040236
3.259981	2.0697668
3.2477493	1.994981
3.0837479	1.9528605
3.0563207	1.9213824
3.0282521	1.9469236
2.981495	1.9544603
2.9237976	1.9395331
2.9222014	1.9875212
2.8829088	1.9779956
2.9226182	1.9905735
2.9379878	1.9684697
2.8953886	1.9268923
2.82609	2.005587
2.644374	1.9988427
2.5388215	1.9728643
2.4815874	2.051095
2.2379334	2.060384
2.0016887	2.035605
1.7774315	2.0262945
1.6378735	2.0052114
1.5580175	2.0545626
1.4142797	2.0537865
1.2667958	2.1265807
1.1602831	2.1809292
1.0683585	2.1605797
0.9779767	2.1517723
0.7889428	2.1338403
0.66569453	2.1222334
0.6609166	2.0559459
0.67525136	1.9342593
0.66935295	1.867782
0.7118654	1.9232801
0.80431265	1.9909494
0.8769515	2.0529978
0.8974431	2.085346
0.88946897	2.090445
0.9317888	2.1234746
0.9669706	2.1119223
0.9173465	2.0887568
0.9456256	2.1177454
1.0302656	2.117772
1.0420834	2.0893786
1.1582317	2.0718074
1.415721	2.1192698
1.6904584	2.170573
1.797692	2.1655226
1.9749659	2.220828
2.0460677	2.2489417
2.155408	2.2072473
2.362781	2.216213
2.3120403	2.213446
2.2413197	2.2210412
2.1237502	2.2313995
1.9861218	2.2158928
1.9109364	2.2064717
1.937663	2.1785715
2.004788	2.2087805
1.8988775	2.208932
1.8657204	2.1984255
1.8972188	2.164599
1.9016336	2.1534047
1.8572079	2.2377343
2.3507094	1.7372931
2.3011851	1.5369582
1.4092425	1.8994048
1.1554204	1.9090265
1.6608233	1.2706264
1.8108184	1.1841329
1.8306763	1.163197
2.1513371	1.117244
2.1324973	1.0681825
2.124715	0.9758591
2.1146977	0.9220765
2.1235907	0.8789893
2.127568	0.99460125
1.9650252	0.8823458
2.0755634	0.8762172
2.0086613	0.76724577
1.8801601	0.7690682
1.8882686	0.88134086
2.0118062	0.8544066
2.0675526	0.8637846
2.104794	0.9022197
2.1379147	0.90568817
2.1339908	0.8715648
2.2340193	0.88292426
2.122891	0.91330355
1.9273075	0.939627
1.88627	0.95659167
1.6019247	0.9682129
1.3240054	1.1711558
1.2361872	1.0670313
0.99457055	1.0850388
0.9284139	1.0323503
0.82724595	1.039757
0.88782156	0.93001497
0.9822383	0.8491729
0.9212446	0.8863508
0.9855868	0.9737869
1.0911082	1.0629058
1.1394004	1.0788399
1.1870089	1.0996616
1.2160494	1.0470546
1.176045	0.98018014
1.1564804	0.96828514
1.178808	0.9557069
1.1871747	1.003953
1.1477749	1.1209526
1.0483497	1.2602614
0.9228996	1.3400608
0.8600369	1.7063366
0.82631177	1.9458314
0.76659775	1.938064
0.69692	1.8318065
0.76080114	1.832551
0.78104895	2.1362069
0.79434425	2.159823
0.85799336	2.1852705
1.0166872	2.3214185
1.2506459	2.2498107
1.3583033	2.2645626
1.3327578	2.1745021
1.1889832	2.0562243
1.0932521	2.1183949
1.1824406	2.0932548
1.2422886	2.035971
1.1202893	2.0839148
1.1274669	2.0595253
1.2093648	1.9739166
1.293673	1.9317759
1.3801928	1.942964
1.3631542	2.036336
1.5042486	2.056356
1.7316298	1.9867318
1.7960742	2.0274794
1.9976451	2.0274765
2.0819554	2.1104698
2.1106086	2.0298011
2.127976	2.0114212
2.160482	2.024693
2.235975	1.9333832
2.0341964	2.0205986
2.0278795	2.0656166
2.150287	2.0030432
2.030394	1.9814847
1.912402	2.0490797
1.9966727	2.0506647
2.0568922	1.9665161
1.9561805	1.9791212
1.9381096	2.0262825
1.7093022	2.1264877
1.6138484	2.149607
1.6269763	2.157094
1.3939146	2.1159875
1.2064475	2.0758567
1.1142639	2.017166
0.9905759	2.073597
0.8150105	2.047133
0.78307414	1.8857806
0.6911436	1.9517994
0.6207222	1.8998982
0.64341146	1.8793919
0.6203939	1.917649
0.5557319	1.938078
0.5740927	1.9042752
0.71861184	1.9454019
0.85270435	2.058721
0.8953037	2.096941
0.85702854	2.0707932
0.8777963	2.1024234
0.9115299	2.0979872
0.9638257	2.048421
1.0737333	2.0589087
1.2211488	2.067408
1.3057213	2.124207
1.5365976	2.1663365
1.7454998	2.1576278
1.9104769	2.1599567
1.9818033	2.1399522
2.0115182	2.1506808
2.085276	2.166352
2.1105359	2.152799
2.127513	2.1600125
2.1730733	2.0659244
2.2446654	2.0052257
2.199231	2.0941045
2.1710804	2.070813
2.1469073	2.0800765
2.1422184	2.0933995
2.1304715	2.07164
2.08253	2.0817363
2.0865781	2.1179109
2.092411	2.1617303
2.121119	2.116038
2.0473247	2.098755
2.0967722	2.1089175
2.1110656	1.926839
1.746945	1.9967322
1.5608567	1.8515449
1.505911	1.6700321
1.4582635	1.4863394
1.4168717	1.469705
1.5223985	1.3288542
1.4015718	1.3075902
1.1275965	1.1145768
1.2576886	0.9260552
1.3004078	1.0454983
1.2265346	0.8608115
1.0847064	0.8168536
1.0053283	0.7848242
0.9999321	0.8043336
1.0394571	0.8852895
1.2351192	0.81739277
1.3679686	0.89473724
1.417733	0.9015327
1.3520302	0.93405133
1.3480004	0.9573344
1.3720278	0.9675221
1.3196708	0.93011653
1.2440017	0.9460368
1.3272203	0.95713747
1.2925999	0.9317267
1.3997862	0.85500604
1.619941	0.83206
1.7238729	0.8559316
2.0675273	0.96173245
2.267667	0.99540883
2.3757255	0.944843
2.4914646	0.94172597
2.5791411	0.9447138
2.687324	0.9457459
2.7266467	0.9380496
2.8890085	0.9776137
3.0352373	1.0483719
3.0206988	1.033548
3.0680206	0.99947834
3.1624653	1.0184871
3.1056674	1.0205469
3.057688	0.98593426
3.074104	0.99321836
3.0658126	1.0306361
3.010366	1.0582559
3.0111086	1.0719941
3.0498776	1.0989594
2.9808304	1.041423
2.8889117	1.0552354
2.894715	1.0741879
2.8235202	1.0630878
2.6502202	1.141543
2.5238347	1.2115513
2.5024102	1.1279968
1.991416	1.2064155
1.7639856	1.1559196
1.6956216	1.1382759
1.4035332	1.1224021
1.3954775	1.0533276
1.3765397	1.1311712
1.4229989	1.164022
1.496188	1.1601244
1.650264	1.2083071
1.9005407	1.2392268
1.9561343	1.2890654
2.0380592	1.2329438
2.0879881	1.1588005
2.114147	1.1780672
2.0274372	1.2035902
2.106985	1.2197782
1.9974296	1.2672417
1.8529208	1.3808255
1.9485443	1.6685241
1.9659028	1.792712
1.8873578	1.8931783
2.0912101	1.9690814
2.1198275	1.9614861
1.9057078	2.0829694
1.988437	2.201271
2.0379226	2.2025373
2.1707652	2.199778
2.2366357	2.2783935
2.2086272	2.3189929
2.1372015	2.3517606
1.9805716	2.2397702
2.1814518	2.2008188
2.5498343	2.0097828
2.3708081	2.141339
2.286429	2.1069036
2.0819526	2.1711042
1.8043119	2.31219
1.6920681	2.2730122
1.8296288	2.27668
2.1461215	2.208318
2.0646045	2.1394265
1.8955766	2.180721
2.1666467	2.1473165
2.3917325	2.0870032
2.5687044	2.1046164
2.4844437	2.132543
2.5994873	2.1117885
2.7796197	2.1415808
2.8271272	2.0947309
2.959369	2.0732932
2.8695033	2.0952935
2.881953	2.068954
2.9890823	2.0482028
2.9561703	2.0313883
2.8722374	2.0626984
2.9546168	2.0466607
2.9764783	2.0149481
2.8387663	2.0141146
2.7952366	2.02793
2.7942393	1.9933723
2.8902357	1.9775404
2.8236518	1.9784398
2.6595895	1.9670299
2.6999698	1.9855855
2.8539581	2.0184052
2.6764848	2.0434508
2.5059776	2.0065684
2.4280114	2.0019617
2.3484728	1.9880373
2.2753336	2.0067818
1.8606203	2.0389087
1.9707217	2.0213315
2.095629	2.0229297
1.8185635	2.0496135
1.6910242	2.0692968
1.7280811	2.0763793
1.8819634	2.0696645
1.7754601	2.097459
1.9417931	2.1571546
2.0300353	2.1739028
1.7936585	2.144432
1.8460988	2.1530318
2.0055616	2.128684
1.9800503	2.107266
1.919526	2.1100612
1.9745854	2.1222026
1.9645613	2.091871
1.9121124	2.0045373
1.9864092	1.9397228
2.0121806	1.9918592
2.061032	1.9228386
2.1499279	1.8290673
2.271166	1.6768963
2.3387365	1.647995
2.2353785	1.5832047
2.3558452	1.4677643
2.5311024	1.350374
2.5846593	1.3875146
2.9409168	1.308056
3.022326	1.2452424
2.9281151	1.1141413
3.0233877	1.1518234
3.0975106	1.107445
2.951993	1.0143287
2.7777789	1.0509073
2.8275037	0.97540045
2.8353634	0.9631065
2.7992108	0.99122113
2.7905583	0.9807261
2.8027039	0.9816433
2.8016121	0.96330816
2.8234262	0.9586296
2.7863038	0.99164927
2.7356737	1.0067023
2.7696166	1.0185939
2.7797115	1.0298474
2.7445788	1.055751
2.736191	1.0630194
2.6194994	1.070368
2.5116003	1.0663259
2.2342842	1.0668914
2.043345	1.0383614
1.9478279	1.0697234
1.808789	1.1157408
1.7284147	1.0954046
1.6354134	1.124954
1.5810285	1.1535072
1.4386907	1.1540363
1.2063609	1.2426002
1.09614	1.2163737
1.022858	1.0855463
0.9284809	1.1102502
0.8272825	1.1910938
0.7938334	1.146066
0.7825329	1.0379183
0.8266135	1.0099001
0.87719536	0.95278054
0.9268347	0.9179262
0.9939999	0.9518638
1.0288891	1.060427
1.0830142	1.1203738
1.115359	1.1204638
1.125894	1.0777146
1.146039	1.0595919
1.0943077	1.0424051
1.1226611	1.0221817
1.2491772	1.0306169
1.3286034	1.0408003
1.4690595	1.1056744
1.6871979	1.1933591
1.8366416	1.170507
2.006424	1.1857071
2.1756988	1.2328831
2.2657197	1.2315353
2.4531968	1.1785809
2.6752634	1.1747308
2.663137	1.1964039
2.7444065	1.1969203
2.9275413	1.2103604
3.0249534	1.1550236
3.113023	1.1286583
3.1016147	1.1095229
3.0874074	1.0944033
3.1295676	1.1180983
3.1118958	1.0318516
2.9838116	1.0045632
2.9359689	1.0199516
2.9565191	0.9999449
2.9461195	1.003903
2.8444183	1.0009624
2.8143616	0.971845
2.866167	0.98858744
2.832003	0.99896395
2.8687747	1.0306461
2.8691761	1.0854875
2.9109015	1.139565
2.997508	1.2639654
3.0285058	1.3429779
2.987757	1.6078387
2.9278958	1.6168027
2.9817162	1.616596
3.0047681	2.1234667
2.9846697	2.1643448
3.005031	1.8982902
2.9462283	2.0594985
2.8919663	2.1866672
2.8846545	2.1730144
2.857383	2.1244202
2.9583828	2.1430204
2.9557939	2.0920792
2.7987256	2.117578
2.8540502	2.1111553
2.916903	2.1332207
2.8359282	2.1941702
2.8978972	2.175143
2.955888	2.208464
2.7649117	2.0822399
2.740161	2.0831797
2.882771	2.133474
2.8069944	2.083407
2.7840223	2.0493677
2.825933	2.0652018
2.7617695	1.8824859
2.4976656	1.9359592
2.2250154	1.8884645
2.2181795	1.6973808
2.0811749	1.5141829
1.8809426	1.293822
1.8001517	1.1520728
1.6337528	1.2511781
1.6048398	1.1364459
1.7018678	0.98956263
1.6467435	0.94319475
1.4028367	0.9323833
1.3218123	0.9284991
1.2476985	0.98645854
1.1728419	0.9439187
1.1385698	0.9005318
1.0687886	0.87653583
1.0786295	0.8187567
1.0208032	0.8616137
1.0263591	0.8889606
0.98787534	0.81437236
0.9547991	0.7909706
1.0679629	0.7727985
1.1303935	0.7724911
1.1735564	0.80575657
1.147814	0.8234993
1.1478304	0.8191139
1.2157146	0.8226974
1.216477	0.82701784
1.1450071	0.82493305
1.2228009	0.8189756
1.4927627	0.84429544
1.5754851	0.9070709
1.7251526	1.0100826
1.8384526	1.0235021
1.9539176	1.0539691
2.0715744	1.0264945
2.0911167	0.9374448
2.1838121	0.9618517
2.2615578	1.0158186
2.3655908	0.9570093
2.375112	0.86373407
2.2473311	0.9542088
2.3691175	0.9723988
2.448271	0.8682765
2.3041668	0.9002983
2.2086005	0.9432312
2.1410484	0.9286836
2.034523	0.9142189
2.0670493	0.93548054
2.0615008	0.9143184
1.9139357	0.9432675
1.8783348	0.9905371
1.8856819	1.0878488
1.6795944	1.2717069
1.5589134	1.3250523
1.4668239	1.3187288
1.4391313	1.3088467
1.3123	1.6415215
1.2823817	1.7382345
1.3102043	1.7599354
1.1920533	1.9315599
1.1284881	2.0618773
1.0816342	2.1731625
0.98559004	2.1431267
1.0189297	2.1541097
1.1553597	2.1476228
1.2321018	2.025902
1.2398138	2.0613391
1.1593617	2.2350137
1.0600226	2.1461642
0.86933756	2.087448
0.84935665	2.019106
0.9429753	1.8129622
0.9945376	1.8529456
1.0534048	1.9365689
1.0539979	1.9754511
1.0707242	1.9483225
1.1369572	1.8891236
1.2122521	1.7946084
1.2482446	1.7343082
1.2247108	1.8163033
1.3801411	1.7369623
1.4760042	1.6599083
1.6694716	1.552463
1.7659401	1.6258494
1.8390259	1.6534797
1.988811	1.479834
2.1912198	1.3253559
2.3216727	1.3168325
2.391775	1.2863693
2.6120017	1.3641324
2.8205357	1.2647759
2.9616113	1.1156628
3.083427	1.111705
3.1224706	1.1468048
3.1712656	1.0996484
3.1054664	0.9466627
3.1089818	0.9453991
3.061709	0.9671963
2.9568868	0.96531
2.9447503	0.9604949
2.9226234	0.9362399
2.9279196	0.96107906
2.8807604	0.9693924
2.8730044	0.9707088
2.9399247	0.9779615
2.896357	0.95919645
2.8848753	0.9628465
2.8367772	1.0269966
2.722	1.0700804
2.6674201	1.1519369
2.6149178	1.3157378
2.4372926	1.253851
2.2838044	1.3607646
2.2249374	1.5225642
2.0609078	1.6856836
1.9183596	1.7151974
1.8746488	1.7036058
1.6488291	1.6649197
1.4979552	1.688616
1.3512244	1.7576808
1.1618801	1.7515407
1.0488576	1.7354336
0.9514056	1.8125763
0.94630295	1.877382
0.8874617	1.8830945
0.8903928	1.8830163
0.91087973	1.9496368
0.8641982	1.9535558
0.8243647	1.8471894
0.76204896	1.8069531
0.80827725	1.8108948
0.92854184	1.8586273
0.9386252	1.881489
0.9307662	1.8574502
0.97281146	1.8651315
0.9819952	1.8865542
0.9950706	1.8869802
1.0573751	1.8566961
1.0345602	1.7855604
1.086152	1.7414223
1.2045563	1.7241416
1.319091	1.6837316
1.5325576	1.6561834
1.5688689	1.6735197
1.5638142	1.6580224
1.7009653	1.4599711
1.8660774	1.3781328
2.0523021	1.2990781
2.0902672	1.3360639
2.1816642	1.3780413
2.3964424	1.3480942
2.5597923	1.2469474
2.6371567	1.1902429
2.7866726	1.1422542
2.9541266	1.1265501
2.8996634	1.1686332
2.905657	1.1611986
3.0833187	1.092819
3.1073158	1.07763
3.058493	1.019984
3.067268	0.9375743
3.0573573	0.8905774
2.99332	0.9115419
2.9670875	0.9579866
2.9815784	0.98331815
2.9900422	0.944326
2.9786313	0.9189036
2.9369304	0.9225386
2.8814778	0.89023626
2.8403938	0.91539025
2.924145	0.94315463
2.9414783	0.9282647
2.8741326	0.9355731
2.7914512	0.9426209
2.6727643	0.9340867
2.5557745	0.96480024
2.4095747	1.0180442
2.1945152	1.0720438
1.8674582	1.1952654
1.7542396	1.2483728
1.644453	1.1472315
1.4823501	1.249699
1.3298317	1.2321861
1.1764967	1.2643771
1.0501269	1.3667904
0.9742374	1.243719
0.9279089	1.198893
0.85860074	1.2095559
0.8455535	1.1411601
0.90895903	1.1071354
0.9177556	1.0212291
0.97356504	0.98863643
1.0865818	1.0819676
1.1251616	1.0841258
1.1938393	1.1511067
1.2046903	1.1631721
1.1905632	1.0934424
1.2486352	1.0907338
1.2199491	1.0798558
1.2034435	1.1100998
1.18901	1.1841798
1.2151482	1.2247227
1.1841352	1.4039713
1.2209506	1.3858371
1.245732	1.4350483
1.3091531	1.5317885
1.4568282	1.6023134
1.5367774	1.8051275
1.6440012	1.7912725
1.7246679	1.902016
1.8961533	1.9656022
1.9203856	1.9499879
1.9737339	1.972626
2.1633675	1.832841
2.1763914	1.8707459
2.1799273	1.9895855
2.2383459	2.0039523
2.2754288	1.9764403
2.3205335	1.8995458
2.2624838	1.95742
2.1342921	2.0044415
2.1257617	1.9136393
1.9966853	1.8458112
1.8823242	1.7829559
1.9731784	1.8038248
2.0531034	1.7614356
2.120126	1.7531228
2.304121	1.7818924
2.3453653	1.8531369
2.5370748	1.8636012
2.6999574	1.8068781
2.7001238	1.910051
2.8287597	1.9687816
2.9456592	1.8459811
2.9306626	2.0769525
3.3175297	1.9552472
3.2296448	2.0943792
3.0089183	2.1098874
3.0213294	1.9129858
2.9740996	1.911075
3.0437577	1.9044199
3.0464885	1.8842188
3.022099	1.907049
2.9996538	1.9374415
3.0215387	1.9161618
2.9554558	1.9943562
2.892438	1.9876536
2.936797	1.9251864
3.0244844	1.9582732
3.0875309	1.9443763
2.9009264	1.9152436
2.8626518	1.9179634
2.9455016	1.9132885
2.9130683	1.8179058
2.5292907	1.9089097
2.3146107	2.092792
2.3060813	1.9854109
2.0672915	1.813443
1.9695287	1.773127
1.7636768	1.8293835
1.5186524	1.8269706
1.4849765	1.8990648
1.4630772	1.9592893
1.2913944	1.926126
1.1568896	1.9492503
1.0655996	2.0321255
1.1652412	2.0392375
0.99812084	1.9691627
0.8824619	1.9271098
0.97837585	1.9708722
0.93267554	2.018763
0.84379345	2.029355
0.8689968	1.972055
1.0167769	1.943711
1.0351272	1.9493889
1.0360724	1.9903275
1.047181	2.0478442
1.085868	2.0031242
1.0648261	1.9756075
1.0779257	2.0239162
1.1032923	2.045652
1.0915072	2.0440044
1.120536	2.0714893
1.144496	2.059676
1.1856676	2.0185206
1.2124758	2.029977
1.2619506	2.0079927
1.3229564	1.9130576
1.3356943	1.8588992
1.3586934	1.8422403
1.258984	1.6478411
1.0533239	1.5286783
1.0876197	1.3328443
1.1561378	1.0965271
1.036221	1.1333554
1.1725303	1.0067062
1.2014513	1.015595
1.3518411	0.9113327
1.4216737	0.9621247
1.2925708	0.99314725
1.3697098	1.0625418
1.4230901	1.0512004
1.5092767	0.94369584
1.515036	1.0324906
1.4043415	0.9445337
1.3791605	1.0042765
1.2875965	0.98668194
1.2460976	0.89780694
1.2907351	0.930197
1.241453	0.9085776
1.2431257	0.88688844
1.1406997	0.8970926
1.2214967	0.9194873
1.3708636	0.90480024
1.2620182	0.92187834
1.2849308	0.9804786
1.2592565	1.022413
1.1818705	1.2128693
1.3046432	1.254685
1.4240053	1.1976224
1.3843873	1.3153342
1.4370998	1.4690261
1.4700999	1.7483853
1.5582931	1.7496381
1.557167	1.7600745
1.8353765	1.8026208
2.0314105	1.8918042
2.106453	1.989494
2.1827424	2.1189349
2.1737769	2.1908092
2.3649623	2.0657456
2.3702378	2.0599272
2.391414	2.095536
2.2966352	1.9911091
2.090901	2.08796
2.128309	1.9963279
2.0911946	1.8391658
2.1322875	1.957777
2.0690212	1.9097794
2.0548854	1.9140006
2.0886307	1.9205692
2.0761743	1.863196
2.0300267	1.8108064
1.9434327	1.7206737
1.920214	1.6535599
1.879302	1.6065546
1.8569316	1.6510495
1.8975841	1.4201391
1.9630657	1.2364527
1.9531612	1.3187052
1.9047884	1.2628905
2.0378432	1.0581138
2.0826373	1.0347706
1.8631246	0.8897847
1.9629651	0.92410225
2.1164422	0.9041776
2.1404276	0.81985873
2.2177863	0.9204479
2.1266289	0.8354783
2.1706634	0.80256146
2.2824228	0.8083665
2.1242745	0.8136697
1.9445671	0.86790806
1.9827234	0.85353667
2.092451	0.7994823
2.2043111	0.7877782
2.231196	0.81017524
2.0442905	0.80653185
1.9254603	0.85205615
1.9698739	1.0368582
1.9432214	0.9939221
2.1148942	0.962881
2.3732355	1.1123499
2.4912121	1.280352
2.625435	1.5528957
2.5740614	1.7066003
2.5556343	1.7635947
2.5638182	1.9282602
2.5951886	1.9004924
2.9044483	1.9053617
3.0265923	2.0949934
3.0595334	2.0750482
3.0387945	2.0849426
3.003781	2.1656356
3.0269723	2.0992842
3.0267348	2.1016765
3.0308313	2.0244908
2.9468546	1.9627988
2.9419749	2.0167212
3.0592017	1.9190031
3.0175364	1.918739
2.967544	1.9089849
2.9211645	1.9505743
2.9488068	1.9433285
2.9173765	1.9400655
2.9639728	1.9712589
2.9715655	1.9498019
2.858156	1.9491923
2.8094683	1.9450233
2.7228289	1.8774601
2.539354	1.7383552
2.498783	1.700095
2.3883772	1.6977259
2.1437593	1.5474607
2.160257	1.3751098
2.2371738	1.2184933
2.056825	1.2558948
1.9803965	1.2816479
2.0361216	1.006301
1.9669644	1.012524
2.0482152	0.8677747
2.1286519	0.88651323
1.8418235	0.7932654
1.8423858	0.80770075
1.8303648	0.89950097
1.819149	0.82167494
1.7861389	0.76157755
1.7529874	0.7657416
1.9477123	0.85296893
2.039985	0.78491384
1.994387	0.77224135
1.9976287	0.82392853
2.0434408	0.8280705
2.065077	0.8141197
1.9998736	0.7965211
2.023725	0.8239501
2.0723298	0.85064816
2.0214722	0.8944392
2.091907	0.91007805
2.1797373	0.8276695
2.290784	0.9410908
2.3068335	1.2537001
2.3122065	1.280731
2.3733697	1.4989291
2.5001495	1.8005387
2.655949	1.9625736
2.8639522	1.8433977
2.8711278	2.079363
2.8059804	2.238582
2.846745	2.1724675
2.9368365	2.2558327
3.015757	2.2155972
3.0195775	2.2179759
3.0737896	1.9797254
3.038538	2.0527742
3.0017192	2.256518
3.0571363	2.0736272
3.0402765	2.0311239
2.9582589	2.0947578
2.9046936	2.079413
2.9161515	2.0461013
2.8969321	2.0543973
2.957641	2.0209181
2.833795	1.9953369
2.809213	2.063853
2.8554738	2.096098
2.6341789	2.0362911
2.428749	2.094754
2.4278753	2.1428404
2.3720071	2.120692
2.0430422	2.0924044
1.9218723	2.0796015
1.9537486	2.1061585
1.743307	2.14098
1.6953508	2.1642733
1.5786874	2.1662662
1.4166062	2.156841
1.3726938	2.1863725
1.3788892	2.2183175
1.2030028	2.2165294
1.0211025	2.1921945
0.98752165	2.1807072
0.8937872	2.1717863
0.7555503	2.108288
0.6942644	2.0712845
0.6731477	2.0300698
0.6552923	1.9548256
0.68863344	1.9061954
0.7755193	1.9486184
0.8220829	2.0387995
0.86461794	2.0847094
0.9151955	2.0756469
0.9298	2.091852
0.9302551	2.0953183
0.9228844	2.078915
1.0000426	2.0339167
1.1137843	1.9556141
1.2141985	1.8718206
1.182628	1.9913828
1.1600652	1.9970896
1.2892221	1.898496
1.5039918	1.7115644
1.6052208	1.5549765
1.6134741	1.3824496
1.6174614	1.3792454
1.7080587	1.2373201
1.8794854	1.0482739
2.1104276	1.1297452
2.362796	1.162083
2.5291424	1.1039438
2.774094	1.1939602
2.964583	1.152821
3.0312474	1.0402427
3.074052	1.0481153
3.1674128	1.0880628
3.1716537	0.9854197
3.117805	0.9617759
3.0205173	1.0151597
2.9020402	0.99867076
2.8911757	0.96752906
2.8722918	0.95151556
2.8437428	0.9377933
2.8067167	0.9462539
2.7581563	0.9676609
2.824184	0.9823462
2.8932364	0.9673926
2.7525265	0.9775218
2.7728941	1.0302373
2.9198442	1.0646242
2.8829153	1.2519009
2.7600691	1.5010495
2.7106073	1.4979503
2.7530956	1.4251608
2.8750584	1.6520125
2.887866	1.8887557
2.916133	2.078798
2.9010704	2.2228851
2.8806021	2.2313824
3.0002623	2.186521
2.9707935	2.1427093
2.8770576	2.2738962
2.8837922	2.1809294
2.8373184	2.1632006
2.7893894	2.2209387
2.9335015	1.973745
3.0626523	1.8163266
2.9481273	1.9354237
2.905186	2.0958617
2.836686	2.1162314
2.7819607	2.0768025
2.8733444	2.0880983
2.8443186	2.0695407
2.698762	2.0323536
2.5614228	2.0909183
2.4866145	2.1349583
2.4010005	2.0940764
2.307044	2.0915053
2.25488	2.0745356
2.0775464	2.1088848
1.9502956	2.094097
1.89306	2.0831916
1.8675704	2.1173315
1.7071269	2.1629548
1.7076019	2.1883092
1.7196175	2.24671
1.6693444	2.2462153
1.8078727	2.250648
1.7140485	2.2152565
1.7505846	2.203434
1.88992	2.2237027
2.0066764	2.2294703
1.9583868	2.2136946
1.7429167	2.169255
1.854466	2.0862622
1.8458431	2.01028
1.7371287	1.7410501
1.4422296	1.5208786
1.047299	1.76602
0.9885241	1.5462002
1.0700969	1.1766654
1.2500843	0.980247
1.353131	0.8787525
1.2827991	0.78270113
1.0759083	0.81558317
1.0643792	0.8005759
1.2408912	0.75088716
1.1735286	0.8250248
1.2365088	0.7442556
1.3146589	0.7501101
1.2907045	0.7872639
1.3432896	0.79818773
1.4318366	0.7843074
1.4645457	0.7785569
1.4232297	0.8099919
1.346855	0.8417079
1.4068815	0.8217051
1.3874183	0.82431656
1.3792409	0.83780247
1.4118545	0.9361195
1.424573	1.1133295
1.5465963	1.1850814
1.6808769	1.2542429
1.690615	1.4686823
1.736251	1.7055377
1.6569837	1.8396815
1.5233493	1.9917597
1.784664	1.9742327
1.8268145	1.9965361
2.068059	2.0158703
2.3974957	2.007386
2.416518	2.1824505
2.3468664	2.2373703
2.3236432	2.146101
2.36921	2.022459
2.1702774	2.0146022
2.0275488	1.972574
1.9835145	1.8655304
1.9582257	1.923756
2.1831262	1.9388039
2.150959	1.8928257
1.8882627	1.8476088
1.9307935	1.7828186
1.9995645	1.7279209
1.95579	1.577338
1.9819012	1.5377339
1.8503163	1.5757613
1.7464147	1.4573632
