1.008781	0.98852485
1.0069823	0.98682016
0.9973365	0.98039854
0.9929257	0.9903504
1.0028945	0.98334634
1.0158906	0.99055344
1.0322102	0.9954318
1.0688734	1.0033354
1.0856348	1.0094924
1.10757	1.066262
1.1987592	1.0984339
1.2392333	1.0669508
1.1942792	1.0749756
1.225373	1.087606
1.3120606	1.0849354
1.366775	1.0901862
1.2473354	1.120846
1.2592404	1.1531185
1.2494237	1.682134
1.1353415	1.9794732
1.3372257	1.9954472
1.3569582	2.0119426
1.2729348	2.0137439
1.093898	2.0017729
1.0652598	1.9994146
1.0263487	1.9961104
1.0619822	1.9968814
1.1186876	2.001135
1.3476728	2.0098748
1.8146491	2.0005326
1.7157259	2.0077496
1.8139292	2.0066109
1.760764	2.0053813
1.704512	1.9963169
1.4327047	1.9970615
1.0362809	2.0094543
0.99744934	2.0088208
1.0010313	2.0057118
1.0058073	2.00452
1.0092728	2.0028625
1.0216432	1.9991727
1.0261025	2.002237
1.0478064	2.0022194
1.046767	1.9990914
1.0475751	1.9977552
1.0948551	1.9964144
1.1115639	1.9979426
1.1062288	1.9951562
1.1653748	1.9864062
1.4113022	1.9634395
1.7987465	1.8676728
1.434771	1.8727068
1.1809571	1.9891249
1.775423	1.9841989
2.025798	1.9786696
2.103504	1.9495158
2.2728899	1.5556288
2.8064709	1.0501857
2.8786304	1.025987
2.8861911	0.9965113
2.922069	1.0004108
2.9907	1.0234507
3.012585	1.01047
2.9976785	1.0083164
3.0454373	1.0391241
3.0762923	1.0480305
3.0153704	1.0269214
3.055882	1.0197066
2.9175897	1.8120813
2.956207	1.0955515
2.9807088	1.0150241
2.9051435	1.0591209
2.9393349	1.039981
2.8386924	1.1290348
2.7208116	1.2703081
2.7109468	1.3170159
2.736418	1.1326432
2.7180147	1.1475036
2.7236311	1.2455568
2.7472773	1.3035465
2.6184354	1.6111816
2.7946413	1.9575377
2.9139657	2.0067234
2.8090885	2.0209064
2.7447414	2.030008
2.5337944	2.0301106
2.3287258	2.0155885
2.4018035	2.0272014
2.3208401	1.9870765
2.1955147	1.9760817
2.157552	1.9826293
2.0826988	2.006132
2.0179846	2.0218742
2.031035	2.0196536
2.0561953	2.0166008
2.1099446	2.0143993
2.1933842	1.9996551
2.254333	2.0005493
2.0735075	2.0092652
2.0760698	2.0061486
2.1372833	2.0037801
2.0063813	2.0059786
1.987708	2.004219
1.9260447	2.000624
1.9763889	1.9996847
1.8968499	1.998981
1.6824064	2.0065286
1.2261658	2.0133915
1.0812311	2.0165837
0.99420285	2.014589
0.967308	2.0078454
0.9856327	2.0033767
1.0021178	2.000464
1.0154697	1.9924022
1.0161092	1.993771
1.0123764	1.9958704
1.0236703	1.9879768
1.0269963	1.9868344
1.0173439	1.9958522
1.0226481	2.0003877
1.0180727	2.0034952
1.018868	2.0052571
1.0304058	2.005033
1.062125	2.000344
1.0817463	1.9970872
1.0593041	1.9965976
1.0416474	1.997288
1.0390193	1.9993248
1.0735035	1.9985754
1.2542331	1.9867955
1.53208	1.9846406
1.8226162	1.989767
1.9828696	1.9907464
2.0398803	1.9919906
2.1060622	1.9923661
2.43676	1.9902097
2.291008	1.990998
2.083346	1.9948967
2.4856663	1.9927939
2.8410563	1.9938484
2.9588397	2.0018466
3.0191782	2.0012386
3.0263467	2.005872
3.0255463	2.0041058
3.025758	2.010249
3.0180361	2.0143485
3.012049	2.0095038
2.9811163	2.011295
2.9589224	2.0061464
2.9404435	2.0126488
2.9138834	2.0140831
2.8676753	2.0082848
2.8758395	2.0158417
2.83852	2.0137556
2.8736105	2.015302
2.885142	2.0136683
2.8324308	1.9996777
2.7688715	2.0134792
2.4191413	1.9956907
2.2153163	1.9820184
2.195253	1.9994112
2.0536883	2.0011687
1.9584141	2.0048385
1.8091382	2.0104995
1.635031	2.0098486
1.5785252	2.012246
1.3555615	2.0115006
1.2584761	2.015399
1.191585	2.0175965
1.0635813	2.0151203
0.96922785	2.0113842
0.9696888	2.0051517
0.992626	1.998052
1.0103116	1.9914154
1.0266075	1.9823374
1.0358508	1.974489
1.0259808	1.9858619
1.00664	1.9986583
1.0050756	2.0035493
1.0062165	2.0050232
1.0050514	2.0053537
1.0130466	2.0063448
1.0241154	2.0052989
1.0109457	2.0050597
1.0162559	2.0062096
1.0542616	2.0036888
1.0615488	2.0012705
1.1901392	1.9922466
1.7480066	1.995031
1.9707624	1.9940755
1.9988765	1.993736
2.0148175	1.9965715
2.0074327	1.9985332
2.0001502	1.9982278
2.0313118	1.9972268
1.981217	1.9987512
1.9333379	1.9997802
1.8713149	2.0014765
1.7650661	2.0011034
1.6782098	2.0005615
1.7132733	1.9979699
1.7985536	2.0005827
1.6867145	2.001508
1.6555202	2.0001848
1.6661512	1.9971967
1.6697493	1.995827
1.6430366	2.0045931
2.591247	1.2172894
2.6913211	1.0068952
1.0275989	1.9389113
0.9852862	1.9910574
1.5750811	0.9884205
1.9182938	1.0003966
1.9987949	1.0032376
2.464514	0.999925
2.401766	1.0020479
2.213379	1.0072794
2.0642984	1.0085957
2.0163655	1.0067903
2.02495	1.0068411
1.8767232	1.00005
1.9646616	1.0025389
1.9110824	1.0005504
1.8414052	0.996923
1.7246274	1.0067564
1.8547853	1.0103601
1.8649803	1.0153881
1.8731798	1.0239977
1.897209	1.0280851
1.9795783	1.0218099
2.0831244	1.0255959
1.9447525	1.0340456
1.7423059	1.0352421
1.6573641	1.0394223
1.4054592	1.012824
0.98286617	1.1711982
1.0687945	1.0220501
1.0409783	0.9997612
1.0419996	0.9922081
1.0272437	0.99146456
1.0570229	0.9847096
1.0859282	0.9807719
1.0673125	0.9834675
1.0639921	1.0066991
1.191448	1.1732048
1.2741696	1.1938133
1.3615581	1.2162412
1.3490078	1.1341718
1.2192079	1.0637261
1.1879212	1.0504241
1.2167515	1.0482469
1.2681092	1.0892013
1.2987003	1.249048
1.1681429	1.6530163
1.0591849	1.8271981
0.96767485	1.9771576
0.981204	1.9857427
0.92686284	1.9811603
0.8997992	1.9729078
0.9011431	1.9743437
0.9185045	1.9838912
0.91962993	1.9844874
0.931252	1.9878792
0.9831448	1.9950484
1.0729722	2.001981
1.2265955	2.0091276
1.271609	2.0036654
1.1593161	1.9943962
1.0585936	2.0052578
1.1403774	1.9996661
1.2532618	1.9895203
1.0731297	2.003094
1.0817894	2.0006933
1.2066901	1.9820145
1.394064	1.9683332
1.5882847	1.9754764
1.5145042	1.9895841
1.7817858	1.9929558
2.0005646	1.9882659
2.0043037	1.9901085
2.07958	1.9901549
2.0408816	1.9937022
2.053364	1.9916528
2.022436	1.9915622
2.0011106	1.9926708
2.1105952	1.9893638
1.8677101	1.9951922
1.8314366	1.9985169
1.9317243	1.9926198
1.7939918	1.9901401
1.6360772	1.9956143
1.7486415	1.996253
1.8185335	1.9873272
1.6685295	1.9847969
1.6586689	1.9921993
1.3127483	2.0013855
1.1552627	2.0044293
1.1575485	2.004701
0.9931716	2.0096593
0.9741305	2.0096796
0.9887716	2.0047276
0.9921001	2.0047865
1.0042381	1.9986073
1.0325421	1.9817942
1.0220577	1.987443
1.0297482	1.9774067
1.0340158	1.9741783
1.0272459	1.977698
1.0242705	1.9741253
1.0257617	1.969956
1.0033426	1.9923507
0.9907252	2.0029814
0.99808365	2.0045948
0.9950229	2.0038626
0.9999074	2.0052423
1.0064363	2.004895
1.026505	2.0005603
1.0896873	1.9953724
1.2983217	1.9889889
1.4821361	1.9956813
1.8711691	1.9962895
1.9882853	1.9932463
2.0273712	1.9933746
2.0349102	1.9935766
2.0030825	1.9958601
1.993311	1.99742
1.9684289	1.9980202
1.9439698	1.9990362
1.9621087	1.9938556
2.0493424	1.9906541
1.9345708	1.9954721
1.9192367	1.9941249
1.9049646	1.9938278
1.9094293	1.994997
1.9299797	1.9931092
1.90201	1.994458
1.9221747	1.997734
1.943596	2.000867
2.0065134	1.9981064
1.9590701	1.9969667
2.0363045	1.9984666
2.2315872	1.9747188
1.6062332	1.9731121
1.1295716	1.6652707
1.1326095	1.0144597
1.0861506	0.99259436
1.0473497	0.99170643
1.2109624	0.9800087
1.1073099	0.98168826
0.9880306	0.9886427
1.2520576	0.98475224
1.0624125	0.9824753
1.0242369	0.9750318
1.0007299	0.9741912
0.9977955	0.98082155
1.0011635	0.98464817
1.0566809	0.9904793
1.1794007	0.9950663
1.3974317	1.0249547
1.5111172	1.0259801
1.405331	1.0394928
1.4072556	1.0535086
1.4521321	1.0570114
1.3263144	1.0356528
1.2294598	1.0360494
1.3539035	1.0533187
1.29594	1.0364714
1.4191403	1.0113432
1.7790961	1.0125433
1.9041992	1.0106672
2.3320358	1.0004323
2.5345862	0.9990952
2.4965518	0.99290425
2.552328	0.9908658
2.581971	0.9903825
2.6505363	0.9890566
2.6506176	0.99163073
2.881273	0.9990968
3.0426698	1.0583086
3.001853	1.0348173
2.976411	1.0074464
3.0110137	1.0094249
2.990026	1.0061978
2.9769802	0.99969864
2.9717813	1.0048629
2.9008558	1.0428109
2.763814	1.1219447
2.7218196	1.2030693
2.7487886	1.342219
2.7491298	1.0982956
2.6246154	1.1233387
2.590761	1.1827782
2.5479732	1.1186249
2.208881	1.292508
2.0398912	1.4604683
2.09029	1.1488035
1.7381878	1.190277
1.6874138	1.0883487
1.6719095	1.0362105
1.5713012	1.0199051
1.7271581	1.0004276
1.5537585	1.00862
1.3522035	1.0173662
1.1723386	1.0383605
1.2396265	1.2113303
1.7825587	1.299529
1.9741466	1.5447536
2.0080495	1.1970408
1.9892801	1.0434531
2.04373	1.0629085
1.927822	1.1341163
2.089812	1.1698389
1.9807835	1.4413009
1.8992977	1.9864668
2.1728098	2.0256295
2.154498	2.0266724
1.9835023	2.0293105
2.1414583	2.0232947
2.145168	2.014728
1.9013311	2.009176
1.9283161	2.013893
1.919309	2.010877
1.922382	2.0072498
1.9349473	2.008129
1.9942756	2.0111058
2.0414252	2.0142312
2.0118098	2.012432
2.1813948	2.0085816
2.940521	2.0074499
2.5383635	2.005743
2.4341369	2.0061464
2.1884756	2.007849
1.986909	2.0179856
1.8581282	2.016003
1.9671408	2.0124888
2.1790056	2.0049238
2.1389878	1.9997277
1.9712317	2.0038342
2.2490048	2.0013826
2.7854104	2.0044446
2.9403164	2.008883
2.827178	2.0082326
2.9642153	2.012612
3.0009859	2.0135307
3.0170548	2.0139673
3.024599	2.012752
3.0119653	2.0160346
3.0085468	2.0163932
3.0134647	2.0149243
3.00343	2.0158947
2.9698997	2.0203207
2.9778957	2.0198941
2.9804802	2.0171418
2.9036026	2.0199325
2.8331487	2.0198977
2.8417249	2.0178566
2.9148557	2.0162218
2.8585966	2.0172439
2.5315998	2.006467
2.6448557	2.0133064
2.873901	2.0211134
2.609906	2.0153294
2.2532995	2.0005882
2.206512	2.000216
2.1420615	1.9977373
2.1302626	2.0010881
1.905222	2.0104952
1.9879133	2.0052245
2.1640148	2.002283
1.9484093	2.0076027
1.8525021	2.0107975
1.8996644	2.007522
2.0145133	2.0013645
1.9048243	2.0038254
2.0473747	2.0069423
2.0721354	2.0058665
1.8709995	2.0051205
1.8897847	2.004182
1.9880595	2.0005927
1.944283	1.997894
1.8754653	1.9983671
1.914315	1.9992061
1.8727802	1.9959337
1.7864449	1.9785584
1.8760225	1.9564835
1.8612416	1.9833108
1.96412	1.9726636
2.2169583	1.8858205
2.5096529	1.2609566
2.650604	1.2246917
2.5395916	1.1109213
2.8324966	1.0344032
2.9429517	1.0135624
2.9718409	1.0356934
3.0412133	1.052507
3.0449932	1.0568838
2.9880831	1.0311253
2.979616	1.0430722
3.0638819	1.02934
3.0343907	1.0086379
2.964207	1.0061823
2.959482	1.0023195
2.9598868	1.001686
2.934882	1.0035982
2.9265883	1.0012817
2.917543	1.0016395
2.918731	0.99810535
2.9200423	0.99739105
2.8185875	1.0094949
2.6768827	1.0233692
2.6997573	1.0274944
2.6859643	1.0332333
2.5455918	1.0586851
2.5172393	1.0641178
2.3087952	1.0691195
2.1718912	1.0613499
1.9684922	1.0385987
1.9134123	1.0169209
1.8755997	1.0133563
1.7560337	1.0153013
1.8090557	1.0082074
1.7137579	1.0117881
1.6007147	1.0187322
1.4753846	1.0184101
1.1796821	1.053013
1.0823995	1.0277613
1.0800352	0.9903328
1.0320985	0.9945906
0.98041284	1.0117012
0.9868706	1.0065523
1.0031099	0.99663955
1.0115565	0.9960356
1.0286995	0.9926611
1.0437468	0.9912593
1.073063	1.01523
1.1603082	1.137052
1.2723458	1.2535385
1.3021175	1.2362522
1.2754681	1.1705837
1.2673849	1.144787
1.1963975	1.1196314
1.2061598	1.1003913
1.3986561	1.1099337
1.5306218	1.1030686
1.8023907	1.1183059
2.1027849	1.1784514
2.2021463	1.1026055
2.320161	1.0912247
2.4715497	1.1332521
2.5166833	1.1115916
2.6507192	1.0308912
2.8224635	1.0145863
2.7911162	1.0181307
2.8411973	1.0167559
2.9744408	1.0318388
3.0357533	1.0357662
3.048068	1.0373017
3.0125573	1.0215408
3.0013719	1.0137829
2.9973242	1.0386847
3.004244	1.0080175
2.9600284	1.005952
2.8734112	1.0238073
2.9037628	1.0145202
2.8671832	1.0226344
2.7408574	1.0300956
2.762237	1.0164893
2.7973897	1.0204623
2.7062294	1.0320804
2.6740484	1.0601656
2.567115	1.1562992
2.6072435	1.4187095
2.889244	1.9247261
2.960264	1.975028
2.9899948	1.9959131
2.9785023	1.999979
2.9818122	2.0011582
2.9687095	2.0018814
2.9671898	2.0024462
3.026164	1.993987
3.0317724	2.0017745
3.0250764	2.0069537
3.0281448	2.010805
3.024268	2.0118587
3.0306234	2.0140128
3.0179744	2.0149627
2.9203646	2.0147033
2.92054	2.0169358
2.8651881	2.021634
2.7418535	2.0184245
2.8016503	2.022121
2.8359458	2.0248573
2.6414034	2.013748
2.5980508	2.0111835
2.8250136	2.022242
2.7664177	2.0179787
2.7261183	2.0136733
2.8083434	2.0180564
2.6123261	1.913939
2.1441457	1.9533486
1.9758855	1.9607804
1.8483799	1.6706486
1.8452886	1.2692814
1.5501027	1.037321
1.4903232	1.0108478
1.1543583	1.017682
1.208127	1.0053643
1.8063519	1.0022717
1.6853691	0.99505174
1.115384	0.984573
1.0498486	0.98425496
1.0465657	0.9756286
1.0546877	0.98276925
1.0504566	0.9831621
1.0647871	0.9827737
1.0850397	0.980588
1.0796356	0.9817253
1.0845258	0.98281705
1.0939052	0.9801668
1.093308	0.97982395
1.1566099	0.9783691
1.2197186	0.98351425
1.2451587	0.99919266
1.219461	1.006172
1.2146345	1.0017267
1.3159778	1.0130123
1.3108687	1.0138918
1.2113875	1.0023897
1.3074234	1.008716
1.8176272	1.0152556
1.9644433	1.0180169
2.1560807	1.0414405
2.2378535	1.0293629
2.2907817	1.026667
2.34083	1.0087562
2.202223	1.0013506
2.273572	0.9994748
2.3692815	1.0019588
2.3646142	0.9966186
2.2217872	1.0047038
2.1063602	1.0077217
2.2569792	1.010711
2.22421	1.008983
2.1108425	1.0185716
2.016838	1.0361973
1.9917905	1.0324161
1.9485984	1.0260564
1.9513661	1.032846
1.964567	1.0280466
1.7966615	1.0273523
1.612597	1.0537668
1.4867383	1.221952
1.1853881	1.9049836
1.0747769	1.9124022
0.99732953	1.8652375
0.9807005	1.8096879
1.004095	1.9659289
1.0215694	1.972637
1.0815765	1.9861773
1.0390913	1.9869286
1.0098165	1.9895668
0.97016877	1.9877446
0.9446121	1.9889858
0.9921161	2.0036862
1.0394577	2.0066519
1.139202	1.9940974
1.1686283	1.9966422
1.087418	2.0102344
1.0329863	2.0083315
0.99783945	2.005922
1.003701	2.0023937
1.0573102	1.9649217
1.0594038	1.9703649
1.0667822	1.9845463
1.0594915	1.9912591
1.075994	1.9847271
1.1604334	1.9562802
1.3128805	1.8244152
1.374917	1.6593256
1.3093741	1.8720042
1.6501602	1.7799873
1.8188701	1.710957
1.9880136	1.5446086
2.0746548	1.8130815
2.1181958	1.8661424
2.455798	1.1334721
2.8379543	0.99879277
2.9009042	0.99911433
2.9062347	0.9974512
2.9765577	1.0053095
3.006802	1.0031226
2.99555	1.001564
3.0114207	1.0045061
3.0739982	1.0327798
3.0193017	1.0742942
3.0036638	1.0105852
3.017567	1.002776
3.0184715	0.9976151
2.9827206	0.99809724
2.966223	0.9976844
2.962398	0.9946114
2.9196813	1.0026945
2.8468132	1.0104777
2.8164885	1.0141056
2.8604934	1.015904
2.8511646	1.0088619
2.8136203	1.0138832
2.5556493	1.0757695
2.2581499	1.1388868
2.1522214	1.2979306
2.253567	1.851664
1.9123092	1.4534827
1.8584079	1.753707
1.8771487	1.9496895
1.757446	1.9876854
1.604604	1.9726207
1.5964185	1.972751
1.4247329	1.9419887
1.4819157	1.9410874
1.4339075	1.9916903
1.0221869	1.9992273
1.0343301	1.9890792
1.028609	1.9923074
1.0163118	1.9973481
1.0191134	1.9936825
1.019135	1.9919771
1.0067608	1.9984266
1.0033939	1.9976422
1.0309544	1.9781224
1.0392358	1.9620157
1.0316322	1.9683794
1.0070182	1.9868537
0.9990203	1.9910729
1.0056074	1.9869506
1.0067142	1.9878345
1.003134	1.991009
1.0079054	1.9901448
1.0309526	1.9800159
1.0428575	1.9483435
1.046435	1.8549209
1.1206203	1.786104
1.2912807	1.6388249
1.7475384	1.7393924
1.79319	1.7977655
1.7916285	1.7437756
1.9595679	1.1693155
2.3067307	1.0324032
2.5717642	0.99660224
2.5947456	1.0032405
2.6075203	1.0224156
2.8654993	1.0027286
2.9334908	0.9954493
2.9403942	0.9952699
2.9608307	0.99557966
2.9997983	0.9999235
3.0038645	1.0056258
3.0176556	1.0447586
3.007867	1.0334227
3.0024116	1.0287054
3.0124543	1.0058136
3.0261965	0.99443287
3.0286198	0.9884481
3.0084202	0.98913926
2.9484665	0.99918514
2.9092984	1.0116931
2.941325	1.0000116
2.9565582	0.99449414
2.9059062	0.9993596
2.908799	0.9931357
2.8088276	1.0031437
2.8069003	1.014916
2.887454	1.0021005
2.783822	1.0114946
2.6292684	1.0212808
2.4899063	1.0189147
2.243626	1.0311745
2.0211158	1.0455391
1.8591242	1.0483795
1.6007442	1.1079879
1.5043341	1.1279405
1.6264648	1.0205323
1.4023964	1.0670856
1.342849	1.0465544
1.2248791	1.0551966
0.94000274	1.1750076
0.9883151	1.0233454
0.9881988	1.0135827
0.9662943	1.0246872
0.98060536	1.0126458
0.99355453	1.0174115
1.0110514	1.0014449
1.0245304	1.0015378
1.1050864	1.1093374
1.156992	1.1370982
1.2621615	1.2441134
1.2976186	1.2674615
1.2271645	1.1597975
1.3041497	1.1579697
1.2650752	1.147537
1.2588631	1.1850017
1.2792281	1.3153706
1.3166643	1.403676
1.3273537	1.9325973
1.3708714	1.8946879
1.3525285	1.945572
1.4487414	2.0028038
1.6878499	2.0201604
1.7722671	2.0298834
1.8421897	2.02716
1.8471287	2.0250123
1.9923638	2.0197253
1.923787	2.011016
1.9602896	2.0013976
2.2859943	1.992781
2.3230257	1.9900707
2.1799722	1.9895185
2.1538656	1.9905126
2.121025	1.9910629
2.1745682	1.9901029
2.020504	1.9926454
1.8937227	1.9968978
1.9240682	1.9898646
1.7552335	1.9698883
1.5722975	1.8754635
1.7080486	1.9376551
1.8668085	1.9157267
2.011945	1.9204507
2.413723	1.9875692
2.417729	1.9946303
2.8278673	1.9997844
2.9667609	1.9929081
2.987239	2.0081797
3.0042202	2.0118282
3.0226653	2.0074794
2.9869242	2.0181477
3.0235693	2.0111983
3.0158143	2.0173724
2.8982277	2.0271685
2.9788775	2.013133
2.9373972	2.0159883
2.9559329	2.0124655
2.9448767	2.0088365
2.9344392	2.0110254
2.9368665	2.0136764
2.9430506	2.0080957
2.926621	2.0164142
2.8974805	2.0125253
2.8957663	2.0029812
2.9459069	2.011373
2.967963	2.0071318
2.8700414	1.9923533
2.8627217	1.9859091
2.9012597	1.9973402
2.819158	1.9368131
2.2372644	1.9375404
2.200676	1.9829884
2.0737672	1.989878
1.8998299	1.9482316
1.8459396	1.9367441
1.738736	1.9907615
1.3395756	1.9984978
1.3693047	2.0042987
1.374444	2.006956
1.1807579	2.0006804
1.0867275	2.0007465
0.9803787	2.009476
0.9763912	2.0088975
1.0011822	1.9998822
1.0156406	1.9921224
1.0104165	2.0010567
1.0051986	2.0035253
1.0042975	2.002089
1.0113685	1.9996021
1.0339745	1.9962808
1.0462556	1.9931488
1.0423838	1.9975632
1.0448127	2.0012758
1.0762132	1.9937222
1.0680543	1.9913515
1.0683054	1.9967245
1.0882126	1.996753
1.075361	1.9979724
1.0979939	1.9986216
1.1244472	1.9959725
1.1854162	1.9881523
1.2264143	1.9883335
1.3253015	1.9831498
1.4987385	1.96277
1.5543294	1.9392605
1.6007407	1.9329468
1.3340479	1.3234769
1.0542568	1.0251709
1.0188565	0.9891322
1.0254586	0.9855837
0.9721096	0.9867822
0.99247694	0.9809912
0.9962844	0.9809998
1.0438123	0.9802894
1.0824178	0.9844618
1.0363101	0.9975919
1.11152	1.0157897
1.231176	1.0487328
1.2295321	1.0116343
1.407971	1.0652589
1.2188321	1.0316005
1.2649989	1.0647045
1.2001218	1.051381
1.1440728	1.0043559
1.2114717	1.0237507
1.185996	1.0111047
1.1944753	1.004127
1.1336595	0.9992857
1.2012563	1.0201817
1.4373919	1.029686
1.263608	1.0306735
1.3384707	1.0737764
1.3509172	1.1137615
1.3078523	1.5311958
1.6028131	1.6282495
1.7084289	1.2998954
1.7121017	1.7258774
1.8801953	1.9998313
1.8278605	2.0309932
1.8894141	2.0308254
1.7137183	2.0281081
2.0623195	2.0252433
2.156684	2.0168772
2.1284423	2.0149314
2.0917158	2.0050232
2.0511236	1.9976618
2.2177393	1.9907894
2.1235392	1.9928653
2.0303106	1.9966924
2.0207026	1.9940124
1.9071455	2.0027845
1.9557198	1.996814
2.0682497	1.9743687
2.0451517	1.9943987
1.9608992	1.9878769
1.9926131	1.9882212
1.9949349	1.989087
2.0510356	1.9782611
1.9376957	1.9277799
1.7560351	1.5393175
1.7770623	1.2110265
1.7310964	1.1156933
1.6058087	1.2387305
1.8993526	1.013727
2.0821564	0.999973
2.0790892	0.99929047
2.0278795	0.99854887
2.147148	1.0049473
2.1841934	1.0062227
1.8852395	1.0055922
1.9482732	1.006127
2.0062327	1.0082039
2.0202785	1.0054134
2.058391	1.0055258
2.0038936	1.0061203
2.0709043	1.0080211
2.1865141	1.0143871
2.1798565	1.0148394
2.063265	1.0145365
2.06731	1.0157194
2.1772828	1.0156087
2.2500784	1.0179296
2.2648666	1.0218999
2.1656742	1.0164139
1.9773165	1.0166303
1.4708453	1.2856389
1.5483135	1.1194013
1.9372506	1.0546875
2.5684352	1.6472303
2.9779277	1.9702452
3.026769	1.9745108
2.9771395	1.9815422
2.9721494	1.9823399
2.915259	1.9900825
2.909347	1.9934738
2.9686236	1.9895402
2.940772	2.0014632
3.0340242	2.002296
3.0442016	2.0128415
3.0368385	2.0147767
3.0377781	2.0155084
3.029687	2.0168633
3.0265288	2.0151472
2.996477	2.013444
2.9961302	2.0153813
2.9990106	2.009481
2.9798348	2.0084698
2.9804373	2.0015202
2.9523468	2.0078452
2.9716184	2.00573
2.923051	2.00684
2.964479	2.0101821
2.9403684	2.009844
2.873757	2.0021794
2.7937999	1.999413
2.5644822	1.96126
2.0869613	1.7895544
2.0237153	1.7644742
1.9411774	1.8208132
1.7693632	1.6306022
1.8582906	1.2199396
2.2192452	1.0635611
1.7848939	1.0904264
1.5631063	1.1098976
1.9691306	1.020076
1.8294469	1.0142517
2.0393372	1.0152327
2.272111	1.0191292
2.5044296	1.0110236
2.4217095	1.0096519
2.168976	1.0073005
2.1570148	1.005525
2.0359168	1.0025821
1.9779614	1.0006216
1.8839669	1.0113025
1.992597	1.0103376
1.9828118	1.0084879
1.8947392	1.0155307
1.8952091	1.0200176
1.9594562	1.0181122
1.9443121	1.0130497
1.9180292	1.0189862
1.8577422	1.0305626
1.7411104	1.0458269
1.8042418	1.0572037
2.087742	1.0224853
2.1302	1.0541264
2.727119	2.0093067
2.7750387	2.001223
2.8830276	1.9937894
2.882879	1.9919939
2.929513	1.9862596
3.058977	1.9655046
2.935848	1.9895247
2.8294005	2.0069988
2.9966342	2.0121658
2.9947295	2.0180666
2.9844341	2.021551
2.9165254	2.0247293
2.987705	2.0226185
2.9408357	2.0256896
2.9184046	2.0230927
2.9505932	2.02476
2.9475372	2.022155
2.909346	2.0221686
2.8710618	2.019805
2.8700125	2.018929
2.845203	2.018996
2.8962047	2.0170572
2.758182	2.0095112
2.724816	2.014302
2.7827117	2.0200095
2.377706	1.9995387
2.142183	1.9969354
2.1720662	2.0061646
2.1639743	2.0061977
1.9895632	2.0059388
1.9448717	2.0078573
2.0051248	2.0076425
1.8924564	2.0140603
1.8726362	2.0150476
1.7264946	2.014349
1.3944473	2.0132122
1.3105619	2.0138457
1.2430711	2.0142932
1.078907	2.0164006
1.0004294	2.013718
0.96168894	2.0111113
0.97718877	2.0068386
0.99869454	1.9982474
1.0092894	1.9931576
1.0141463	1.9909126
1.0235872	1.9845031
1.0299762	1.9816366
1.0173957	1.9928342
1.0010132	2.0025365
1.00169	2.0049567
1.0115899	2.0041423
1.0142652	2.0047007
1.0142965	2.0050018
1.0134189	2.0044081
1.0469432	1.9976594
1.1734853	1.9707922
1.3857939	1.9196678
1.2358975	1.9781766
1.1747566	1.982704
1.4792504	1.9497744
1.9322441	1.87261
1.9911779	1.5347378
2.1155648	1.0348897
2.0760357	1.0338465
2.1161578	0.998524
2.1583161	1.0052165
2.4373412	0.99350494
2.6906283	0.9866349
2.7627203	0.9858375
2.963213	0.9927743
3.0018651	0.99276984
2.9760141	0.9888057
2.9457042	0.9875274
3.0308	1.0234289
3.0112765	0.99922186
3.0266871	0.995598
2.9939363	1.00309
2.9384089	1.0036964
2.9433494	0.99809706
2.934892	0.9961323
2.9149637	0.9955186
2.857921	1.0000681
2.7223554	1.0123357
2.771809	1.0154208
2.881567	1.0040854
2.6817358	1.0170059
2.4940999	1.0624286
2.7269113	1.081857
2.7353375	1.8535645
2.7953775	2.0143616
2.7779558	2.016527
2.8519464	1.9986122
2.9745183	2.0001478
2.971707	2.0006545
2.95761	2.0038528
2.9499733	2.0016468
3.006457	2.0030038
3.037035	2.0096292
3.037479	2.0121043
3.0068085	2.0161445
3.006074	2.01671
2.8884363	2.0174587
2.7643435	2.0155635
2.8900836	2.0165536
2.9025128	1.9573352
2.8935192	2.0086787
2.8894677	2.0197632
2.7766407	2.018144
2.6862235	2.014135
2.8060915	2.0205364
2.7780201	2.0192158
2.5181925	2.0067296
2.285668	2.0030928
2.2211192	2.006225
2.1609838	2.0031784
2.1170688	2.003299
2.1141758	2.0030844
2.0394084	2.0069919
1.9887774	2.008163
1.9828266	2.0059457
1.9966577	2.0084097
1.8979092	2.0137525
1.9107103	2.0138156
1.9266394	2.014271
1.8551444	2.0144498
1.9539369	2.010074
1.7977103	2.007951
1.8104205	2.0054083
1.8654665	2.0047886
1.9715134	2.0044594
1.8987484	2.003099
1.6726847	1.999943
1.7229551	1.9861571
1.6072814	1.9541408
1.5750642	1.0702087
1.119498	0.9930013
0.87429184	1.7080816
0.96673936	1.2362998
0.9688424	0.99238366
1.2633849	0.9847892
1.5222579	0.99533147
1.147194	0.97992015
0.9994587	0.97444654
1.0070515	0.98144996
1.0692235	0.98054796
1.1093929	0.98767966
1.2345852	0.98169285
1.3725016	0.98860514
1.3306324	0.99104095
1.3881851	0.9995988
1.535008	1.0054675
1.5785352	1.0063576
1.4589797	1.0101285
1.3157765	1.0163951
1.4084519	1.0116031
1.3925499	1.010075
1.3583394	1.0136503
1.4847451	1.0677242
1.679666	1.3826984
1.9176676	1.4665338
2.0911503	1.5608089
2.2771008	2.0015063
2.2308922	2.022787
