1.9338841	1.5266926
1.934281	1.5268643
1.9343562	1.5270271
1.9343368	1.526917
1.9345437	1.5268354
1.9347969	1.5268224
1.935012	1.5266113
1.9353657	1.5267295
1.9352918	1.5266881
1.9354374	1.5267172
1.9354436	1.5268351
1.9357382	1.527019
1.9362823	1.5274532
1.9371352	1.5278156
1.9387604	1.5283136
1.9397539	1.5290581
1.9405528	1.5299577
1.9420862	1.5306417
1.9443104	1.5313585
1.9472731	1.531871
1.9492575	1.5322288
1.9522191	1.5322759
1.9547644	1.5323141
1.9564214	1.5322454
1.9580171	1.5321832
1.9581662	1.5321585
1.9598031	1.5320287
1.9589093	1.531985
1.9591507	1.5319635
1.9597287	1.5318043
1.9598931	1.5317615
1.9608653	1.5315768
1.9603049	1.5313984
1.9590873	1.5308521
1.9567078	1.5302701
1.955643	1.529512
1.9503616	1.5290291
1.9510719	1.5276582
1.9472337	1.5269657
1.950112	1.5246724
1.9474667	1.5238644
1.9501885	1.5217979
1.9471277	1.5205616
1.9495618	1.518331
1.9470738	1.5167447
1.9502368	1.513674
1.9472193	1.5127287
1.9489226	1.5104789
1.9483279	1.5093096
1.9487914	1.5080726
1.9485129	1.5074949
1.9490685	1.5067949
1.9489567	1.5064374
1.9484416	1.5063679
1.9487401	1.5062352
1.9490273	1.5060477
1.9487917	1.5059948
1.9490077	1.5059441
1.9492228	1.505931
1.9494771	1.5059805
1.9487431	1.5061039
1.9486606	1.5063374
1.9470361	1.5070543
1.9458303	1.5078661
1.9453465	1.5085835
1.9440659	1.5097884
1.9428972	1.5109061
1.9410796	1.5122108
1.939908	1.5133955
1.9377927	1.5150194
1.9378444	1.5159123
1.9363574	1.5173141
1.9360526	1.5187923
1.9354948	1.5196313
1.9346708	1.5204924
1.9343717	1.5210851
1.934008	1.5213237
1.9342428	1.521266
1.9338816	1.5211715
1.9334552	1.520777
1.9328089	1.5203378
1.9327289	1.5196182
1.9324223	1.5191667
1.932368	1.5185552
1.9323263	1.5182525
1.932227	1.5180167
1.9321703	1.5180193
1.9321575	1.5177684
1.9321213	1.5177633
1.9321109	1.51783
1.932084	1.5179269
1.9321113	1.5178821
1.9321845	1.5179479
1.9324753	1.5179311
1.9329729	1.517911
1.9328877	1.5178502
1.932765	1.5182253
1.9331293	1.51864
1.9335102	1.5189146
1.9341452	1.5191995
1.935149	1.5194048
1.9366993	1.5198991
1.9380946	1.520231
1.9413403	1.5201418
1.9429536	1.520772
1.9474379	1.5214903
1.953235	1.5216591
1.9637067	1.5205733
1.9815533	1.5180517
2.0250201	1.5069939
2.102726	1.4841375
2.1564128	1.4664962
2.2015202	1.4520441
2.2600374	1.4301851
2.2782402	1.4232782
2.3007095	1.4143447
2.319741	1.4069442
2.3216155	1.4060273
2.318982	1.4070123
2.3207877	1.406175
2.321046	1.4058478
2.3227894	1.4050843
2.3215709	1.4057063
2.3240433	1.4048873
2.2939441	1.416727
2.2734375	1.4250243
2.2295158	1.4417512
2.1868207	1.4569173
2.1290507	1.476703
2.0904033	1.4887351
2.039282	1.5042012
2.016622	1.5106345
1.9883984	1.5179232
1.9724866	1.5214609
1.9600865	1.5239164
1.952912	1.5254338
1.9477608	1.5261784
1.9451553	1.5266237
1.9429002	1.5268298
1.9417796	1.5271628
1.9417441	1.5268006
1.941057	1.5270878
1.9398412	1.5270417
1.9395995	1.5270739
1.9391199	1.52708
1.9383883	1.5269687
1.9381349	1.526939
1.9376944	1.5267197
1.937678	1.526703
1.9372317	1.5264204
1.9364357	1.5261769
1.9352522	1.5256919
1.9344153	1.5250926
1.9338025	1.5242759
1.9334605	1.5231317
1.9333694	1.5223151
1.9329995	1.5211818
1.9327447	1.520068
1.9324332	1.5191056
1.9321326	1.5182247
1.9320303	1.5173501
1.9319526	1.5168291
1.9319804	1.5166785
1.9319191	1.5166914
1.931831	1.5167308
1.9317169	1.5168548
1.9316956	1.5169815
1.9317353	1.5170746
1.931778	1.5171434
1.9318216	1.5170633
1.9318249	1.5170239
1.9318154	1.5170722
1.9318055	1.5173284
1.9319286	1.5176966
1.932044	1.5182124
1.9322094	1.5189887
1.9323852	1.5200496
1.9325424	1.5213326
1.9329069	1.5226388
1.93376	1.5239774
1.9341794	1.5248446
1.9347923	1.5260584
1.9359622	1.5271239
1.9371625	1.5280313
1.938492	1.5286884
1.9417973	1.5296229
1.9438002	1.5303379
1.9497244	1.5308475
1.9519157	1.5314643
1.959408	1.531405
1.963481	1.5311793
1.9681622	1.530641
1.9717317	1.5301658
1.9742095	1.5298718
1.9752034	1.5297457
1.9754995	1.5296372
1.9752698	1.5298629
1.9747139	1.5298436
1.9754682	1.5298928
1.9751716	1.529835
1.974513	1.5298512
1.9704213	1.5305169
1.9655985	1.5309265
1.9613031	1.5311677
1.9565979	1.5314435
1.9513569	1.5312463
1.9474078	1.5308124
1.9436387	1.530042
1.9413767	1.5291549
1.9392079	1.5283345
1.9376371	1.527291
1.9359292	1.5263895
1.9347633	1.5253967
1.9339243	1.5242727
1.9332325	1.5231581
1.9324989	1.5216898
1.931938	1.5203887
1.9317701	1.5190957
1.9317285	1.5179697
1.9316972	1.5169969
1.9316187	1.5165298
1.9316145	1.5163022
1.9315499	1.5163268
1.9314977	1.5163494
1.931454	1.5163648
1.9313986	1.5165474
1.931406	1.5166407
1.9313651	1.5166076
1.9313583	1.5168139
1.93139	1.5170351
1.9313769	1.5172745
1.9314932	1.5178087
1.9315935	1.5187383
1.9317389	1.520024
1.9318895	1.5208968
1.9320186	1.5223482
1.9321202	1.5232787
1.932551	1.5242226
1.932957	1.5252744
1.9333359	1.5257038
1.9336816	1.5262272
1.9338549	1.5263023
1.9340278	1.526415
1.9340631	1.5263709
1.9343693	1.5263828
1.9343749	1.5265377
1.9344072	1.526395
1.9344269	1.5264155
1.9345922	1.5263
1.9347556	1.5262895
1.93452	1.526257
1.9374734	1.5256095
1.9381	1.5248898
1.9366977	1.5240237
1.936314	1.5230707
1.9392917	1.5217463
1.9399394	1.5210749
1.9426899	1.5200353
1.9455338	1.5195715
1.9490435	1.5183045
1.9543372	1.5169777
1.9594685	1.5152705
1.968318	1.512677
1.9704174	1.5121484
1.9836692	1.5073962
1.98841	1.5062966
2.0105307	1.4984715
2.0109076	1.4982557
2.0165687	1.4961473
2.0237205	1.4942212
2.0290256	1.4925284
2.0342152	1.4913405
2.0405233	1.4895252
2.0468192	1.4877813
2.0532799	1.4861461
2.0477736	1.4877872
2.0368805	1.4908241
2.025006	1.4942573
2.007817	1.498233
1.986592	1.5036994
1.9793762	1.504233
1.9657956	1.5064858
1.9625019	1.5058283
1.955515	1.5062239
1.9551531	1.5050741
1.9530894	1.5047445
1.9516358	1.5043888
1.9502125	1.5048385
1.9494491	1.5051293
1.9489197	1.5054346
1.9486543	1.5056545
1.9488081	1.5056479
1.9488676	1.5054663
1.9489236	1.5054153
1.9491041	1.5053333
1.948762	1.5055782
1.9479057	1.5059457
1.946511	1.5065728
1.9451185	1.5069544
1.942763	1.5082062
1.9408218	1.5090421
1.9394311	1.509653
1.9384456	1.5098871
1.9378159	1.5104767
1.9360929	1.5117743
1.9355714	1.5125167
1.9345065	1.5137036
1.9337748	1.5153803
1.9336985	1.5162693
1.933128	1.5175747
1.9332119	1.517743
1.9328346	1.5179775
1.932645	1.5180448
1.9325242	1.5183116
1.9325848	1.5183113
1.9322642	1.5183411
1.9323525	1.5183173
1.932379	1.5183259
1.9326038	1.5184314
1.9326819	1.5187182
1.932624	1.5190567
1.9327534	1.5196692
1.933077	1.52027
1.9331331	1.5210147
1.9336635	1.5218198
1.933616	1.5227511
1.9343132	1.5231333
1.9344571	1.5237097
1.9350702	1.524052
1.9356537	1.5243801
1.9355568	1.5245298
1.9358709	1.5248363
1.9362308	1.5249743
1.9363763	1.5249883
1.9362117	1.5250626
1.936471	1.5251907
1.9367682	1.5251534
1.9367032	1.5250742
1.9366968	1.5251145
1.9358141	1.5249538
1.9355508	1.5247586
1.9350219	1.5245242
1.9346038	1.5237812
1.9340686	1.5230728
1.9338403	1.5220491
1.9331557	1.5212562
1.9327874	1.5199574
1.9327443	1.5188161
1.9322234	1.5177578
1.9321688	1.5166405
1.9319568	1.5158906
1.9318658	1.5151324
1.9315989	1.5145645
1.9316274	1.5141644
1.9316165	1.5143499
1.9316595	1.5146867
1.931602	1.5150411
1.9316006	1.5151197
1.9315197	1.5154879
1.9315292	1.51566
1.9315767	1.5159786
1.9316447	1.5164536
1.931737	1.5171556
1.9317197	1.5179269
1.9318612	1.519147
1.9319985	1.5201361
1.932231	1.5213373
1.9324597	1.5221044
1.9326972	1.5229605
1.9329512	1.523679
1.9332744	1.5242218
1.9335562	1.5247564
1.9342281	1.5249844
1.934843	1.5253183
1.9350164	1.5256567
1.9355961	1.5258064
1.9356977	1.5260273
1.9360826	1.5261742
1.9362472	1.5262815
1.9363863	1.5263863
1.9364306	1.5265522
1.9363691	1.5267264
1.93665	1.5268037
1.9366226	1.5266999
1.9368643	1.5267496
1.9376594	1.5261205
1.9367698	1.5256993
1.9373264	1.5245777
1.937248	1.523694
1.9381464	1.5223627
1.9379318	1.5215347
1.9394281	1.520123
1.9390626	1.5191656
1.9401375	1.5170938
1.9419132	1.5155036
1.9418874	1.5144794
1.9449407	1.5118324
1.9448293	1.5103288
1.9476925	1.5075266
1.947046	1.506999
1.9484475	1.5059733
1.9499228	1.5054617
1.9506938	1.5054502
1.9519304	1.5052135
1.9517504	1.5053368
1.9522978	1.5052851
1.9522034	1.5054183
1.9526474	1.5051839
1.9519693	1.5052648
1.9527906	1.5052018
1.9525706	1.5050946
1.9549037	1.5046812
1.9570898	1.5046403
1.9595952	1.5045793
1.9635522	1.505115
1.968504	1.5049814
1.9776636	1.5039545
1.9889663	1.5022136
2.006411	1.4987066
2.033676	1.4923437
2.0684695	1.4830818
2.1230416	1.4677293
2.1823616	1.4497535
2.2368793	1.4316248
2.2928908	1.4120514
2.3381722	1.3953012
2.3606155	1.386713
2.3839157	1.3775282
2.3955624	1.3730556
2.401253	1.3709631
2.3984072	1.3724191
2.400446	1.3718048
2.398146	1.3731446
2.3988006	1.3727984
2.384787	1.3788136
2.3786147	1.3815624
2.3603954	1.3891726
2.3293486	1.4015688
2.2801006	1.420779
2.2593532	1.4281584
2.152614	1.464383
2.1089795	1.4772625
2.0545752	1.4926963
2.016358	1.5017917
2.002553	1.5044242
1.9875138	1.5072893
1.9831576	1.5078814
1.9778298	1.5086516
1.9770465	1.5089378
1.9770846	1.5090553
1.9769684	1.5093561
1.9794483	1.5088986
1.9814655	1.508511
1.984078	1.5081213
1.9828786	1.5083865
1.985128	1.508239
1.9803256	1.5094914
1.97698	1.5106813
1.9702024	1.5131259
1.9667276	1.5146316
1.960292	1.5166957
1.9584532	1.5181713
1.9545486	1.5195653
1.9501604	1.5210202
1.9471931	1.5225112
1.9448916	1.5234959
1.9435198	1.52465
1.9416509	1.5256624
1.9404083	1.5264082
1.9388399	1.5271423
1.9383883	1.5271516
1.9381909	1.52777
1.9399796	1.5277574
1.9386486	1.528209
1.9397082	1.528001
1.9379668	1.5280904
1.9369853	1.5280343
1.9360163	1.527821
1.935824	1.5278847
1.9362237	1.5279157
1.9362328	1.5277407
1.9359818	1.5277021
1.9367088	1.5280048
1.9373167	1.5281286
1.9384183	1.5287443
1.9385364	1.5288931
1.9401158	1.5295131
1.94093	1.5300599
1.9430491	1.5304133
1.9450775	1.5309486
1.9464417	1.5311865
1.9488214	1.5314629
1.9513526	1.5316217
1.953665	1.5317048
1.9546481	1.5318444
1.957718	1.531766
1.9593897	1.5316801
1.9597254	1.5316252
1.960335	1.5316588
1.960925	1.5314521
1.9628814	1.5312958
1.9620478	1.5312512
1.961114	1.531299
1.96032	1.5313141
1.9614028	1.5313199
1.9575878	1.5315006
1.9562261	1.5313987
1.9530925	1.5313325
1.9511085	1.5309855
1.9488289	1.5308338
1.9443675	1.5302316
1.9441894	1.5299548
1.9425509	1.5294095
1.9408836	1.528936
1.939423	1.5283744
1.9387032	1.5279739
1.9384232	1.5277835
1.9375167	1.5274004
1.9375273	1.527524
1.9370394	1.5273974
1.9366195	1.5271275
1.9364258	1.5270725
1.9365853	1.5270041
1.9364599	1.5269063
1.9364489	1.5267512
1.9364362	1.5267287
1.9365078	1.5265505
1.9367402	1.5262599
1.9372033	1.5260888
1.9371864	1.5260584
1.9379603	1.5258499
1.9386166	1.5257498
1.9403102	1.5253813
1.9413288	1.5253524
1.942875	1.5248363
1.9452126	1.5246693
1.9495484	1.5240878
1.9525255	1.5239884
1.9657489	1.5221083
1.9758962	1.5203844
2.005718	1.5128239
2.0278513	1.5072986
2.0884447	1.489066
2.1244216	1.4771355
2.160239	1.4647601
2.2124577	1.4462157
2.2455797	1.4338055
2.27108	1.4239874
2.294742	1.4145863
2.3132138	1.4072014
2.3288083	1.4008459
2.3414783	1.3957263
2.340686	1.3958998
2.3405318	1.395859
2.340282	1.3960627
2.3389504	1.3965667
2.3286886	1.4007784
2.3240373	1.402664
2.2965221	1.4132601
2.277949	1.420127
2.223223	1.4393756
2.186425	1.4514606
2.1350486	1.4677379
2.0928588	1.4803315
2.0605698	1.4892578
2.0311446	1.4970391
2.010186	1.5020877
1.9926214	1.5056568
1.9763607	1.5085475
1.9681724	1.5092077
1.9619974	1.5090511
1.9570178	1.5089334
1.9526595	1.5085808
1.9502904	1.5079608
1.9485229	1.5069641
1.9476852	1.5064409
1.9471991	1.5056436
1.9471502	1.505295
1.9469682	1.5051541
1.9465405	1.505458
1.9464276	1.5056236
1.9463842	1.5058347
1.9465498	1.5057868
1.9466941	1.5058699
1.9467057	1.5057504
1.9470993	1.5057869
1.9477028	1.5059569
1.9483865	1.5062028
1.949267	1.5067147
1.9505016	1.5074522
1.9523424	1.5079321
1.954563	1.5086535
1.9575753	1.5092701
1.9614085	1.5097213
1.9681933	1.5095245
1.9792758	1.5086758
1.9893216	1.5071536
2.0119867	1.5025889
2.0441291	1.4948704
2.0974007	1.4797924
2.159638	1.4608042
2.2162611	1.4419515
2.2683837	1.423552
2.3043854	1.4104704
2.3440027	1.3949444
2.3530333	1.3912501
2.3672147	1.385535
2.3755584	1.382087
2.382212	1.3793802
2.376824	1.381436
2.3809903	1.3796452
2.3807256	1.3797662
2.3764873	1.3814796
2.3753052	1.3821834
2.364976	1.3866153
2.3619015	1.3883265
2.3467813	1.3952748
2.3392975	1.3988446
2.3009236	1.4151385
2.273451	1.4264876
2.2475572	1.437232
2.1794202	1.4634808
2.1416552	1.4772719
2.1180878	1.4857711
2.0697844	1.5018489
2.0398114	1.5113388
2.0176816	1.5181198
2.0041335	1.5219015
1.994978	1.5248926
1.989803	1.5262066
1.9786408	1.5289133
1.9769657	1.5294255
1.972651	1.5306597
1.9684151	1.5315732
1.9677622	1.5318882
1.9658878	1.532472
1.9643024	1.5323052
1.962786	1.5326203
1.9635298	1.5325419
1.9621109	1.5325798
1.9631745	1.5322343
1.9616793	1.5323217
1.96345	1.5312864
1.9579865	1.5315984
1.9556515	1.5307173
1.955215	1.5297661
1.9543159	1.5282377
1.9535639	1.5265913
1.9540555	1.5245644
1.9509951	1.5236434
1.9526603	1.5214674
1.9539409	1.5196941
1.9557084	1.5175916
1.9543426	1.5159384
1.9554818	1.5140655
1.9536444	1.5130237
1.9545892	1.5110631
1.9536912	1.509801
1.9538901	1.5081034
1.9541056	1.5067154
1.9528039	1.5058521
1.952377	1.5051656
1.9519792	1.5039667
1.951631	1.5032413
1.9522336	1.502814
1.9521614	1.5025995
1.9521755	1.5027592
1.9516795	1.5027988
1.9517959	1.5028411
1.9518596	1.5029323
1.9519962	1.5029885
1.9517765	1.5030198
1.9525206	1.5031471
1.9540156	1.5036074
1.9544506	1.5041323
1.9557078	1.505035
1.9571291	1.5054234
1.9593805	1.5060039
1.9624602	1.506042
1.9669294	1.5056368
1.9716736	1.505367
1.9772592	1.5047551
1.9859017	1.5033239
2.0001154	1.4998252
2.0024683	1.4997874
2.0184174	1.4959708
2.0351224	1.4913943
2.039945	1.4902911
2.0444703	1.4891165
2.0469086	1.488469
2.0466967	1.4883672
2.0459335	1.4887968
2.04549	1.4887539
2.0343688	1.4920362
2.025055	1.4947466
2.0129957	1.4984107
1.9959141	1.503055
1.986389	1.5055226
1.9753883	1.508081
1.9703759	1.5091617
1.9598739	1.511781
1.9559622	1.5126687
1.9511356	1.5139258
1.9468869	1.5149578
1.9431716	1.5159316
1.940024	1.516897
1.9382616	1.5170633
1.9366605	1.5176722
1.9359928	1.5180047
1.9354312	1.5182317
1.9348816	1.5184631
1.9338273	1.518871
1.9336233	1.5184379
1.9328125	1.5180062
1.9327899	1.5175246
1.9327868	1.5169909
1.9327871	1.5168806
1.9327142	1.5168278
1.9326663	1.516845
1.9326799	1.5167742
1.9328088	1.5167757
1.9330752	1.5166967
1.9332924	1.5166888
1.9333361	1.5167695
1.9338393	1.5169268
1.9341356	1.5170714
1.9350834	1.5173585
1.9353126	1.5177989
1.9362369	1.5182157
1.9372952	1.5184597
1.9394891	1.5187297
1.9411973	1.5192273
1.9444488	1.5193722
1.9478923	1.5201663
1.9571291	1.5194951
1.9733063	1.5171455
2.0021768	1.5109563
2.0441294	1.4997457
2.120872	1.4766005
2.2122455	1.4451659
2.2788827	1.4210603
2.3211243	1.404309
2.3447058	1.3948548
2.3666806	1.3856839
2.3806458	1.3798755
2.38807	1.3767288
2.3905032	1.375534
2.3931532	1.3743668
2.399911	1.3715775
2.397659	1.3725086
2.3969827	1.3729821
2.3782203	1.3810176
2.3563018	1.3901823
2.3254585	1.4026932
2.2803092	1.4206641
2.2381587	1.4358937
2.165003	1.4617363
2.110631	1.4793847
2.043766	1.4998318
2.0102158	1.5087128
1.9861683	1.5146745
1.9701507	1.5173162
1.9591981	1.5189732
1.9520603	1.5192438
1.9467225	1.5192301
1.9438282	1.5186933
1.9408361	1.5183592
1.9393895	1.5179638
1.9376298	1.5175191
1.9368688	1.5171403
1.9357343	1.5168824
1.9351763	1.5164354
1.9346067	1.5158795
1.9342115	1.5153682
1.9339341	1.5151035
1.9338315	1.515105
1.9336176	1.5150205
1.9335669	1.5149645
1.9334623	1.5150243
1.9334041	1.5150701
1.9333589	1.5150996
1.9334388	1.5151999
1.9334762	1.515063
1.9336482	1.5151825
1.9338748	1.515352
1.9342405	1.5156075
1.9347675	1.5160688
1.9350926	1.5163357
1.935539	1.516648
1.9365695	1.516677
1.9375997	1.5170333
1.9394484	1.517198
1.9404571	1.5176754
1.9426321	1.5180031
1.9450697	1.518574
1.9501883	1.5184838
1.9557856	1.5183247
1.9672807	1.5167449
1.9842138	1.5139084
2.0032701	1.5093938
2.0358918	1.5010432
2.1001618	1.4820364
2.1647286	1.4612665
2.2423174	1.4338162
2.3077025	1.4092078
2.3634021	1.3866099
2.3779724	1.3806865
2.3944242	1.3736832
2.4003744	1.3712869
2.4158978	1.3646072
2.4230757	1.3614949
2.424203	1.3610139
2.4296036	1.3583845
2.4211557	1.362091
2.4257069	1.3602552
2.4243457	1.3608629
2.417094	1.3640105
2.404389	1.3694434
2.3861425	1.3769941
2.356084	1.3893902
2.3099473	1.4075588
2.2513502	1.429118
2.162569	1.459219
2.1016576	1.4783682
2.0549278	1.4912621
2.0126393	1.502655
1.991387	1.5067816
1.9737126	1.5100449
1.9639124	1.5110179
1.9583561	1.5108212
1.9543968	1.5104116
1.9512142	1.5098734
1.9495236	1.5089937
1.9483892	1.5084822
1.9478443	1.5075654
1.9476379	1.50715
1.9473706	1.5071391
1.94739	1.5069164
1.9472463	1.5071858
1.9472811	1.5070974
1.947434	1.507004
1.947733	1.5070112
1.947738	1.506922
1.9476955	1.5070475
1.9472032	1.5072995
1.9471455	1.5075412
1.9459645	1.5082363
1.9461632	1.5084686
1.9452982	1.5091897
1.9452981	1.5098764
1.9449865	1.5108578
1.9443365	1.5122924
1.9444593	1.5133119
1.9435529	1.514979
1.9437395	1.5164142
1.9429634	1.5176181
1.9429381	1.518865
1.943329	1.5196862
1.9429741	1.5207696
1.9426718	1.5217332
1.9424379	1.5226315
1.9423302	1.523302
1.9425892	1.5237763
1.9420273	1.5243127
1.9415591	1.5245337
1.9415737	1.5246134
1.9411175	1.5244923
1.9410605	1.5242755
1.9409713	1.5243527
1.9413955	1.5242807
1.9415503	1.524458
1.9424717	1.5247843
1.942478	1.5252116
1.944016	1.5257925
1.9453377	1.5262516
1.946353	1.5269598
1.9478856	1.5277253
1.9520973	1.5280592
1.9509506	1.5293983
1.9633143	1.528883
1.9588844	1.5304569
1.9656979	1.5298461
1.9664916	1.5299513
1.9717559	1.529274
1.9744854	1.5290647
1.9794068	1.5282577
1.9807115	1.5282189
1.9820453	1.5281144
1.9839923	1.5278333
1.9812064	1.5285647
1.9810151	1.5286268
1.983158	1.5282481
1.9838916	1.5282495
1.9882243	1.5274633
1.9830947	1.5282739
1.9848659	1.5278802
1.9810544	1.5284938
1.9809802	1.5282264
1.9676234	1.53007
1.9600308	1.5309205
1.9564222	1.5306045
1.9518815	1.530033
1.9494085	1.5292873
1.945277	1.5285813
1.9425328	1.5275352
1.9404775	1.5268011
1.9389969	1.5259434
1.9375714	1.5248891
1.9363953	1.524026
1.9352056	1.5230553
1.9349054	1.5225023
1.9340994	1.5212461
1.9337741	1.5204449
1.9333723	1.5197674
1.9329946	1.5191618
1.9325727	1.5185117
1.9325209	1.5179938
1.9324766	1.5178256
1.9324546	1.5175462
1.9323394	1.5175263
1.9322495	1.5174801
1.9322975	1.517463
1.9322511	1.5173329
1.9322222	1.5174702
1.9321775	1.517514
1.9321227	1.5175908
1.9320614	1.5177661
1.9320846	1.5178385
1.9321449	1.5179654
1.9321548	1.5180924
1.9323065	1.5181954
1.932554	1.5181854
1.9328096	1.5180433
1.9330648	1.5179131
1.9335219	1.517135
1.9336859	1.5162928
1.9344963	1.5153626
1.9353919	1.5143162
1.9356997	1.5134796
1.9373231	1.5125514
1.9376637	1.5120432
1.9403781	1.5110039
1.940647	1.5109729
1.9427477	1.5098574
1.9429746	1.5101508
1.9452254	1.5092536
1.9465237	1.5090289
1.9479064	1.5086541
1.9490957	1.5079089
1.9496332	1.507772
1.9501238	1.507096
1.9509954	1.5064545
1.9512593	1.5062238
1.9516265	1.5056161
1.95202	1.5053828
1.9514408	1.504998
1.9519124	1.5050601
1.95251	1.5049295
1.9519291	1.5049918
1.9517738	1.5053464
1.9510242	1.5055866
1.9495333	1.506438
1.9494812	1.5068767
1.9495158	1.5074022
1.9486644	1.508206
1.948279	1.5091553
1.9466197	1.5106844
1.9467924	1.5116354
1.9455203	1.5129511
1.946375	1.514439
1.9455063	1.5163623
1.9456046	1.5180612
1.9442129	1.5201579
1.9434422	1.5215424
1.9435929	1.5227729
1.942892	1.5236111
1.9426959	1.5245936
1.9423859	1.5247185
1.9410607	1.5253488
1.9413904	1.5253131
1.9411064	1.5252861
1.9409266	1.5255998
1.9407398	1.5253849
1.9405587	1.5255892
1.9405249	1.52544
1.9406701	1.525365
1.940754	1.5250386
1.9409988	1.5246307
1.9412553	1.5242035
1.9416156	1.5236554
1.9416229	1.5233543
1.9431889	1.5224532
1.9447987	1.5216885
1.9456931	1.5211561
1.9473832	1.5202994
1.9517149	1.5187786
1.9542804	1.5179206
1.9608593	1.5150282
1.9648064	1.514146
1.9756331	1.51069
1.989199	1.5066537
1.9978068	1.5042924
2.0194073	1.4972959
2.0351088	1.4925698
2.058291	1.4853456
2.06052	1.4843025
2.0621085	1.4835241
2.0696516	1.4810122
2.0862	1.4757193
2.100359	1.471313
2.1035824	1.4704828
2.0931635	1.4735763
2.0798283	1.4777707
2.06185	1.4838763
2.0568604	1.4853826
2.059225	1.4854491
2.057531	1.4871998
2.055145	1.4892733
2.0492117	1.4929914
2.0360882	1.4981495
2.0296082	1.5014346
2.0168974	1.5065734
2.013929	1.5086306
2.0197027	1.5090845
2.0137653	1.5127231
2.016552	1.5134497
2.008172	1.5170476
2.002543	1.5197239
2.000268	1.5211331
1.994996	1.5232737
1.9953606	1.5236534
1.9917629	1.5248076
1.9895808	1.5257457
1.9950156	1.524724
1.9906353	1.5259703
1.9929757	1.5254793
1.9865426	1.527079
1.9896185	1.5265079
1.9844474	1.52767
1.9864084	1.5274343
1.9835786	1.5280124
1.9808083	1.5284348
1.977395	1.5288646
1.9747896	1.5289317
1.9708087	1.5288516
1.9687548	1.5285774
1.9650266	1.5283606
1.9628159	1.5274894
1.962991	1.5263647
1.9656286	1.5246495
1.9631156	1.5238869
1.9629964	1.5228637
1.9708456	1.519413
1.9691964	1.5189128
1.9883298	1.5120364
1.9871217	1.5120419
2.0063212	1.5038457
2.004139	1.5042937
2.0148873	1.4993982
2.0185785	1.497797
2.0326657	1.4920548
2.035221	1.4908139
2.041091	1.4889232
2.054478	1.4845116
2.0584056	1.4830933
2.0586264	1.4831349
2.0621746	1.4819858
2.0658245	1.4809685
2.0664268	1.4805723
2.064307	1.4815371
2.0637534	1.4818374
2.0599947	1.4831738
2.0609589	1.483353
2.0704195	1.4806799
2.0655553	1.4832252
2.0489297	1.489491
2.0462284	1.4913527
2.0312302	1.4974599
2.0276456	1.5003598
2.0151205	1.5062723
2.0248463	1.5052
2.00478	1.5130508
1.9962665	1.516891
1.9895604	1.5199648
1.9832369	1.5231891
1.9844886	1.5239248
1.9783232	1.5265914
1.9856907	1.5253552
1.9793372	1.5277215
1.9778683	1.5287247
1.9795585	1.5287112
1.9789242	1.5291691
1.9761702	1.5299246
1.974495	1.530325
1.9745891	1.5304089
1.9722004	1.5308249
1.9742893	1.5305628
1.9700625	1.5310509
1.9685898	1.5313817
1.965569	1.5317564
1.9614835	1.5319227
1.9559311	1.5323416
1.9529388	1.532284
1.9499934	1.5321003
1.9460388	1.5315653
1.9438761	1.530998
1.9421368	1.5305094
1.939762	1.5297352
1.9386406	1.5291883
1.9371159	1.5282985
1.9360654	1.5275433
1.9351265	1.5267252
1.9345169	1.5260947
1.9336528	1.5250595
1.9330344	1.5240226
1.9326297	1.5229743
1.9321707	1.521859
1.931888	1.5204988
1.9316304	1.5193545
1.9315007	1.5182287
1.931446	1.5172664
1.9315007	1.516547
1.9314917	1.51628
1.9314258	1.5161539
1.9314054	1.5162231
1.9314353	1.5162553
1.9313948	1.5163656
1.9314003	1.5164052
1.9313817	1.5164405
1.9315581	1.5165435
1.9317658	1.5166672
1.9320904	1.5167642
1.932019	1.5170861
1.9322205	1.5171188
1.9324411	1.5173556
1.9331627	1.5173458
1.933808	1.5173631
1.9348835	1.516952
1.935489	1.5169444
1.9371517	1.5165806
1.9394317	1.5163699
1.9415945	1.5167053
1.9455379	1.5170773
1.951334	1.5170426
1.9604379	1.5169914
1.9806077	1.5138078
2.0165846	1.5052346
2.071519	1.4898318
2.148482	1.4661807
2.2357543	1.4360279
2.2896957	1.4162718
2.315852	1.40612
2.3351703	1.3983052
2.3547153	1.3903195
2.3652954	1.3858793
2.373965	1.3822193
2.374979	1.381644
2.3728273	1.3823711
2.374893	1.3817316
2.3825414	1.3786247
2.369034	1.3840122
2.3633485	1.3867909
2.3600388	1.388669
2.3293242	1.4016489
2.290888	1.4172367
2.2609305	1.4290427
2.2389882	1.437638
2.2038815	1.4516085
2.1568754	1.4690152
2.1105628	1.4859177
2.0665076	1.5009308
2.037309	1.510567
2.0229676	1.5157852
2.0079176	1.520251
1.9888508	1.5258622
1.9846598	1.5269331
1.9764892	1.5291568
1.9730482	1.5299838
1.977156	1.5292442
1.9817662	1.5283846
1.977295	1.5293398
1.9749492	1.5301024
1.9704847	1.530914
1.9687344	1.5312188
