2.0085967	1.5116497
2.0114567	1.5156659
2.0130904	1.517901
2.014817	1.5202851
2.0156982	1.5214838
2.0166683	1.5228179
2.017209	1.5235525
2.017397	1.5237933
2.0175543	1.5240203
2.0178027	1.5243555
2.0179157	1.5245103
2.0179574	1.524574
2.0179539	1.5245696
2.0178282	1.5244119
2.0177133	1.524226
2.0173213	1.5236874
2.0163825	1.5223649
2.0151863	1.5206951
2.014087	1.5191694
2.0122566	1.5165988
2.0105696	1.514221
2.0084789	1.511224
2.006779	1.5088065
2.0042226	1.50511
2.0032063	1.5036771
2.001216	1.5007889
1.9995705	1.4984337
1.998586	1.497007
1.9974753	1.4953779
1.9968742	1.4945112
1.9964883	1.4939393
1.9965776	1.4940729
1.9964428	1.4938467
1.9965332	1.493944
1.9965627	1.4939353
1.99711	1.4946998
1.9973133	1.4949625
1.9978225	1.4956748
1.9980594	1.4959985
1.9982085	1.4962038
1.9981676	1.4961396
1.9983937	1.4964552
1.9983872	1.4964429
1.9983219	1.496349
1.9981955	1.4961705
1.9983017	1.4963297
1.9983606	1.4964297
1.9985297	1.4966949
1.9988238	1.4971449
1.9989119	1.4972725
1.998543	1.4967487
1.9984225	1.4966191
1.9984405	1.49669
1.9986061	1.4969832
1.9989184	1.4974991
1.9991192	1.4978908
1.9992411	1.4981285
2.0001059	1.4994844
1.9998429	1.4991696
1.9996145	1.4989568
1.9996018	1.4990382
1.9999439	1.4996591
1.9997889	1.4995681
2.0009022	1.501334
2.0018425	1.5028477
2.0024545	1.5038147
2.002091	1.5033623
2.0032442	1.5051053
2.0033796	1.5053283
2.0039794	1.5062232
2.00417	1.5065278
2.0043933	1.50685
2.0044327	1.5069032
2.0045743	1.5071083
2.0047839	1.5074064
2.0048692	1.5075308
2.0048823	1.5075458
2.0048041	1.5074345
2.0044909	1.5069344
2.0039678	1.5061544
2.003134	1.5048951
2.0026977	1.5042073
2.001811	1.5028483
2.001544	1.5023992
2.0006418	1.5009936
2.000084	1.5001258
1.9991338	1.4986444
1.9983807	1.4974552
1.9973996	1.495929
1.9963795	1.494367
1.9956473	1.4932218
1.9951295	1.4924246
1.9947492	1.4918293
1.9943612	1.4912386
1.9945843	1.4915533
1.9942673	1.4910785
1.9941107	1.4908186
1.9940034	1.4906507
1.9938964	1.4904828
1.9938294	1.4903609
1.9937967	1.490306
1.9938425	1.4903533
1.9937912	1.4902754
1.9938145	1.4902868
1.9937265	1.4901189
1.9936786	1.4900004
1.9937661	1.4900783
1.9941254	1.4905572
1.994752	1.4914241
1.9952706	1.4921514
1.9959322	1.4930564
1.9966735	1.4940776
1.9972984	1.4949331
1.9978968	1.4957494
1.9986508	1.4967985
1.9990838	1.4973941
1.999254	1.4976367
1.9991617	1.4974959
1.9990921	1.4973888
1.9988995	1.4971082
1.9987587	1.4969088
1.9987034	1.4968369
1.9986597	1.4967806
1.9987799	1.4969543
1.9988328	1.4970284
1.9988016	1.4969904
1.9985895	1.496693
1.9983859	1.4964287
1.9980358	1.4959514
1.9975089	1.4952317
1.9967688	1.4942037
1.9959519	1.4930806
1.9951553	1.491984
1.994569	1.4912055
1.9941939	1.4907025
1.9936069	1.4899036
1.9932781	1.4894867
1.9930718	1.4892498
1.9929557	1.4891258
1.9929394	1.4891973
1.9927182	1.48892
1.9927983	1.4891366
1.9924636	1.4886798
1.9924147	1.4886903
1.9923929	1.4886907
1.9924628	1.4888291
1.992518	1.4889348
1.992505	1.4889302
1.992508	1.4889392
1.9925443	1.4889935
1.9924271	1.4888204
1.9924875	1.4889044
1.9923884	1.4887664
1.992454	1.4888598
1.9924868	1.4889023
1.9923754	1.4887152
1.992405	1.488723
1.9924082	1.488696
1.9923003	1.488491
1.9923412	1.488485
1.9924086	1.4885203
1.9925619	1.4886659
1.9928039	1.488969
1.9929309	1.4890847
1.9932611	1.4895029
1.9933727	1.4895874
1.9936436	1.4899133
1.9940503	1.490444
1.9945017	1.4910333
1.9952044	1.4919761
1.9959162	1.4929318
1.9968514	1.4942335
1.9977981	1.4955626
1.9986991	1.49682
1.9990848	1.4973513
1.9992995	1.4976498
1.9992211	1.497533
1.9991698	1.497454
1.9991056	1.497358
1.9988964	1.4970586
1.9988071	1.4969343
1.9988174	1.4969442
1.9986103	1.4966528
1.9984521	1.4964412
1.9982978	1.4962299
1.9979528	1.4957634
1.9972631	1.494812
1.9963359	1.4935242
1.995772	1.4927471
1.9947934	1.49138
1.9942437	1.4906173
1.9938041	1.490026
1.993269	1.4892931
1.9931402	1.4891317
1.992921	1.4888395
1.992915	1.4888444
1.9929281	1.4888705
1.9929727	1.4889369
1.993049	1.489062
1.9929572	1.4889292
1.9930743	1.4891003
1.9930664	1.4890958
1.9931856	1.4892695
1.993389	1.4895936
1.9933294	1.4895
1.9944739	1.4912535
1.9950815	1.4921434
1.9955413	1.4927728
1.9962051	1.4937143
1.9981169	1.4965723
1.9989325	1.4977717
2.0003672	1.4999111
2.0011442	1.5011024
2.0025485	1.5031824
2.003795	1.5050492
2.0051355	1.5070138
2.0066814	1.5092921
2.0068944	1.5096139
2.0092893	1.513077
2.0094244	1.5132898
2.0122662	1.5173426
2.0123787	1.5174971
2.013092	1.5185045
2.0131714	1.5186423
2.0134737	1.5190806
2.013247	1.5187839
2.013324	1.5189096
2.0133896	1.5190136
2.0132618	1.5188471
2.0131743	1.5187126
2.0131567	1.5186609
2.0129435	1.5183246
2.0133667	1.5188503
2.0127902	1.5179465
2.0139165	1.5194579
2.0142226	1.5197546
2.0157776	1.52184
2.016595	1.5228529
2.0183196	1.5251848
2.0191684	1.526295
2.0199573	1.5273285
2.0195007	1.5266827
2.0191565	1.5262026
2.0187716	1.5256693
2.0184646	1.5252506
2.0184555	1.525245
2.0187433	1.5256352
2.0188022	1.5257088
2.0188816	1.5258266
2.0185232	1.5253218
2.0180423	1.5246514
2.0171154	1.523343
2.016528	1.5224867
2.0145602	1.519705
2.0131097	1.5176339
2.011956	1.5159779
2.0112545	1.5149353
2.0101702	1.5133941
2.0076504	1.509779
2.0063467	1.5079136
2.004335	1.5050248
2.0019257	1.5015786
2.0009446	1.5001986
1.9992437	1.4977505
1.9991169	1.4975754
1.9986666	1.4969058
1.9984968	1.4966528
1.9981552	1.496157
1.9981914	1.496215
1.9979848	1.4958951
1.9980912	1.496063
1.9981197	1.4961044
1.9981631	1.4961835
1.9979718	1.4959221
1.9976841	1.4955221
1.9972553	1.494927
1.9969778	1.4945655
1.996416	1.4937735
1.9960487	1.4932978
1.9953254	1.4922684
1.9953699	1.4923792
1.9950076	1.4918741
1.9949528	1.4918263
1.9949161	1.4918038
1.9947906	1.4916258
1.9946655	1.4914587
1.9946567	1.4914634
1.9946967	1.4915266
1.9946064	1.4913944
1.9945759	1.4913619
1.9946913	1.4915384
1.9946725	1.4915011
1.9946301	1.4914367
1.9944706	1.4911666
1.9944806	1.4911637
1.9944199	1.4910524
1.9947842	1.4915454
1.9950492	1.4918845
1.9956741	1.4927549
1.9959774	1.4931418
1.9967887	1.4942443
1.9977249	1.4955616
1.9983425	1.4963771
1.9993775	1.4978268
1.9999424	1.4985868
2.000668	1.4995923
2.0010881	1.5001494
2.0015664	1.5008204
2.0013473	1.5005133
2.0009944	1.5000246
2.0005696	1.499423
2.000508	1.4993378
2.000056	1.4986987
1.9999281	1.4985259
1.9996783	1.4981855
1.999281	1.4976393
1.9987258	1.4968784
1.9980462	1.4959284
1.9971222	1.4946456
1.9964371	1.4936984
1.995637	1.4925938
1.9952273	1.4920325
1.9947122	1.491328
1.994343	1.4908218
1.9941324	1.4905467
1.9938948	1.490235
1.9940035	1.4904267
1.9939953	1.4904497
1.993825	1.4902154
1.993901	1.4903513
1.9937986	1.4902062
1.9937955	1.4902226
1.9937729	1.4901989
1.9937376	1.4901546
1.9936448	1.4900209
1.9935132	1.48983
1.9935431	1.4898878
1.9936194	1.4900002
1.9935908	1.4899621
1.9941906	1.4908564
1.9942561	1.4909205
1.995239	1.4923579
1.9958766	1.4932649
1.9972191	1.4952294
1.9978445	1.4961133
1.999454	1.4984757
2.0003712	1.4997804
2.002707	1.5031279
2.0048656	1.506258
2.006091	1.5079821
2.0097618	1.5132177
2.0117958	1.5160247
2.0157208	1.5214978
2.0165977	1.5226822
2.0179968	1.5246205
2.0185921	1.5254534
2.0185006	1.5253553
2.018657	1.5255846
2.0184908	1.5253601
2.0184772	1.5253551
2.0182955	1.5251049
2.0185678	1.5254787
2.0185754	1.5254738
2.0185308	1.5254426
2.0187376	1.5257145
2.0189056	1.5259919
2.0184994	1.5254755
2.018036	1.5248939
2.0164385	1.5227715
2.0154932	1.5215337
2.0145562	1.5203292
2.013717	1.5192448
2.0129938	1.5183307
2.012215	1.5173444
2.0117226	1.5167458
2.010873	1.5156676
2.0100222	1.5145756
2.009727	1.5142477
2.0093963	1.5138823
2.009038	1.5134612
2.008803	1.5131806
2.0086925	1.5130777
2.0084174	1.5127118
2.008035	1.5121827
2.0076528	1.5116385
2.0073876	1.5112697
2.0069902	1.5107003
2.007131	1.5108992
2.006831	1.510442
2.0067556	1.5103191
2.0066187	1.5100842
2.0063257	1.5096135
2.0059927	1.509055
2.0062652	1.5094093
2.0059543	1.5088084
2.0065792	1.5096195
2.0067508	1.5097587
2.0075963	1.5108398
2.0082347	1.5116848
2.0086763	1.51223
2.0089781	1.5126228
2.0092518	1.5129697
2.0090961	1.5127473
2.0089645	1.5125655
2.0086582	1.5121361
2.0086532	1.512147
2.0086575	1.5121667
2.0085218	1.5119944
2.0085049	1.5119593
2.0082083	1.5115561
2.0079	1.5110899
2.007319	1.5102466
2.0059643	1.5082805
2.004959	1.5068238
2.0036273	1.5048634
2.0023317	1.5029912
2.0012197	1.5013448
1.9999171	1.4994086
1.9985261	1.4973562
1.9975104	1.4958446
1.9964358	1.4942603
1.99539	1.4927034
1.9946142	1.4915507
1.9938478	1.4904057
1.9938314	1.4903756
1.9933258	1.489634
1.9936723	1.490195
1.9930722	1.4892806
1.993343	1.4896965
1.9929179	1.4890256
1.9927472	1.4887463
1.9926997	1.4886436
1.9926001	1.488496
1.9926519	1.4885831
1.9928176	1.4888258
1.9928079	1.4888102
1.9928627	1.488918
1.992908	1.4890038
1.9927906	1.4888738
1.9927455	1.4888163
1.9926689	1.48876
1.9924748	1.4884976
1.992503	1.4885905
1.9923699	1.4884381
1.9923549	1.4884396
1.9923087	1.4884152
1.9922782	1.4884017
1.9922788	1.4884359
1.9921967	1.488327
1.9922007	1.4883623
1.9922138	1.4883952
1.9922366	1.4884337
1.9922079	1.4883932
1.9923066	1.4885468
1.9923116	1.4885693
1.9923762	1.4886543
1.9924005	1.4886842
1.9924024	1.4886752
1.9923463	1.4886037
1.9923142	1.488526
1.9923798	1.4886104
1.9924102	1.4886155
1.9925131	1.4887311
1.9925429	1.4887437
1.9926281	1.488794
1.9927304	1.4889332
1.9928732	1.4891012
1.9929568	1.4891788
1.9931068	1.4893515
1.9931962	1.4894626
1.9932855	1.4895787
1.9933484	1.4896364
1.9932246	1.4894588
1.9932055	1.4894141
1.9933025	1.4895419
1.9932741	1.4894857
1.9933546	1.4896053
1.993406	1.489674
1.99348	1.4897891
1.9935082	1.489822
1.9936726	1.4900666
1.9939169	1.4904262
1.9941839	1.4908319
1.9942291	1.4909028
1.9946042	1.491478
1.9948362	1.491836
1.9954467	1.4927716
1.9956803	1.4931442
1.9963526	1.494162
1.9967426	1.4947766
1.9975418	1.4960172
1.9976829	1.4962735
1.9985062	1.4976082
1.9987907	1.4980904
2.0000498	1.5000461
2.0001647	1.5002824
2.00138	1.5021646
2.0021253	1.5032971
2.002948	1.5045332
2.003994	1.5061078
2.0047724	1.5072682
2.0053878	1.5081856
2.006058	1.5091779
2.0064993	1.5098368
2.0070434	1.510631
2.0073526	1.5110924
2.0074775	1.5112689
2.0075662	1.511393
2.0075412	1.511355
2.0075326	1.5113413
2.0073886	1.5111191
2.0073714	1.5110835
2.007306	1.5109416
2.0073943	1.5110376
2.0074685	1.5110571
2.0077484	1.5113978
2.0078511	1.5114623
2.0080075	1.5116097
2.0083323	1.5119998
2.008536	1.5122116
2.0087974	1.5125034
2.0092711	1.51309
2.0096626	1.5135348
2.0104737	1.5145923
2.011724	1.5162495
2.0126305	1.5174378
2.013681	1.5188056
2.014816	1.5203185
2.0164862	1.5225579
2.0173671	1.5237354
2.0186825	1.5254964
2.0192094	1.5262161
2.0194623	1.5265455
2.0190058	1.5259203
2.0187519	1.5255768
2.0184345	1.5251371
2.0184958	1.5252349
2.0183527	1.5250409
2.0185368	1.525295
2.0184212	1.5251491
2.0180898	1.5247123
2.0176141	1.524096
2.0167398	1.5229304
2.0155232	1.5212989
2.0146272	1.5201125
2.0133631	1.51842
2.0121615	1.5168152
2.0110419	1.5153159
2.01012	1.5141045
2.0088997	1.5124909
2.008335	1.5117613
2.007623	1.5108558
2.0069706	1.5100336
2.0068147	1.5099255
2.0065312	1.5096314
2.0065825	1.5097911
2.0065825	1.5098752
2.0064895	1.5098033
2.0068984	1.5104599
2.007023	1.5106504
2.0071511	1.510861
2.0073504	1.511158
2.0074193	1.511272
2.007541	1.5114336
2.0077472	1.5117334
2.007681	1.5116389
2.007687	1.5116379
2.0074008	1.511228
2.0070052	1.5106426
2.006484	1.5099015
2.0055125	1.5084836
2.004867	1.5075496
2.0033522	1.5053166
2.002539	1.5040978
2.001465	1.5025134
1.999293	1.4992809
1.9983141	1.4978031
1.9976305	1.4967746
1.9964186	1.4949319
1.9955245	1.493565
1.9946715	1.4922663
1.9941885	1.4915149
1.9934908	1.4904696
1.9932837	1.4901392
1.9927341	1.4892894
1.9925766	1.4890444
1.9921656	1.4884158
1.9919044	1.4880053
1.9917244	1.4877466
1.9914815	1.4873694
1.9916698	1.487641
1.9915414	1.4874344
1.9915473	1.4874552
1.991585	1.4875028
1.9917334	1.4877269
1.9917171	1.4876899
1.9922515	1.4884843
1.99222	1.4883919
1.9927858	1.4892008
1.9933623	1.4900398
1.9943813	1.4915125
1.9955084	1.4931325
1.9970187	1.4953293
1.9977608	1.4963598
1.9995807	1.4990033
2.001101	1.5011973
2.003019	1.5039583
2.0047445	1.5063816
2.006692	1.5091469
2.0080087	1.5109669
2.0102787	1.5141538
2.0120015	1.5165247
2.0142198	1.5195831
2.0161157	1.5221802
2.0176108	1.5241848
2.0187218	1.5256777
2.0206115	1.5282269
2.0218084	1.5298254
2.0223653	1.5305783
2.0227177	1.5310512
2.02246	1.5307033
2.0225115	1.5307616
2.0224142	1.5306363
2.0222511	1.5304239
2.0221276	1.5302563
2.0220988	1.5302243
2.021729	1.5297363
2.0206797	1.5283595
2.0197825	1.5271689
2.0182025	1.5250531
2.0173717	1.523946
2.0161312	1.5222905
2.015448	1.5214049
2.0150292	1.5208826
2.0142903	1.5199159
2.0137138	1.5191628
2.0132883	1.5186365
2.0135396	1.5190523
2.0129101	1.5181999
2.0127463	1.5180339
2.0129538	1.5183728
2.012747	1.5181026
2.0126894	1.5180327
2.0126612	1.5180016
2.0128264	1.518231
2.0126479	1.5179769
2.0128284	1.5182319
2.0125744	1.5178503
2.012378	1.5175487
2.0117955	1.516692
2.0112095	1.5158045
2.0108047	1.5151922
2.0103736	1.5145098
2.01013	1.5141268
2.0087733	1.512116
2.0081275	1.5111451
2.0069253	1.5093602
2.005655	1.5074658
2.0042262	1.5053402
2.002624	1.5029569
2.0020216	1.5020257
2.0008981	1.5003558
2.0002985	1.4994656
1.9997648	1.4986595
1.9992883	1.4979503
1.9983602	1.4965574
1.9986312	1.4969244
1.9986193	1.4968429
1.9990796	1.4974917
1.9995815	1.498197
1.9996936	1.49835
1.9997038	1.4983592
1.9996631	1.4982994
1.9997802	1.498472
1.9998753	1.4986237
2.0001247	1.4989969
2.0003436	1.4993352
2.000308	1.4992923
2.000517	1.499642
2.0005305	1.4996864
2.000735	1.5000479
2.0004573	1.4996816
2.0004916	1.4997998
2.000658	1.5000978
2.001022	1.5007206
2.0009327	1.5006597
2.0013175	1.5013161
2.0008764	1.5007795
2.0013604	1.5016198
2.0017707	1.5023562
2.002173	1.503082
2.0026286	1.5038632
2.0032609	1.5049169
2.0047965	1.5072491
2.005284	1.5080523
2.006211	1.5094417
2.0065677	1.5099926
2.0071714	1.5108918
2.0075562	1.5114641
2.0077183	1.511711
2.0078766	1.511935
2.0079854	1.5121001
2.0080125	1.5121527
2.0081306	1.512313
2.0080721	1.5122228
2.0076728	1.5116174
2.0073113	1.5110556
2.0068135	1.5102947
2.0059423	1.5089821
2.0058365	1.5087639
2.0048485	1.5072486
2.0043175	1.5064062
2.0031762	1.5046431
2.0027971	1.5040026
2.0020504	1.5028267
2.0019813	1.5026165
2.0014539	1.5017477
2.0014167	1.5015879
2.0012255	1.5012009
2.0014696	1.5014684
2.0013044	1.5011297
2.0013788	1.5011753
2.001333	1.5010227
2.0014474	1.5011392
2.0012698	1.5008186
2.0014963	1.5010978
2.0018227	1.5015155
2.0022037	1.5020181
2.0023446	1.5021919
2.0022674	1.5020726
2.0022523	1.5020329
2.0022736	1.5020564
2.0021517	1.5018765
2.002068	1.5017555
2.0020087	1.5016698
2.0019608	1.5016133
2.002179	1.5019273
2.002195	1.5019729
2.002173	1.5019683
2.0021176	1.5019244
2.0018795	1.5016328
2.0018334	1.5016032
2.0017428	1.5015142
2.002195	1.5022267
2.0021625	1.5022383
2.002524	1.5028394
2.0022986	1.502568
2.0023873	1.5027782
2.0021155	1.502468
2.00246	1.503076
2.0024903	1.5032116
2.002903	1.5039247
2.0029433	1.5041008
2.0033045	1.5047044
2.0034893	1.5050712
2.004107	1.5060886
2.0045145	1.5067778
2.005494	1.5082935
2.0063875	1.5096687
2.007526	1.5113864
2.0077221	1.511694
2.0080266	1.5121603
2.0079832	1.5121164
2.0084171	1.5127643
2.0086656	1.5131302
2.0087895	1.5133073
2.009172	1.5138632
2.0090206	1.513629
2.0089972	1.5136002
2.0090508	1.5136715
2.008964	1.5135307
2.0089185	1.5134281
2.008905	1.5133702
2.008695	1.5130072
2.0083952	1.5124975
2.008133	1.5120331
2.007766	1.511384
2.007523	1.5109386
2.0080087	1.5115272
2.0076892	1.5109566
2.0084069	1.5118713
2.0085416	1.5119448
2.009103	1.5126332
2.0100884	1.513936
2.0110683	1.5152289
2.0120685	1.5165538
2.0134215	1.518383
2.014245	1.519496
2.0156138	1.5213488
2.0162551	1.5222205
2.0162942	1.5222586
2.0166132	1.5226986
2.016243	1.52219
2.016371	1.5223683
2.0164976	1.522544
2.0164435	1.5224818
2.0165794	1.5226567
2.0163772	1.5223817
2.0160146	1.5218725
2.0156446	1.5213706
2.0146728	1.52
2.0143013	1.5194995
2.013251	1.518033
2.0122454	1.516638
2.0108852	1.514746
2.0089343	1.5120124
2.0076673	1.5102463
2.0055854	1.5072953
2.0040088	1.5050776
2.0026808	1.5031798
2.001411	1.501375
2.0006707	1.5003295
1.9996318	1.4988393
1.9987435	1.4975594
1.9979602	1.4964342
1.9973747	1.4955913
1.9970026	1.4950619
1.9965085	1.4943366
1.9962392	1.4939363
1.9961674	1.4938352
1.9961978	1.4938675
1.9963748	1.4941239
1.9963034	1.4940181
1.9964739	1.4942745
1.9963663	1.4941239
1.996278	1.494028
1.9960026	1.4936346
1.9957525	1.4933122
1.9955667	1.4930744
1.9951766	1.4925331
1.994725	1.491903
1.9947172	1.4919655
1.9937762	1.4905753
1.9938701	1.490847
1.9930168	1.4895653
1.993113	1.4897655
1.9930049	1.4896098
1.9930705	1.489741
1.9929831	1.489632
1.9930555	1.4897603
1.9929504	1.4896145
1.9929	1.4895488
1.9928751	1.4895179
1.9926932	1.4892429
1.9926838	1.489222
1.9926945	1.4892529
1.992621	1.4891461
1.9926537	1.4892143
1.9926891	1.489242
1.9927375	1.4893204
1.9927431	1.4893134
1.9929279	1.4895803
1.99281	1.4893292
1.9925781	1.488939
1.9928282	1.4892662
1.9931384	1.4896584
1.9934841	1.4901208
1.9936848	1.4903358
1.9940845	1.4908503
1.994233	1.4910079
1.9945204	1.4913665
1.99491	1.4918677
1.9952395	1.4922904
1.995541	1.4926587
1.9958175	1.4930307
1.9964751	1.4939115
1.9969666	1.4945871
1.9973035	1.4950272
1.9976482	1.4954836
1.9980026	1.4959486
1.9984305	1.4965457
1.9985597	1.4967235
1.9987985	1.4970515
1.9987656	1.4969993
1.9987326	1.4969451
1.9987857	1.4970223
1.998872	1.497136
1.9987204	1.4969181
1.9986349	1.4967941
1.9985516	1.496674
1.9983639	1.4964086
1.9983029	1.4963253
1.9982615	1.4962715
1.9981825	1.4961705
1.9981897	1.496196
1.99838	1.4964901
1.998678	1.4969442
1.998954	1.4973562
2.0000408	1.4989393
2.0010881	1.5004432
2.00255	1.5025625
2.0043354	1.5051539
2.0055451	1.5068717
2.0075047	1.5097327
2.0083063	1.5108653
2.010389	1.5139034
2.0104587	1.5140105
2.0123053	1.5166479
2.0119424	1.5161645
2.0132823	1.5180836
2.0135827	1.5185404
2.0140285	1.5191889
2.0150225	1.5205811
2.0151858	1.5208182
2.0161004	1.5220841
2.0169456	1.523246
2.01726	1.5236852
2.0180976	1.5248315
2.0183961	1.5252343
2.0190597	1.5261275
2.0188901	1.5259022
2.018983	1.5260445
2.0189774	1.5260172
2.0184324	1.5252783
2.018174	1.5249132
2.0171137	1.5234429
2.0164528	1.5225319
2.0156531	1.5214411
2.0145102	1.5198513
2.0132005	1.5180461
2.0111458	1.5151592
2.0098975	1.5134332
2.0082014	1.5110316
2.0064645	1.5086174
2.0042534	1.5054727
2.0024824	1.5029641
2.0003648	1.4999204
1.9990323	1.4979947
1.998001	1.4965205
1.9972146	1.4953744
1.996368	1.4941514
1.9962393	1.4939594
1.995558	1.4929458
1.9956354	1.493068
1.9956046	1.4930134
1.9953345	1.4926149
1.9954629	1.4928012
1.9952952	1.4925504
1.9953889	1.4926891
1.995464	1.4928018
1.9957278	1.4931806
1.996074	1.4936877
1.9964414	1.4942228
1.9969594	1.4949845
1.9972374	1.4953911
1.9982061	1.4968235
1.9990507	1.4980755
1.999654	1.4989716
2.000565	1.5003145
2.0020792	1.502564
2.0028389	1.5036858
2.0052462	1.507191
2.0056763	1.507848
2.0074956	1.5105002
2.008876	1.5125242
2.0093102	1.5131757
2.011048	1.5156838
2.011696	1.516629
2.0126185	1.517971
2.0130155	1.5185283
2.0133107	1.5189394
2.0136387	1.5194043
2.0141537	1.5201507
2.014448	1.5205817
2.0143547	1.5204656
2.014405	1.5205091
2.0141103	1.5200788
2.0130806	1.5186211
2.0129745	1.5184582
2.0122397	1.5174464
2.010985	1.5156957
2.009658	1.5138323
2.0077171	1.5110946
2.0062711	1.509021
2.0048575	1.5069976
2.0031586	1.504536
2.002073	1.5029691
2.0006013	1.5008739
1.9989432	1.4984639
1.9979658	1.4970555
1.9967915	1.4953243
1.9958125	1.4938806
1.995185	1.4929589
1.9944823	1.4919155
1.9941983	1.4915025
1.9938896	1.491039
1.9935566	1.4905381
1.9935528	1.4905542
1.9933059	1.4901804
1.9933319	1.4902275
1.993071	1.4898169
1.9930893	1.4898586
1.9929245	1.4895967
1.9928668	1.4895159
1.9928014	1.4894135
1.9928049	1.4894031
1.9928292	1.489426
1.9930074	1.4896709
1.9933577	1.4901574
1.9936508	1.4905759
1.9940107	1.4910785
1.9947226	1.4920971
1.9954776	1.4931937
1.9965328	1.4947495
1.9972646	1.4957931
1.9980596	1.4969382
2.0001113	1.4999675
2.0007203	1.5008272
2.0038648	1.5054483
2.0040858	1.5057545
2.0078537	1.5111655
2.007895	1.5112203
2.0101366	1.5144029
2.0108287	1.5153768
2.0129635	1.5183791
2.0134902	1.5191178
2.0137997	1.5195602
2.0145733	1.5206517
2.0148978	1.5211118
2.0147755	1.5209467
2.0149233	1.5211607
2.0149128	1.5211458
2.015149	1.5214763
2.014792	1.520982
2.0146403	1.5207723
2.0143015	1.5202966
2.0138402	1.519671
2.0139012	1.5197651
2.012712	1.5181152
2.0111294	1.515877
2.0100527	1.5143679
2.008076	1.5115494
2.0062013	1.5088959
2.003819	1.5054702
2.0027692	1.5039991
2.0002885	1.500374
1.9987676	1.498145
1.9974744	1.4962456
1.995999	1.4940734
1.9953253	1.4930992
1.9942294	1.4914719
1.9942907	1.4915918
1.9934115	1.4902802
1.9929208	1.4895511
1.992775	1.4893475
1.9925507	1.4890151
1.9923264	1.4886732
1.9922152	1.4885046
1.9921573	1.4884201
1.9920824	1.4882954
1.9920899	1.4883169
1.9920983	1.4883051
1.9919755	1.4881169
1.9918935	1.4879732
1.9919631	1.4880419
1.9918101	1.4877695
1.9917785	1.4876933
1.9917922	1.4876727
1.9919043	1.487773
1.9920082	1.4878714
1.9921052	1.4879776
1.9922098	1.4880658
1.9923056	1.4881722
1.9925224	1.4884232
1.9927334	1.488685
1.9929429	1.4889383
1.9931082	1.4891359
1.993464	1.4895934
1.9938779	1.4901412
1.9943615	1.4907959
1.9949087	1.4915284
1.9957573	1.4927031
1.9965115	1.4937346
1.9973981	1.4949715
1.9982324	1.496135
1.9989318	1.4971179
1.9991992	1.4974906
1.9992809	1.4975978
1.9991919	1.4974713
1.9991965	1.4974808
1.9990556	1.4972807
1.9990472	1.4972765
1.9990535	1.4972906
1.9991113	1.4973952
1.9991478	1.4974692
1.9993187	1.4977491
1.9989843	1.4972788
1.999175	1.4975799
1.9991663	1.4976032
1.9997134	1.4984546
2.0000799	1.4990284
2.001111	1.50058
2.0015204	1.5012182
2.0025723	1.5028046
2.003514	1.5042526
2.003632	1.5045135
2.0037198	1.5047584
2.003925	1.5051798
2.0034187	1.5045948
2.0035925	1.5050068
2.0041163	1.5059074
2.0045211	1.5066239
2.0047905	1.5071445
2.0057812	1.5086873
2.0062268	1.5094075
2.006573	1.5099456
2.0069854	1.5105659
2.0074267	1.5112271
2.007773	1.5117382
2.0081134	1.5122347
2.008231	1.5123986
2.0082986	1.5124948
2.008267	1.5124508
2.0083349	1.5125645
2.008217	1.512369
2.0077493	1.5116912
2.0073109	1.51106
2.006221	1.5094587
2.005154	1.5078771
2.0043519	1.5066837
2.003715	1.5057366
2.0022497	1.5035814
2.000892	1.5015565
1.9991561	1.4989767
1.9976244	1.4966764
1.996432	1.4948812
1.9954056	1.4933466
1.9947383	1.4923311
1.9936035	1.4906062
1.9933959	1.490282
1.9927621	1.4893146
1.9925214	1.4889468
1.9926484	1.4891523
1.9927659	1.4893497
1.9925892	1.4890668
1.9923142	1.4886498
1.9921571	1.4883933
1.9920782	1.4882681
1.9919628	1.488094
1.9919512	1.4880543
1.9919603	1.4880471
1.9918469	1.4878428
1.9917853	1.4877173
1.9918567	1.4877921
1.9918551	1.4877499
1.9919922	1.4879242
1.9919873	1.4878654
1.9921684	1.4880899
1.9922811	1.4882075
1.9923714	1.4883124
1.9924151	1.4883171
1.9924616	1.4883578
1.9924114	1.4882431
1.9925151	1.488374
1.9924769	1.4883024
1.9927031	1.4886088
1.9926919	1.4885938
1.9927466	1.4886653
1.9927115	1.4886214
1.9928524	1.4888235
1.9930869	1.4891531
1.9934751	1.4897428
1.9939883	1.4904912
1.9949476	1.491895
1.9962629	1.4937927
1.9968704	1.4946176
1.9988068	1.4974235
2.000805	1.5003059
2.0035703	1.5043421
2.0058868	1.507662
2.0101693	1.513786
2.0116343	1.5157955
2.0151393	1.5207163
2.0164976	1.5226064
2.018052	1.5247362
2.0197005	1.5270287
2.0202265	1.5277623
2.0207257	1.5284446
2.02074	1.5284784
2.020892	1.5286974
2.0208342	1.5286396
2.0206707	1.5284169
2.020527	1.5282121
2.0204532	1.528124
2.0202591	1.5278527
2.0198982	1.5273665
2.018932	1.5260404
2.0176544	1.5242794
2.016368	1.5225205
2.0148141	1.5203911
2.012996	1.5178559
2.010722	1.5146692
2.0089462	1.512159
2.0067616	1.5090348
2.0050936	1.5066925
