1.017445	1.0096934
1.062213	1.5510393
1.0978595	1.8829544
1.1380574	1.9806652
1.1292444	1.9990479
1.0131755	2.0035155
0.99388176	2.0057878
0.9702123	2.0105827
0.99483764	2.0047915
1.0608582	1.9985102
1.361829	2.001713
1.7975487	2.003817
1.3511862	1.9982469
1.508608	1.997449
1.5190452	1.9932628
1.565032	1.9858294
1.4178709	1.9882282
1.0043094	2.011622
0.97540593	2.0218313
0.9845152	2.018786
0.98055583	2.0137236
0.98522514	2.011014
0.98263687	2.0032794
0.97322106	2.00307
0.9659551	2.001201
0.9681146	1.998388
0.96901673	1.9973592
0.96780217	1.9955391
0.9708724	1.9958165
0.97143	1.9944267
0.9939714	1.98976
1.1104361	1.9794072
1.3366896	1.9565381
1.0746722	1.968497
0.9972161	1.9930668
1.4860575	1.9748317
1.8403647	1.977577
1.8782313	1.9694606
1.9122852	1.9502879
1.9167188	1.9227954
1.9324429	1.8903219
2.2313402	1.1044095
2.3447924	1.045892
2.877703	1.0836918
3.0165381	1.0897214
3.0045626	1.0183575
3.037703	1.0840207
3.027348	1.0111383
3.0222847	0.9999116
3.0109777	1.0001147
3.0010192	1.1275296
2.996141	1.0128105
2.99519	1.0037206
2.9612236	1.0173808
2.9826589	1.0088166
2.9461281	1.027519
2.9093392	1.0603992
2.9100044	1.0609072
2.9109125	1.0293152
2.9077542	1.0299622
2.9177723	1.0381552
2.9280877	1.0395298
2.8936515	1.1045015
2.996107	1.3557891
2.9728537	1.9215122
2.9032927	1.9289505
2.7864308	1.9598855
2.2514462	1.9559628
1.9925318	1.9766551
2.0355449	1.9852463
1.9676737	1.9917232
1.9546933	2.0025518
1.9578029	2.0073602
1.9676006	2.0143325
1.9679376	2.0176866
1.9667826	2.0155215
1.9735253	2.0106027
1.9830706	2.0044315
1.9943011	1.9940646
2.0315244	1.9943862
1.9755007	2.0030541
1.9770147	2.0028884
2.079934	2.0045865
1.938901	2.0108356
1.931701	2.0120883
1.9024495	2.0119727
1.989449	2.007944
1.9269872	2.0056534
1.6098787	2.0161939
1.1814806	2.0140016
0.9819931	2.00985
0.9287502	2.0145123
0.9470292	2.0192509
0.97543776	2.0197022
0.9881676	2.0219395
1.0016526	2.0225239
0.99794745	2.0193675
0.99484116	2.016122
1.0009108	2.0048602
1.0046552	1.9899858
0.99959207	1.9869082
0.98417336	1.9934446
0.98164696	1.9989288
0.9750412	2.0019073
0.9664795	2.0014658
0.9600395	1.996636
0.9590646	1.994011
0.9649356	1.9932177
0.9718773	1.9928911
0.9714174	1.9952095
0.9602048	1.9954418
1.0060074	1.9872484
1.1870738	1.9804555
1.6111747	1.9814018
1.9170876	2.0003204
1.9656905	2.0059874
1.9852685	2.0087466
2.092888	2.019204
2.151165	2.0172157
2.272496	2.016969
2.777891	2.0436444
2.860859	2.0452323
2.7046547	2.0454965
3.0228693	2.0624661
3.0610287	2.0312428
3.0328214	1.9796631
3.0184135	1.9904286
3.0091374	2.0024133
3.0064957	2.0062187
2.9925294	2.0135884
2.9901218	2.0132763
2.9877439	2.0134695
2.9830663	2.0126324
2.9734192	2.010504
2.973907	2.0116107
2.9636316	2.0100133
2.9736845	2.011737
2.9769752	2.0118294
2.9684083	2.008783
2.94131	2.008532
2.5931308	1.9947935
2.145088	1.9915453
2.0440981	1.9979371
1.9710051	2.0056643
1.9729704	2.0113509
1.9591855	2.0165572
1.9151733	2.0178375
1.8667014	2.0147154
1.6278093	2.0046225
1.3403484	1.9897839
1.127736	1.9961878
0.93982536	2.0099986
0.9371933	2.0208755
0.9756583	2.0287864
0.9913668	2.0291333
0.9917904	2.0228915
0.9988195	2.0111625
1.0035148	1.992257
1.0041614	1.9861497
1.0046327	1.9873375
0.99567413	1.9947213
0.9908311	1.9979928
0.99129295	1.9985331
0.97852004	2.0019565
0.971738	2.0000172
0.9832798	1.9992206
0.97265625	2.0025814
0.95597833	1.998598
0.9565351	1.9966693
0.9793892	1.990016
1.4337806	1.9811398
1.9201334	2.0053046
1.9548627	2.00781
1.9814699	2.0126321
1.9946401	2.015036
2.0173242	2.0130913
2.0958867	2.0194404
2.0979488	2.0108778
2.0802016	2.0007708
1.9986608	1.9922833
1.8750472	1.9860128
1.8084943	1.9866031
1.8258395	1.9862785
1.8714236	1.98612
1.7820573	1.9897288
1.7651489	1.9914931
1.784021	1.9893546
1.7891796	1.9892516
1.741394	1.9934728
2.1635509	1.9541433
2.1503313	1.8623348
1.0610663	2.0025463
0.9727629	1.9902546
1.7388417	1.0290244
2.0574949	0.987609
1.8300436	0.9949606
2.1903284	0.9806576
2.0763514	0.98852825
2.1512687	0.9965005
2.2050207	1.0016898
2.1978428	1.0045153
2.0458293	1.0050933
1.9473776	0.99768746
2.0727386	1.0011373
2.0780747	0.9946923
1.9961386	0.9899992
1.8120118	0.98100466
1.9485087	0.98751885
1.9822648	0.98927826
2.0065312	0.9934035
2.0466437	0.993927
2.0843859	0.99467444
2.1890664	0.996819
2.0963411	0.9979842
1.8809602	0.99418664
1.7990547	0.9924584
1.3365958	0.9698574
0.9819959	0.9986701
1.0341038	0.96731395
1.0264236	0.9662731
1.0606847	0.9629608
1.0140517	0.97359973
1.0284181	0.9829038
1.0207596	0.9910055
1.0074902	0.99242616
0.99639493	0.9923087
0.9966058	0.9915903
0.996699	0.9907726
1.008306	0.9911095
1.0052072	0.99027854
0.98867226	0.98963994
0.98694503	0.9896752
0.9921822	0.99059904
0.99446887	0.9900361
0.9911713	0.9893457
0.997505	0.9917804
1.0323366	0.9934404
1.0134566	1.9669861
0.9651892	1.9995408
0.963709	1.9955868
1.0106887	1.963373
1.036021	1.935801
0.97582805	2.003696
0.9801076	2.0055807
0.9955608	2.0076218
0.9541171	2.0131035
0.9617857	1.9986004
1.1012983	1.9934038
1.0809072	1.9916673
0.9850774	1.9952105
0.9645706	2.005109
0.9856646	1.9977264
1.0403994	1.9908218
0.968152	2.0010026
0.97247994	1.9994104
1.0287666	1.9882189
1.1305295	1.981365
1.2842561	1.976548
1.2442039	1.9840626
1.6087538	1.9855884
1.9225847	1.9963263
1.9530848	2.0009408
1.9839376	2.001772
2.001001	2.0073872
2.014357	2.0011249
2.0254583	1.9973884
2.0296843	1.9930772
2.047545	1.9810387
1.9077618	1.9822236
1.8317046	1.9822261
1.9521695	1.9786729
1.8305051	1.9804024
1.7295628	1.992784
1.7887609	1.9890718
1.8475989	1.9823102
1.7785398	1.9909232
1.762657	1.9948914
1.4505097	2.0116606
1.2535652	2.0175006
1.3583273	2.01235
1.0230074	2.0156245
0.9593488	2.0166554
0.9785598	2.0196726
0.9879782	2.0258017
0.9978891	2.025348
1.0078276	2.0143118
1.0001541	2.0123534
0.99903595	1.9995751
1.0011532	1.9750708
0.99896	1.9574544
0.9913379	1.9427633
0.98944	1.872798
1.0141872	1.8529848
1.0243765	1.9543498
1.0132837	1.9779364
1.0167725	1.9718045
1.0062977	1.9880382
1.0012426	1.9888185
0.9901845	1.9826525
0.9615213	1.9859618
0.997547	1.9841214
1.1211163	1.9853078
1.7338653	1.9943238
1.9349713	2.0054374
1.9684806	2.0081935
1.981104	2.0084493
1.9986714	2.0101597
2.0127637	2.0105135
2.0255263	2.0076866
2.033018	2.0042346
2.0438926	1.9950769
2.0695803	1.9875525
2.0260675	1.9872459
1.9792161	1.9827127
1.9508497	1.9830464
1.9310267	1.9853336
1.9314276	1.9862036
1.9075544	1.9905365
1.9207783	1.9927562
1.937498	1.9947524
1.9795604	1.9943737
1.946468	1.9959736
2.009347	1.9973352
2.0277202	1.9932564
1.6574557	2.0097835
1.3163561	2.011807
1.210154	1.9965937
1.096146	1.8095169
1.0028577	1.5925682
1.186795	1.0240381
1.0625916	1.021103
1.0203453	1.0186192
1.1590686	1.0149046
1.0830426	1.0131924
1.0674189	1.0137256
1.0488778	1.0115649
1.0241784	0.9995673
0.9965596	0.9955315
0.9749138	0.98961765
0.9891336	0.9917345
1.052618	0.9922487
1.1608686	0.99242073
1.0915822	0.9933977
1.1154498	0.9939499
1.1429281	0.9937134
1.077786	0.99431294
1.0303448	0.99344194
1.0940778	0.9944696
1.0560222	0.99390286
1.1422086	0.99456334
1.5513735	0.9859118
1.7852235	0.97966903
2.0560663	0.97278196
2.1547883	0.9736526
2.2118502	0.9762336
2.3376453	0.97893715
2.4838216	0.98236114
2.680136	0.98866594
2.6878142	0.9863763
2.927261	0.9879334
3.1136775	0.9891953
3.0173934	0.9876096
3.0034418	0.9880684
3.0243785	0.9904922
3.0145102	0.9921998
3.015973	0.9923751
3.0160635	0.9934061
3.011278	0.9951211
3.0002406	0.9974378
2.9943066	0.9995011
2.9902089	1.00263
2.995504	0.998218
2.9657385	1.0017242
2.9587877	1.0039102
2.9328434	1.0045358
2.5876987	1.0302293
2.3338797	1.0641919
2.2280262	1.0208874
2.0513008	1.0521014
1.9812073	1.0200224
1.9551219	1.0141854
1.547999	0.99336493
1.5709774	0.9838137
1.4370526	0.9825438
1.4120674	0.98554724
1.2444011	0.99670035
1.2377864	1.0244898
1.5617397	1.1661432
1.7671485	1.3842677
1.8121848	1.147474
1.7839335	1.042317
1.90132	1.0538479
1.8039864	1.058306
2.0250583	1.0708784
1.9184575	1.1208016
1.9426016	1.3813218
1.9885149	1.9996414
2.0377963	2.0145812
1.9607222	2.0228863
2.0472307	2.0209115
1.9986231	2.0204632
1.9186113	2.0278409
1.9578347	2.0240471
1.9671829	2.0140414
2.0129313	2.00503
2.0931745	2.0045676
2.077874	2.004693
2.0486472	2.008834
1.9462717	2.0125458
2.2746186	2.0062766
2.8168826	2.0354836
2.7046607	2.023283
2.4540367	1.9963524
2.1605058	2.004111
1.9205991	2.0120397
1.7799402	2.0183203
1.8544685	2.0121596
2.130651	1.9998976
2.0653167	1.9984088
1.9475254	2.0026402
2.1730375	2.0012915
2.3634949	2.009104
2.7118921	2.0360532
2.788738	2.035626
2.9700809	2.0278926
3.0057015	2.0306988
3.0094104	2.0072515
3.0126505	2.0028605
2.993294	2.0054464
2.9853253	2.008599
2.9937022	2.0095904
2.9855132	2.0116706
2.9601378	2.0123868
2.977986	2.0135348
2.981677	2.0134673
2.9328978	2.011333
2.894153	2.0098972
2.8954005	2.008896
2.9593115	2.0117664
2.9211977	2.0095346
2.554476	1.9987144
2.6999931	2.0018613
2.9399548	2.011563
2.6189163	2.0041194
2.0698595	1.9975139
2.0063336	2.0001113
1.9827358	2.002061
1.97818	2.004494
1.9704099	2.0149899
1.9770913	2.0109112
1.9859865	2.0023515
1.9725941	2.0095031
1.9421484	2.0096188
1.9408404	2.0063424
1.9542264	2.0056639
1.8698579	2.0131757
1.9790893	2.011128
2.0854743	2.0052993
1.7912223	2.0147486
1.8436135	2.0089457
1.9812161	2.0000067
1.9450488	1.9990711
1.8962283	2.0011885
1.9214638	1.9991984
1.9002928	1.9984851
1.868454	1.9983625
1.913798	1.9947631
1.9073554	1.9955544
1.9559941	1.9941965
2.032183	1.987993
2.2311556	1.978047
2.3909745	1.9787624
2.3492458	1.9468971
2.6920927	1.7782341
2.8727317	1.1681398
2.936217	1.2146605
2.953135	1.0536743
2.973603	1.0295628
2.9822333	1.0054797
2.990887	1.006555
3.0065398	1.0016283
3.0044718	0.9986618
2.9766335	1.001912
2.9938762	0.99844986
2.9952786	0.99787205
2.9795883	0.9993716
2.9778333	0.99821395
2.9803498	0.9975817
2.9843628	0.99594164
2.990161	0.9950295
2.969588	0.99681026
2.9328036	0.99842155
2.9526424	0.9984963
2.9533775	0.9989677
2.914853	1.0026037
2.903425	1.0037013
2.6687882	1.0084953
2.3078701	1.0062622
2.0230656	1.0027168
2.0012467	1.0005392
1.9901544	1.0011244
1.9758878	1.0019176
1.9654728	0.9989785
1.9296011	0.99810725
1.8794073	0.9964411
1.6434749	0.9863265
1.1256715	1.0006708
1.0401572	1.0098374
0.99215186	0.9979376
0.99020815	0.97719735
0.98254883	0.97348875
0.97768176	0.9818455
0.97654784	0.9874829
0.97481877	0.9879771
0.9719057	0.98784417
0.97072047	0.988254
0.9707507	0.9877128
0.98122007	0.98485595
0.9919047	0.98458713
0.9974778	0.98471224
0.9926892	0.9844017
0.9918565	0.9847833
0.9844711	0.9847421
0.9843291	0.98578507
1.0066179	0.9881707
1.0659261	0.9908191
1.4755449	0.99731976
1.9030932	0.9939297
1.962284	0.98270965
2.0120304	0.98114926
2.0743456	0.9836695
2.1267667	0.98597926
2.3002834	0.9837542
2.7861757	1.0161322
2.8200843	1.0099272
2.9245563	1.0103467
3.1139932	1.0131317
3.061495	0.9994104
3.0263412	0.99959064
3.002482	0.9997731
3.0007284	1.000441
3.0012581	1.0039151
3.0119653	0.9972965
3.0058482	0.99636286
2.9969852	0.99723727
3.0037067	0.99602115
3.0008218	0.9961525
2.979867	0.9968062
2.976973	0.995339
2.990279	0.9955204
2.9781578	0.99639535
2.9797137	0.99801487
2.9564204	1.0037904
2.9368353	1.0154163
2.9441311	1.1085942
3.0292127	1.3073316
2.9974518	1.9755925
2.992814	1.9821739
2.9963589	1.9951688
3.0017605	2.0055437
2.9995515	2.0095406
2.9972742	2.01323
2.996592	2.016163
2.9947243	2.0175207
2.99355	2.0167038
2.987502	2.0145202
2.9927397	2.0152829
2.989477	2.0143769
2.9534347	2.010409
2.9671323	2.012429
2.9757426	2.0142856
2.9504282	2.0139182
2.9688475	2.0148602
2.9791687	2.0158217
2.8806565	2.0093164
2.8445287	2.0083134
2.9600425	2.0144708
2.9189348	2.011934
2.8980794	2.009935
2.9319813	2.0121348
2.8721611	2.0020297
2.0693886	1.9946645
1.9637883	1.9999539
1.9606453	1.9920177
1.9581803	1.974793
1.999649	1.8316568
1.9719347	1.3044189
1.708599	1.5254952
1.35246	1.0468093
1.6037947	0.99940735
1.5367002	0.99450564
1.1237992	1.0109819
1.0785282	1.0190028
1.0384794	1.0293889
1.0404333	1.0082445
1.0573523	0.98413914
1.0429342	0.98018825
1.0374414	0.98514533
1.0133188	0.98928565
1.0101262	0.9914756
1.0079849	0.9917908
1.006211	0.99145174
1.0206311	0.99323195
1.0401058	0.99389756
1.0672673	0.99487376
1.0606303	0.99489915
1.0563838	0.99480915
1.0934545	0.99477607
1.0927502	0.9948387
1.0483483	0.99450713
1.0906272	0.99476403
1.6376218	0.98080754
1.8307587	0.9743058
1.9655312	0.97223216
2.0001917	0.9721336
2.0294595	0.9739523
2.0587947	0.9744108
2.024787	0.97726685
2.068426	0.9782568
2.1243453	0.9790749
2.1666198	0.97974265
2.1210525	0.98280954
2.0408845	0.98656905
2.177649	0.98700637
2.2313626	0.98889256
2.1793182	0.9959146
2.1569674	1.0000743
2.1226475	1.0007622
2.02566	0.9975465
2.06617	1.0005174
2.0585976	0.99857485
1.8563783	0.99233985
1.7575521	0.9952534
1.698373	1.015042
1.5893497	1.179116
1.368522	1.3429499
1.0645117	1.2941582
0.95251745	1.2232941
0.99532646	1.9256097
1.0082074	1.94325
0.98966044	1.96397
0.9902592	1.9839339
0.96958214	2.0096283
0.9543795	2.0248435
0.9795002	2.0242662
0.99309987	2.0232134
0.99089605	2.0161061
1.0008745	2.0042753
0.9999469	2.004064
0.9708183	2.0134845
0.97719675	2.014743
0.9886452	2.016235
0.9967251	2.0109031
0.99761254	1.9671998
0.99013966	1.970137
0.97958434	1.9834639
0.9781521	1.9892256
0.97645265	1.9832883
0.9712761	1.9701645
0.98466283	1.9416944
0.99898916	1.9183842
0.98867565	1.9500915
1.1347617	1.9435087
1.2872298	1.9319355
1.6426992	1.9098417
1.7991815	1.9405113
1.850804	1.948866
1.8781594	1.9043506
1.9305453	1.691641
2.0648143	1.4584926
2.2466767	1.0268438
2.6159773	1.0270492
2.8840578	1.0628673
3.0790007	1.0268619
3.0186424	1.006719
2.998959	1.0066135
3.006341	1.003592
3.007728	0.9982156
3.0132515	0.9976401
3.0132418	0.9965085
3.0072112	0.9961104
3.0075586	0.9950023
3.0081143	0.99384403
3.0054095	0.9942772
2.9975512	0.9944168
2.9945436	0.9944429
3.005011	0.9942583
3.0012293	0.9937704
2.9979513	0.99395007
2.9699278	0.997727
2.8355715	1.0055876
2.678826	1.0270013
2.7427504	1.1583239
2.2942822	1.0940427
2.304266	1.4396558
2.0530825	1.8564768
1.9442315	1.9817101
1.9429225	1.99981
1.9365216	2.0043235
1.839906	2.0112858
1.5749716	2.001971
1.2986029	1.9732924
1.1205672	1.9222364
1.001035	1.8700185
1.002021	1.9315882
0.9784866	2.003842
1.0170085	2.0131297
1.0196236	2.0097084
1.0124248	2.0100338
1.0116116	2.0057752
1.0141268	1.9714289
1.0083982	1.9287585
1.0071188	1.8770937
1.0141152	1.8924874
1.0158463	1.8973303
1.0143877	1.8639433
1.0095251	1.8731999
1.0099558	1.8971494
1.0068084	1.9010122
0.9906536	1.8828919
0.9917315	1.750288
0.97978324	1.6764109
0.9567435	1.7154255
0.9921582	1.7775474
1.2688974	1.9106286
1.3282971	1.923895
1.3290435	1.9226753
1.5631237	1.8109857
1.7943165	1.7511684
1.9633257	1.4758127
1.9613738	1.5148417
2.0186398	1.4095577
2.192028	1.1067516
2.465476	1.002615
2.6136856	1.0114104
2.8990285	1.0146822
2.9761336	1.0101001
2.9495964	1.0080061
2.957282	1.0077572
2.9928184	1.0030992
2.9995432	1.0026512
3.0046053	0.9990031
3.0141752	0.9959779
3.018915	0.9938203
3.0160854	0.99326843
3.0104287	0.9936881
3.0092294	0.99453497
3.0134752	0.9930789
3.0140953	0.9925402
3.0099027	0.99226564
3.00466	0.99118936
2.9937227	0.99204147
3.0069132	0.992029
3.0107043	0.9918677
2.9997344	0.99231905
2.974091	0.99307215
2.8764598	0.994093
2.53369	0.9969868
2.1537797	0.9985482
2.0158339	1.0003871
1.9810029	1.0090905
1.9855952	1.0209696
1.9444834	1.0027761
1.8065189	1.0242078
1.367225	0.9941623
1.0744599	1.0144678
0.9738612	1.050926
0.95977515	1.0237535
0.9333546	0.9970852
0.96544755	0.9806313
0.97524697	0.98283374
0.97776264	0.98673815
0.97647417	0.9876613
0.97573286	0.9880065
0.9848545	0.9854296
0.9873288	0.9852003
1.0008832	0.987336
1.005629	0.9899881
0.9932678	0.98537976
0.99909	0.98728174
0.99360573	0.98655456
0.9927594	0.9866719
1.0046217	0.99164194
1.0305331	1.0086505
1.0826002	1.5596482
1.0938647	1.5421273
1.0743495	1.8235027
1.1315956	1.9461042
1.3290468	1.9672505
1.7636669	2.012179
1.8602798	2.0111723
1.9148791	2.0225525
1.9909599	2.021173
1.9467595	2.016842
1.937487	2.0150394
1.9713738	1.9720882
1.9287864	1.9646257
1.8380483	1.9874336
1.9159278	1.9921731
2.0260303	1.9960515
2.1924436	1.9951645
2.1907547	2.0011542
2.0343082	2.0043035
2.0565732	1.997968
1.9199272	1.9975656
1.8245697	1.9927971
1.8930364	1.9956287
2.001747	1.9857292
2.0870209	1.983134
2.3311915	1.9873122
2.4328516	1.99699
2.865214	2.0004988
2.9624004	2.0017781
2.9656117	1.9922419
2.982822	1.9986188
2.9934044	1.9990544
2.982488	2.007126
3.0144768	1.9895113
3.0055368	2.0046616
2.982091	2.0144453
2.9858694	2.0126576
2.9787955	2.0113711
2.9889505	2.012186
2.990277	2.0114017
2.9885783	2.0114074
2.9874156	2.011644
2.9898205	2.0111377
2.9822028	2.012309
2.9715872	2.0098045
2.9799745	2.0094624
2.9906366	2.0124974
2.9958215	2.0120487
2.9742954	2.007036
2.9671242	2.0042212
2.9814951	2.0090277
2.9770696	1.9993662
2.1895435	1.9797298
1.9731597	1.9994522
1.9689748	1.9998647
1.9636289	2.0014713
1.9611373	2.0029755
1.9342293	2.0109713
1.7027559	2.0112844
1.680397	2.0076091
1.6110423	2.0001493
1.2923423	1.9756476
1.1004177	1.9786705
0.95437574	2.0045216
0.9481368	2.01346
0.9959687	2.0202184
1.0090533	2.0200524
0.9986529	2.018223
0.99267316	2.0178041
0.9934788	2.0164669
0.99647844	2.0095432
0.98015904	1.9984503
0.9774612	1.9945108
0.97399086	1.997768
0.968273	2.0004654
0.9675381	1.9940301
0.97026134	1.9918077
0.965874	1.996137
0.9642135	1.9957871
0.9637734	1.9967505
0.9646079	1.9964838
0.97158563	1.9946252
0.9978915	1.9899075
1.0220037	1.9894592
1.0816392	1.986173
1.1824282	1.9772291
1.1999253	1.9732344
1.2187527	1.9713963
1.0485386	1.9187207
0.95868975	1.5339621
0.9953081	1.0209935
1.0085163	1.0132824
0.98050493	1.0137696
1.007274	1.0151862
1.0058739	1.0144507
1.0442886	1.012263
1.053488	1.0101365
0.9976611	1.0036825
1.0137082	1.0014971
1.0266452	0.993772
1.0356609	0.99820656
1.0656506	0.9906197
1.0037421	0.9913847
1.0038143	0.9897339
0.99433786	0.9898617
0.99746686	0.99129194
1.0072442	0.99175763
1.0120784	0.9923562
1.0189855	0.9928188
1.0069046	0.99232674
1.0253903	0.99340427
1.1404546	0.99378383
1.0449444	0.9940533
1.0769031	0.99436605
1.05691	0.99363196
1.0201365	0.99793464
1.2652967	1.0246265
1.391635	1.0240662
1.3832507	1.1713057
1.5009533	1.5909582
1.8345106	1.9806967
1.9213779	1.9961816
1.7495291	2.0133934
2.0242307	2.0115237
2.002265	2.0066185
2.06428	2.0321124
2.074161	2.0396888
1.9544938	2.0282817
2.1417468	2.005319
2.215255	2.0077155
2.4483106	2.0114741
2.2811413	1.9992769
1.9887025	2.0055807
2.0399384	2.0008545
2.067868	1.9935582
2.0878537	1.999991
2.021171	2.0005515
2.0135343	2.000901
2.0589218	2.001224
2.0620918	1.997616
2.01206	1.9949658
1.9233955	1.9856846
1.9105072	1.9699169
1.8687267	1.9482311
1.790956	1.9651318
2.0540364	1.4794735
2.0652945	1.0152621
1.9999279	1.0387869
1.9011621	1.0168067
2.2455518	1.0000174
2.276537	0.99978644
2.0401192	0.99984276
2.0514605	1.0014948
2.1014364	1.0036958
2.188627	1.0024223
2.2046218	1.0044051
2.1918359	1.0004312
2.2852437	1.0013412
2.3712893	1.0024627
2.2319329	0.9980625
2.0128	0.99087673
2.0541792	0.99276835
2.1822155	0.9950351
2.284647	0.9966874
2.3176427	0.99691457
2.1761222	0.9945295
2.041861	0.99181306
1.9975778	1.006231
1.9280913	1.0015913
2.1652794	1.0029554
2.4474401	1.0051237
2.6735754	1.0208876
3.0510526	1.4111513
2.9815252	1.8503783
2.9579315	1.9242011
2.9306955	1.9665536
2.892078	1.9825792
2.9847305	2.0040336
2.9929795	2.0079978
2.9946609	2.0127459
2.99508	2.014678
2.9948168	2.0160155
2.9949982	2.014739
2.9945428	2.0148153
2.9945033	2.012788
2.9856985	2.0092423
2.9855278	2.011745
2.9948711	2.0093124
2.991621	2.0096624
2.9881458	2.0067344
2.9804153	2.0087087
2.9852812	2.0091226
2.9782407	2.0087085
2.9863107	2.0110736
2.9861383	2.0109746
2.9638517	2.0061526
2.9413755	2.0027397
2.852223	1.9877033
2.2161686	1.9539895
2.0921621	1.9530131
1.9757442	1.9703091
1.9631171	1.9507473
2.0602453	1.8110281
2.2314765	1.2978836
2.1347399	1.4512966
2.1067922	1.4078246
1.9678593	1.0099093
1.9278759	1.0090895
2.1059122	1.000056
2.165565	1.0002867
2.0755692	0.9965564
2.0610335	0.9965056
1.9945596	0.98964536
2.0410552	0.98886997
1.9965388	0.9867774
1.9198602	0.98238736
1.943345	0.9869207
2.0583756	0.9875842
2.042714	0.98524666
2.0186193	0.9875645
2.053011	0.9884884
2.0775957	0.9891115
2.0455022	0.98661554
2.0526037	0.9888853
2.0749676	0.9900774
2.0105047	0.99189913
2.0714555	0.9940907
2.172427	0.99341923
2.2712367	0.99809647
2.4093843	1.013126
2.550192	1.0355614
2.8733745	1.3365445
2.9629788	1.8707161
2.985478	1.9089699
2.992423	1.9546572
2.9862187	1.9979328
2.97798	2.0074234
2.976088	2.0157802
2.986703	2.0166297
2.9915843	2.015981
2.9904604	2.0159192
2.994018	2.0118074
2.9905138	2.0142274
2.99009	2.0163033
2.992178	2.015025
2.990766	2.0141788
2.9826677	2.014589
2.972604	2.0132723
2.973552	2.0129616
2.9690013	2.0127163
2.981229	2.0134294
2.9420025	2.0088692
2.9307458	2.0097253
2.9518862	2.0128198
2.5129607	1.9996039
2.0117018	2.000359
2.0172217	2.0029352
1.9988954	2.004344
1.9767002	2.0113854
1.977068	2.0136697
1.9812237	2.010451
1.9711246	2.0135663
1.9605715	2.0113306
1.8789582	2.0104685
1.618069	2.0109918
1.359772	2.012658
1.1294073	2.0110404
0.9319721	2.010605
0.9246211	2.0189414
0.9522933	2.026058
0.9750412	2.0294785
0.9878887	2.0274737
0.98881376	2.0228748
0.9908335	2.0169477
0.99695593	2.0054839
1.0034341	1.9851245
1.0063912	1.9790014
1.0032626	1.990405
0.9961839	1.9968717
0.9892065	1.994475
0.9839027	1.9975649
0.9825756	1.9981798
0.98516595	1.9964734
0.9718169	1.9891747
0.96272564	1.9736054
1.0036963	1.9610212
0.9831325	1.9823899
0.9719548	1.9851669
1.0917771	1.9729533
1.4589632	1.9447356
1.6591332	1.9218234
1.59769	1.8175545
1.570524	1.7813499
1.8956447	1.1623752
2.0614333	0.98018175
2.0948875	1.000109
2.140649	0.9935959
2.3180218	0.9900345
2.7364905	1.0686774
3.1016812	1.1030294
3.0191724	1.0113161
2.9898007	1.0023849
3.009279	1.0036408
3.0146353	0.99810237
3.014901	0.99650407
3.0061634	0.9974001
2.9970798	0.9967983
3.001084	0.99500734
3.0009694	0.9941481
2.9971743	0.99341506
2.9867105	0.9937054
2.9611483	0.9949123
2.9852905	0.994645
3.0021794	0.99339867
2.9558144	0.9952722
2.9435406	0.9985854
2.9864757	0.9985242
2.90997	1.0783876
3.0124032	1.6346616
2.9737177	1.7385557
3.0023692	1.6675057
2.9890637	1.989398
2.993432	2.0024393
2.9956014	2.0087464
2.9928596	2.013277
2.991002	2.0170684
2.9981182	2.0161147
2.9959295	2.0156865
2.9875758	2.0167446
2.9834728	2.0150185
2.962146	2.0130417
2.9365163	2.0129664
2.9766004	2.0114925
2.9925902	2.0091465
2.9799492	2.0106282
2.9746485	2.0135157
2.9490995	2.0122666
2.909121	2.0088034
2.9590323	2.0128608
2.9438486	2.0119724
2.7407584	2.0028946
2.2173867	2.0001783
2.068005	2.0018651
2.0033004	2.0028665
1.9834771	2.0051491
1.98096	2.0058544
1.9792433	2.0099187
1.9800884	2.0118556
1.9801854	2.0095205
1.9806583	2.007515
1.9574004	2.0085642
1.9458071	2.0075867
1.8932778	2.0134852
1.8047656	2.017658
1.8578035	2.0104375
1.6845247	2.0097907
1.7448431	2.005242
1.8379582	1.9977424
1.9110636	1.9941258
1.8670641	1.9943738
1.7053457	2.0025005
1.8037977	1.996288
1.7778884	1.993431
1.7084286	1.989143
1.1705371	1.9337329
0.95051277	1.977914
0.9091943	1.8122222
0.96765083	1.0218458
1.1743188	1.0130053
1.3371494	1.0083166
1.1860455	1.0134301
1.0462989	1.0124038
1.0089642	0.99834937
0.9991952	1.000553
0.9858622	0.9914636
1.0167348	0.9925717
1.0535818	0.99353963
1.0921793	0.9948625
1.1503981	0.99504894
1.2859255	0.99435353
1.3451452	0.99383736
1.3261976	0.9943816
1.2386001	0.9955478
1.2998215	0.99497694
1.2575986	0.99510884
1.2575489	0.9952637
1.3981825	0.9929723
1.6524897	0.9868243
1.8522292	0.9845036
1.9458578	0.9878388
1.9616601	1.0445793
1.9354619	1.532232
2.025431	1.9833611
1.8596928	2.0525515
2.1087227	2.0521166
1.9858234	2.0463073
2.0551322	2.043348
2.1773007	2.028816
2.3037193	2.0322425
2.2747087	2.021546
2.3049142	2.006541
2.4390705	2.001346
2.0832214	1.9999158
1.956286	2.000152
1.9319968	1.9971861
1.9044157	2.0039802
2.178877	1.9986384
2.1520832	1.9987048
1.854389	2.0013912
1.8885992	1.9956335
1.9800072	1.9856358
1.9886333	1.934206
2.0450997	1.8896449
1.8289307	1.8984014
1.850087	1.5415924
