1.6284531	1.3445618
1.7751998	1.2115879
1.6626041	1.2936336
1.7214363	1.35423
1.9024427	1.3072047
1.974653	1.3325335
1.7127471	1.4722427
1.692251	1.5498585
1.5178709	1.9201325
1.3227024	2.0577073
1.5208122	1.9963036
1.4731408	2.0106313
1.2934121	2.0403354
1.133064	2.0630038
1.1086168	2.0559576
1.0437154	2.0647173
1.1973473	2.0070295
1.2959992	1.9740201
1.2621379	1.986099
1.5339056	1.9413596
1.2841907	1.98233
1.329434	1.972668
1.3940558	1.9463596
1.5282394	1.8543983
1.443569	1.8581178
1.2084862	2.003804
1.1244575	2.05076
1.0416918	2.0406082
1.0311247	1.9903314
1.0108042	1.9513799
1.0776196	1.8006753
1.2059708	1.8347814
1.3139931	1.8338047
1.3379669	1.7657154
1.3496251	1.7341905
1.4933324	1.745777
1.5098273	1.773046
1.5253854	1.7305712
1.6691251	1.6371886
2.0568776	1.4474767
2.4280834	1.103084
2.004903	1.2405738
1.4824189	1.7895601
2.1986244	1.6489996
2.6796174	1.3860651
2.787932	1.2205589
2.92901	1.0434861
3.074631	1.0605179
3.1020017	1.0825633
2.8521123	0.93522054
3.02141	1.000913
3.1617293	1.291345
3.2052784	1.2401723
3.199063	1.2173198
3.2223008	1.4371656
3.116145	1.2389419
3.00665	1.1342902
3.1415105	1.0966742
3.276671	1.2418882
3.1357656	1.0920475
3.0089557	1.0427535
2.8665679	1.161676
2.9193778	1.1226013
2.7667804	1.2864442
2.522568	1.3715293
2.5230546	1.4103276
2.4924471	1.305861
2.4718804	1.3252381
2.5517373	1.4133607
2.636789	1.4468597
2.3160224	1.532333
2.2976408	1.7829152
2.576386	1.9892327
2.3599465	1.9729586
2.3594105	1.9850304
2.1577423	1.8994223
2.081668	1.8830329
2.3968976	2.0027978
2.4127576	2.0144076
2.1419356	2.00599
1.945526	2.0511508
1.8985782	2.0706239
1.7617474	2.0012474
1.7455314	1.9550729
1.7522935	1.9310035
1.8005897	1.9115989
1.999134	1.7094607
2.062826	1.7136265
1.8115379	1.8788763
1.8384628	1.8374747
1.9624745	1.8090487
1.7806976	1.8472221
1.7815202	1.8324339
1.770145	1.8020034
1.852494	1.7756178
1.8110907	1.7865192
1.5930845	1.9100375
1.4763039	1.9981937
1.4128566	2.0290463
1.3086804	2.048119
1.1100398	2.0549748
1.0398341	1.9999963
0.97126526	2.0182009
0.8404096	2.0287738
0.8364868	2.0307598
0.84434026	2.0385692
0.7422561	1.9126525
0.7867451	1.7628076
1.0832264	1.6935966
1.3160108	1.7186425
1.3015827	1.7949226
1.3173656	1.8201848
1.3878293	1.8032027
1.5402193	1.7175113
1.618106	1.6712587
1.5419022	1.6443566
1.445729	1.6453075
1.4256054	1.6953586
1.5528204	1.7105203
1.9236797	1.6147852
2.1986697	1.5730686
2.379013	1.632309
2.4786081	1.734068
2.442265	1.8483638
2.4867275	1.9074196
2.6962621	1.8775183
2.6558912	1.9079958
2.4935875	1.9767439
2.7134328	2.004146
2.807306	1.9878596
2.8387969	1.9736478
2.964231	1.9660352
2.9688985	2.0088527
3.0172386	1.9921186
2.99421	2.0529075
3.0062654	2.074959
3.0317605	2.014342
2.9599931	1.8624548
2.886218	1.7405694
2.7798858	1.6835507
2.6066353	1.5927633
2.3835762	1.4669887
2.3425384	1.5554256
2.205431	1.5065888
2.327398	1.5454761
2.4054794	1.5303293
2.267457	1.3859161
2.0266552	1.5305302
1.6691022	1.5690287
1.5354154	1.5041823
1.5746795	1.6969737
1.4783162	1.8284693
1.3935031	1.8675767
1.386046	1.9179198
1.3683641	1.9292201
1.4422103	1.9614341
1.3876792	1.994696
1.3868787	2.0381892
1.3669645	2.0591
1.2612088	2.0752044
1.1702067	2.089412
1.0290992	2.11224
0.91516507	2.120231
0.81139725	2.084817
0.6697442	1.8759646
0.6340025	1.6515403
0.7651744	1.7311057
1.0121195	1.7633783
1.2220536	1.7633551
1.2749949	1.7852484
1.26432	1.7930765
1.3489345	1.7981752
1.4451923	1.7507812
1.3391939	1.7559388
1.3707017	1.7855546
1.5822235	1.7210162
1.6273242	1.6768254
1.907749	1.6137407
2.3316221	1.6681693
2.4610097	1.7765507
2.4291544	1.8253047
2.270964	1.9215684
2.1362803	1.946343
2.2269392	1.9420923
2.399633	1.9757708
2.2809436	1.9478112
2.1443658	1.9059958
1.9477396	1.8770332
1.8145194	1.8447685
1.7394252	1.8433369
1.796085	1.811628
1.8388804	1.84022
1.7160352	1.8566363
1.6994321	1.8482543
1.7479771	1.8153065
1.7655418	1.798408
1.6515491	1.8919638
2.8878126	1.2951418
2.870472	1.064997
1.1988707	1.7931769
1.0716499	1.9906371
1.6963398	0.86432505
2.0139768	0.88180375
1.9388833	0.8719625
2.335001	0.905013
2.191699	0.9064033
2.023369	0.9389339
1.9162614	0.96112543
1.8917955	0.98115206
1.9458394	0.94228315
1.8635359	0.9603942
1.95643	0.95811176
1.9776503	0.9703569
1.9417245	0.9731178
1.7393651	1.1763437
1.9118491	1.1359006
1.9196708	1.2318823
1.8898736	1.3821489
1.8999008	1.4428529
1.9206028	1.310445
2.0307524	1.3571813
1.8057239	1.4882339
1.5109415	1.4606197
1.4692984	1.4657141
1.2743539	1.2401181
1.0675511	1.3588314
1.1403109	1.1667439
1.1742207	1.0598539
1.1774206	1.0476853
1.1119667	1.0733583
1.1606544	1.059485
1.2934135	1.0554603
1.2223823	1.1378295
1.2487043	1.4641114
1.5113395	1.79386
1.6683158	1.7495302
1.7931151	1.7253624
1.8856899	1.5270976
1.7716093	1.3086457
1.7190495	1.2842108
1.7982545	1.2794648
1.828516	1.4153786
1.6886246	1.747797
1.4154286	1.9448079
1.152744	1.9946226
1.0459111	2.1185582
0.9815564	2.1386185
0.8964479	2.1378949
0.7812989	2.106348
0.7978028	2.0641632
0.8855216	2.1195676
0.8977141	2.1105096
0.97241616	2.0662556
1.006819	2.0578225
1.3357885	1.9472051
1.4287783	1.9290261
1.5005351	1.8986497
1.4312522	1.8417945
1.2414858	1.93781
1.3884094	1.8701649
1.5885483	1.7673831
1.3311676	1.8716795
1.3483088	1.8500948
1.6635258	1.6320435
1.9163194	1.5238955
2.0940802	1.5436337
1.7678053	1.7503451
1.9246085	1.7801846
2.438531	1.6960521
2.313747	1.7839689
2.4247906	1.831357
2.2531805	1.9115412
2.322672	1.8585385
2.347071	1.8112807
2.257056	1.8345479
2.5253057	1.7138472
1.9901385	1.7725158
1.8935771	1.8180673
2.1868496	1.758474
2.0104215	1.6926985
1.7625751	1.7929137
1.8666873	1.7896448
2.0689456	1.6642294
1.8875083	1.6784215
1.8112241	1.7626683
1.538095	1.9157714
1.4796224	1.9529272
1.4750456	1.9438624
1.3308264	1.9922053
1.1897326	2.0280776
1.0691867	2.0223017
1.058802	2.0696855
0.9353933	2.0915754
0.70888555	1.9015414
0.73170644	1.9929891
0.62730044	1.8903039
0.64035213	1.7189094
0.67051643	1.7659504
0.6314335	1.7602578
0.6336886	1.6075683
0.92830116	1.5353161
1.3285323	1.6388404
1.4217304	1.686026
1.2921802	1.7032229
1.3219985	1.7529223
1.3986768	1.7246605
1.5608287	1.5998898
1.8475173	1.5703875
2.158067	1.5663888
2.1340756	1.6869947
2.2925866	1.7729378
2.4637673	1.7913213
2.4314983	1.8590647
2.3981395	1.8795778
2.219857	1.9031811
2.1617804	1.9183769
2.1339452	1.9008088
2.078638	1.8920742
2.301279	1.8091083
2.4930625	1.7325131
2.2010508	1.8282057
2.1730726	1.7882313
2.1287606	1.7774047
2.0799658	1.7965379
2.10079	1.762076
2.0124786	1.7660546
1.9757123	1.8057387
1.9303184	1.846192
2.0361357	1.8008136
1.9614531	1.7656629
2.0193033	1.782964
2.2545362	1.4980499
1.6143359	1.6744597
1.3352996	1.5435272
1.2432014	1.1572559
1.1817015	1.0045401
1.1252053	1.0154746
1.3467549	0.89538205
1.167212	0.91235435
0.8404451	0.9754496
1.1570737	0.9847889
1.1298877	0.93609905
1.091466	1.0031922
0.9922286	1.0235355
1.0246383	1.0273715
1.0530136	1.0200945
1.2449749	1.0301847
1.4644159	1.0236609
1.9626296	1.0828555
2.1466253	1.1381269
2.066381	1.2354537
2.0407069	1.3646137
2.0895858	1.3585933
1.9548091	1.2875283
1.7844058	1.3248671
1.9539603	1.3950503
1.9174151	1.299089
2.023528	1.1281816
2.2591252	1.0632616
2.4292943	1.122817
2.8007464	1.2608566
2.9049604	1.2868115
2.8752232	1.1145748
2.8856487	1.0736234
2.8841782	1.0714263
2.900266	1.042816
2.8460824	1.0298067
2.9625468	1.0300187
3.0950549	1.0744572
3.0220866	1.0844022
2.9635346	1.0320977
3.043952	1.0444492
3.002305	1.1478019
2.8767183	1.1879249
2.880141	1.2335403
2.817946	1.4472293
2.6301897	1.6297456
2.6044123	1.655086
2.6955566	1.6540418
2.523026	1.5146546
2.3056035	1.497355
2.3041828	1.5714914
2.2143495	1.4619657
1.8889618	1.5408483
1.7507013	1.6151314
1.8417519	1.3418046
1.5822942	1.2128268
1.5989093	1.0685173
1.6278168	1.0146462
1.5758176	0.9814217
1.5781492	0.9582944
1.4148123	1.015257
1.3223486	1.1030344
1.3131741	1.1944337
1.4186637	1.4360169
1.8614222	1.6205504
2.005868	1.7197225
2.1011248	1.5617528
2.1291714	1.3166877
2.1624126	1.387626
2.0055068	1.4898254
2.1275847	1.5314839
1.9752021	1.6485223
1.7966369	1.862858
2.2294014	2.065308
2.2733035	2.065371
2.1362493	2.0528429
2.2833505	2.021515
2.2307246	2.0025058
1.8340685	1.9764099
1.7549493	1.9642023
1.7582506	1.9516189
1.8569243	1.9473253
1.826785	1.9493592
1.7809752	1.9436996
1.7245735	1.9421592
1.7285929	1.922067
1.995544	1.8845091
2.741568	1.8584669
2.4160576	1.8744224
2.2817714	1.8380408
1.9546703	1.8326659
1.6450645	1.9531399
1.598791	1.9567294
1.6660767	1.9200429
2.046072	1.8371965
2.0286543	1.7430902
1.7689466	1.8205848
2.1514647	1.7852994
2.57882	1.800091
2.7348363	1.9058806
2.620728	1.8964157
2.7676914	1.9287467
2.8529847	2.0151482
2.9012387	2.0084715
2.9448261	2.0322104
2.920488	2.0191953
2.931104	1.9966819
2.9637115	2.0165856
2.9528713	1.9733341
2.8774023	1.9101055
2.914788	1.9220581
2.9212124	1.8884761
2.6538837	1.6753485
2.4728236	1.6115072
2.4600646	1.5497959
2.6707199	1.6311338
2.4934936	1.5496353
1.9238864	1.3671074
2.0723686	1.4388607
2.5662606	1.659577
2.088446	1.5720057
1.6482704	1.5078306
1.655566	1.5097345
1.5970004	1.5168738
1.6553509	1.5903525
1.4553044	1.9022428
1.5408132	1.7905831
1.8889256	1.6511068
1.5867517	1.8498714
1.54335	1.910032
1.585725	1.8720585
1.7540586	1.7646992
1.6462703	1.8378161
1.7949225	1.8436557
1.8755056	1.8425864
1.6588371	1.8640524
1.7042866	1.8459699
1.8932668	1.7880528
1.880699	1.7603403
1.796097	1.7819552
1.8517529	1.7896477
1.8573836	1.7582326
1.8518877	1.6156602
2.0196102	1.4968181
1.99079	1.6351327
2.1210666	1.5462619
2.3869925	1.4012341
2.6855896	1.2625015
2.779659	1.2819923
2.58692	1.1754359
2.7664995	1.1317251
2.954906	1.1117363
2.9889882	1.1849297
3.1604095	1.2497137
3.1211593	1.2325492
2.878399	1.1112907
2.974639	1.1572024
3.130792	1.1530422
3.0945544	1.0678582
2.9612157	1.0235913
2.9467704	0.99368536
2.88546	0.9852722
2.7596564	1.0273408
2.676964	1.0495386
2.625953	1.0886182
2.5703533	1.1047107
2.5544298	1.1276603
2.3860044	1.2806047
2.221798	1.3484151
2.2723093	1.4105304
2.279776	1.4528031
2.192122	1.5090991
2.1726604	1.5190989
1.9881831	1.4511051
1.8505983	1.3528423
1.6563628	1.1543014
1.6231216	1.0364021
1.571441	1.0555301
1.4800913	1.0900772
1.4876395	1.0432454
1.4372392	1.0608119
1.3741657	1.1096323
1.3426853	1.0758848
1.2290192	1.107755
1.1994885	1.082622
1.2093813	1.0277315
1.1037705	1.060978
0.95816696	1.1487924
0.92136234	1.1468669
0.9418999	1.0856217
0.9571595	1.0859542
1.0684352	1.0873643
1.1872671	1.0859987
1.385089	1.2124172
1.5068017	1.5625746
1.6538409	1.7169794
1.7186402	1.6456198
1.7302785	1.5071757
1.7424793	1.4167658
1.6192675	1.3949746
1.6684904	1.3281459
1.9913284	1.3334265
2.150019	1.336945
2.3733788	1.4317461
2.594965	1.5123833
2.728569	1.3739426
2.824839	1.3113841
2.894351	1.3549464
2.9198997	1.319343
2.9816256	1.1619769
3.0482073	1.1093763
3.0323808	1.1463108
3.0281482	1.1218667
3.1181202	1.0953943
3.084101	1.030188
3.0782135	1.0112418
3.036941	1.0289503
3.0062091	1.0617424
3.0690103	1.1260368
2.938539	1.0634732
2.777981	1.1334498
2.6227977	1.3122152
2.652835	1.2620907
2.5856886	1.3252387
2.3387043	1.3769188
2.2980487	1.3019485
2.3954196	1.3616594
2.2913487	1.421338
2.3398888	1.5087523
2.334089	1.6521982
2.4438987	1.7461652
2.7085412	1.8849214
2.803546	1.9270369
2.8603332	2.0383337
2.807237	2.050224
2.9779654	2.0021627
3.045486	2.0768228
3.0840604	2.0808144
3.1870327	2.0333374
3.1703117	2.057643
3.1181154	2.0704808
3.0860012	2.074053
2.959374	2.07112
2.8753908	2.0972216
2.6690383	2.0500438
2.3062632	1.9919181
2.2747533	1.9535697
2.3119628	1.8822578
2.174478	1.9300392
2.280731	1.84916
2.5211625	1.89039
1.9516326	1.5295908
1.9337485	1.4750434
2.4430535	1.7116117
2.2650979	1.5386951
2.174287	1.4485116
2.3753185	1.549074
2.2318358	1.2051914
1.6111277	1.2203535
1.2896057	1.4734515
1.4542315	1.0176462
1.4724007	0.93232346
1.4219075	0.91081184
1.4699667	0.888828
1.192579	1.0258325
1.2413161	0.9622705
1.6469512	0.90330034
1.5874792	0.92213553
1.2211291	0.9595048
1.1151212	0.9781417
0.9869341	0.97918373
1.0189303	0.98865974
1.0750848	0.99302435
1.1247835	1.0017014
1.2448517	1.0167913
1.2277037	1.0231268
1.27609	1.070768
1.3878163	1.0597256
1.416782	1.0650328
1.6323153	1.1005473
1.7681744	1.1419182
1.8307077	1.2680165
1.769419	1.3523008
1.7771848	1.315432
1.9329829	1.315114
1.921759	1.3267134
1.7807429	1.309744
1.9297296	1.2833166
2.3812804	1.2797314
2.4667144	1.4255117
2.5256116	1.607811
2.6473444	1.526036
2.718672	1.4652522
2.7968972	1.3237596
2.6608593	1.1010517
2.712374	1.1338145
2.7568147	1.2976379
2.7343426	1.1138523
2.4655235	0.97280955
2.3866222	1.2734623
2.459008	1.4146127
2.44307	1.0185536
2.2379987	1.2313063
1.979599	1.5040749
1.8721454	1.4463007
1.7276088	1.380051
1.7416828	1.4512069
1.7486911	1.4076501
1.5488809	1.3892858
1.45722	1.5071101
1.4817672	1.720774
1.3149716	1.8554072
1.2229913	1.8161933
1.1544042	1.7398558
1.1479715	1.7048014
1.2628976	2.0556097
1.3013668	2.10852
1.3236884	2.0883913
1.1964043	2.102047
1.1272737	2.0919976
1.0633886	2.094017
1.0492729	2.0815594
1.0742229	2.060244
1.1323808	2.0263352
1.2168297	1.9739693
1.2227069	1.974983
1.1398113	2.0228863
1.1226726	2.022057
1.0171779	2.0490274
0.96910214	2.023491
1.0076721	1.51713
1.1832898	1.5464737
1.3752997	1.6597832
1.3750488	1.7262667
1.4440126	1.6538224
1.6744553	1.4742639
1.9303759	1.221346
1.9849514	1.1192085
1.9064935	1.3222167
2.283471	1.1685574
2.4502294	1.0567166
2.6637025	0.9835545
2.826702	1.1085706
2.8304958	1.2454822
2.94072	1.0214779
2.93134	0.95115286
3.007577	0.9819329
2.9953043	0.9834338
3.142454	1.1203678
3.1427295	1.1110227
3.007019	1.0673246
3.0089157	1.1182451
3.0416188	1.1501577
3.1231863	1.1185296
3.0194905	0.9975675
2.977298	0.9754385
2.8729446	0.97831976
2.787025	1.019646
2.715948	1.0711373
2.6603856	1.0696278
2.595521	1.2002362
2.4413767	1.3075793
2.3909042	1.3407921
2.5180714	1.360914
2.4374294	1.3334163
2.380215	1.3592099
2.2093148	1.5647848
1.9536631	1.6154946
1.9101722	1.7297039
2.0020936	1.9360608
1.6995081	1.6857327
1.6441022	1.7045313
1.7557203	1.8992796
1.7859029	1.9391569
1.6951098	1.9065726
1.6977681	1.910839
1.3978266	1.813832
1.14777	1.848231
0.9676177	1.9563835
0.88920206	1.9650748
0.92024386	1.9918534
0.9473352	2.0647223
0.983581	2.0826995
0.9127461	2.0822277
0.9012058	2.0696948
0.96489483	2.0584474
0.93585557	2.05828
0.803775	1.9613682
0.7030606	1.8514097
0.7689605	1.7581447
1.0330347	1.7179362
1.0964907	1.7017758
1.0811745	1.6318904
1.2114005	1.581544
1.2550952	1.6074411
1.2936614	1.5875391
1.4724156	1.4655817
1.3856792	1.3044608
1.4918649	1.2071481
1.8478885	1.1384591
2.1154842	1.0840999
2.5462081	1.0691173
2.6059062	1.1323663
2.5497935	1.1628394
2.5820746	0.94135416
2.6856997	0.91524696
2.7669516	0.91153246
2.8772953	0.9475364
2.9805481	1.0193911
3.0657067	1.0441321
3.0278924	1.0051558
2.944637	0.99076897
2.8896031	1.0117506
2.9339983	1.060689
2.8925164	1.0791354
2.9500034	1.0968444
3.0377827	1.0579641
3.048389	1.0384436
2.9489155	0.99612
2.8655438	0.9548516
2.7658544	0.9323308
2.7245066	0.97511506
2.6693475	1.1769854
2.6518095	1.2968019
2.6484973	1.2109936
2.6313972	1.1406133
2.5012617	1.2595158
2.4227087	1.1964923
2.2631888	1.3169698
2.3778734	1.4633222
2.4805353	1.3508114
2.288056	1.4168026
2.0996466	1.4244951
1.9309932	1.3041344
1.7545035	1.299824
1.5792941	1.3534286
1.4660882	1.3126081
1.359655	1.3291839
1.3341229	1.322721
1.4456413	1.0709023
1.3631833	1.133363
1.3340336	1.0824016
1.2904755	1.0841831
1.0856907	1.2040412
1.0808146	1.1161071
0.97324497	1.1166283
0.8763111	1.1513559
0.8696586	1.1102265
0.87576884	1.0875201
0.96118	1.0479945
1.0511751	1.0396389
1.280569	1.2349361
1.4455922	1.3034732
1.6347892	1.4729615
1.6954232	1.5402517
1.6066989	1.3028178
1.7690146	1.2990817
1.7062199	1.2965337
1.6619334	1.3961895
1.6406627	1.6181469
1.6825976	1.6833124
1.547608	1.9260638
1.6181078	1.8810643
1.6254684	1.8546864
1.7046678	1.9189335
1.9348713	1.8866783
1.7954171	1.9480487
1.9943929	1.9200873
1.9215155	1.9348751
2.0081403	1.9419844
2.03376	1.9414419
1.9916542	1.9497637
2.4136567	1.8993032
2.3276775	1.9163692
2.1322584	1.9561393
2.174833	1.9544066
2.257056	1.9337864
2.4216967	1.8675474
2.2654212	1.8748444
2.0203784	1.8685943
2.1044118	1.7590622
1.9559207	1.6193041
1.7914733	1.4960077
1.9487206	1.5299228
2.131067	1.4603487
2.2683954	1.4553676
2.553113	1.6066234
2.5351164	1.7326722
2.7455468	1.8287678
2.9053462	1.8191336
2.8421967	1.9259613
2.8787134	2.0093074
2.973155	1.9441357
2.8990536	2.0735586
3.022151	2.051335
2.9882667	2.1074247
2.878929	2.0268946
2.926923	1.8338974
2.756271	1.6832235
2.85255	1.7336962
2.7916534	1.663356
2.7002923	1.6253138
2.57676	1.6336396
2.6199505	1.6021924
2.367469	1.6692175
2.1501532	1.6270062
2.3361115	1.4746091
2.5939546	1.6310132
2.7521906	1.6851498
2.1857944	1.4081174
2.0439758	1.4292457
2.3408716	1.4551876
2.3078246	1.2594692
1.5584304	1.5409199
1.6793283	1.9435122
1.4342586	1.7600254
1.2130891	1.4485613
1.1870239	1.429741
1.1823484	1.709619
1.1275551	1.8516935
1.2670476	1.9201337
1.3612587	1.9562491
1.2055396	1.9756689
1.1461494	2.0232127
1.1716119	2.0709987
1.1786822	2.0450475
0.97925496	2.0443728
0.8600942	2.032109
0.962483	2.021704
0.99062407	2.0396328
0.9469817	2.0476966
0.9310566	1.9685602
1.1790988	1.7614261
1.2692944	1.7164699
1.2854917	1.7724397
1.3187108	1.8270574
1.4427097	1.7211928
1.4418019	1.663803
1.4242778	1.7536842
1.4882836	1.7541994
1.4491844	1.7642744
1.4893812	1.7799448
1.5557828	1.7484931
1.6903085	1.6688123
1.7232604	1.6826336
1.8300402	1.6449803
2.118646	1.4372717
2.1656806	1.3295461
2.1636102	1.3343807
1.8285308	1.0105793
1.0749472	1.0003848
1.0256447	0.95560634
1.0077245	0.98394424
0.8993982	0.9931148
0.9805258	0.9959408
0.99761564	0.9935405
1.0747083	0.9986976
1.1558982	0.9848182
1.1544075	0.97762316
1.2838303	0.958573
1.4632115	0.9620853
1.403506	0.9704527
1.7254238	0.9727058
1.5029874	0.98590827
1.6272486	1.016451
1.5857825	1.0637417
1.4845113	1.0272563
1.6776314	1.0768291
1.6743426	1.1113006
1.6977202	1.1022849
1.5973394	1.1742564
1.7617245	1.2593521
2.109692	1.2363237
1.8761668	1.3019339
1.8907824	1.5070041
1.8446478	1.6124965
1.5850484	1.9379029
1.8396231	1.9200659
2.1333504	1.6894711
1.96074	1.8529242
1.9296864	1.9376731
1.7088393	1.9912997
1.8365359	1.9631996
1.8449867	1.9422779
2.1649463	1.9222621
2.2808962	1.9273579
2.154774	1.9576283
1.9851525	1.9717699
1.8139906	1.970302
2.263773	2.000509
2.2766194	1.9868419
2.267718	1.9813466
2.280259	1.9007
1.8929496	1.893729
2.030765	1.8352658
2.131334	1.5522879
2.0885384	1.7649279
2.034754	1.6837006
2.0160046	1.6647971
2.0639288	1.6903015
2.0975037	1.5695038
2.058949	1.4611479
1.9307685	1.2852837
1.9084364	1.180351
1.8358697	1.1239653
1.7954084	1.2282896
1.9074531	0.95081884
2.062975	0.89267135
2.0125778	0.915282
1.8674189	0.8940799
2.0834093	0.9172586
2.0837452	0.92572707
1.8215839	0.9761016
1.8626572	0.9621525
1.9109292	0.9646163
1.9360837	0.9868217
2.1145895	0.9488182
2.0774472	0.95829105
2.0987427	0.95515084
2.1680312	0.96958095
2.033125	1.0396899
1.6519722	1.2160795
1.6861278	1.2381123
1.8987961	1.1393995
2.0289168	1.1126927
1.9617712	1.2628423
1.6638126	1.2746443
1.4417295	1.328
1.4157077	1.8207793
1.3986002	1.698034
1.7263069	1.609527
2.1836288	1.8957254
2.3990724	1.960304
2.5852726	1.9736544
2.5578294	2.0161457
2.6554377	2.02086
2.7297578	2.0403173
2.8870592	2.0369413
3.135281	2.0230489
3.1664288	2.0678582
3.1942654	2.107511
3.1540554	2.146857
3.1173687	2.1489694
3.0472066	2.1526875
2.9533095	2.1374283
2.8517818	2.0745487
2.5031433	1.8992411
2.5052824	1.950461
2.7280324	1.8020681
2.570502	1.6980864
2.3821492	1.6482445
2.2386675	1.6616485
2.315806	1.6745533
2.2242565	1.5723964
2.3467102	1.6828991
2.4117403	1.6011982
2.044673	1.5366579
1.933638	1.4909786
1.7987998	1.3161882
1.6490816	1.0927669
1.6282334	1.0531429
1.4992887	1.1189779
1.3986965	1.0761456
1.5495379	0.89586455
1.8825157	0.86005014
1.549316	0.8801717
1.4332201	0.94538176
1.9601418	0.88365364
1.8171248	0.87359726
2.3848705	0.9633167
2.3713083	0.9671694
2.2939556	0.96681434
2.2200963	0.95960146
1.8238456	0.97302365
1.92073	0.9530116
1.8890314	0.96822953
1.8246359	0.9726206
1.7303714	1.205622
1.9239457	1.0881172
1.8702816	1.0846862
1.6719275	1.3047595
1.6838942	1.3755164
1.7484909	1.3183824
1.6861889	1.2556651
1.6447338	1.3592451
1.6448854	1.5024875
1.55249	1.5745608
1.6483631	1.6413134
1.9100802	1.3183391
1.9956717	1.6527072
2.0281506	2.067885
2.1028945	2.0443926
2.3075378	2.0542276
2.429854	2.0570066
2.6741946	2.0039086
3.0101516	1.9169124
3.052768	2.022188
2.9912076	2.0710301
3.0627332	2.1353016
2.9982884	2.1629071
2.9751143	2.1727715
2.8646815	2.1483693
2.9540582	2.0476232
2.821894	2.0043583
2.7116604	2.1108782
2.7808447	1.9581618
2.6975641	1.8183479
2.4096854	1.8438498
2.2234406	1.7577704
2.2733898	1.6402242
2.2252555	1.620913
2.4348276	1.5940928
2.087273	1.4257913
1.9516883	1.5889249
2.192423	1.66459
1.6683769	1.5079854
1.5322407	1.764886
1.6450139	1.8092765
1.668583	1.7254372
1.4841747	1.8515363
1.4786851	1.8694872
1.6303686	1.8291461
1.5768517	1.9305269
1.5861433	1.9432311
1.5326389	1.9618611
1.4460338	2.0016742
1.4271945	2.0125136
1.4259287	2.012826
1.33291	2.0499215
1.2235401	2.0827396
1.1578074	2.0849023
1.083664	2.0955958
0.929421	2.099296
0.8354944	2.0786881
0.7787091	2.027103
0.69144994	1.8547702
0.7225954	1.6619943
0.9462098	1.6520989
1.1210219	1.7679534
1.2337836	1.7875092
1.3685538	1.714533
1.3935838	1.7314548
1.3852708	1.7444108
1.3760455	1.7214372
1.607221	1.5822425
1.993459	1.3519676
2.2149353	1.1950971
2.0112221	1.4950244
1.8135453	1.5820408
2.2372594	1.3396101
2.6088367	1.0517795
2.5581849	0.9311011
2.2010987	0.8759291
2.2262685	0.8767312
2.0613215	0.8694493
1.7854211	0.90772355
2.3986197	0.87583613
2.7944305	0.9144996
2.7855952	0.9223883
3.0663893	1.0391157
3.074381	1.085416
2.8312042	1.030543
2.9077742	1.0243639
3.076095	1.0299892
2.9596252	0.9601725
2.8920033	0.95777947
2.8588161	1.0430145
2.6892486	1.1404501
2.6387222	1.1230408
2.5799606	1.1410749
2.4932253	1.173212
2.3687396	1.2567867
2.1964056	1.3517162
2.3062956	1.4242145
2.4847426	1.3556386
2.161492	1.3955196
2.1229177	1.5741247
2.4984162	1.6310191
2.4951153	1.9413042
2.4050155	2.0812624
2.3789926	2.0483718
2.4693408	1.9470652
2.8845918	2.0330534
2.9618669	2.065735
3.0551143	2.0750089
3.0837412	2.0880127
3.1210034	2.0891047
3.187666	2.100734
3.0995073	2.112083
2.94148	2.1130152
2.7680855	2.1001306
2.3639083	2.018853
2.2959652	2.0282485
2.3729122	1.584287
2.7794058	1.5103931
2.4163742	1.5001223
2.2364142	1.8347836
2.0905645	1.8165215
1.9145002	1.6759732
2.2436602	1.6704212
2.194022	1.5983627
1.816349	1.4562361
1.6469885	1.6645569
1.6675148	1.7702813
1.6156826	1.6809443
1.6165739	1.6940582
1.6560552	1.6668433
1.6251047	1.807673
1.5864263	1.8464336
1.6110234	1.8130559
1.6616306	1.8480631
1.6003954	1.9313632
1.612641	1.9334621
1.6263342	1.9371675
1.59334	1.9478705
1.6713308	1.898186
1.6007563	1.8999609
1.6285477	1.8720281
1.72699	1.8589863
1.8414623	1.8471694
1.8013179	1.8389014
1.6148436	1.8451929
1.7668582	1.6913652
1.7957104	1.5635438
1.7034082	1.0938727
1.2159951	0.980304
0.8057081	1.7324395
0.6628964	1.379773
0.8513374	0.9856782
1.1675904	0.9755718
1.1736661	1.0078943
1.0259056	1.0417479
0.9739853	1.0254978
1.0682893	1.0196638
1.1364735	1.0218551
1.3458358	1.0203805
1.4677582	1.0314487
1.672705	1.0334486
1.8801519	1.1013844
1.975339	1.1527125
2.0885491	1.1488968
2.1111236	1.145392
2.0090098	1.2920383
1.7950015	1.4432483
1.9434395	1.3419626
1.9481307	1.312371
1.8782408	1.3784829
1.8813645	1.6804274
1.7974868	1.974406
2.0464113	1.9383222
2.2809908	1.8700088
2.155442	1.9594028
2.0183597	1.9863317
1.7950008	1.9911047
1.4715192	2.0075867
1.7673643	1.9568967
1.7792152	1.9529121
2.0275745	1.9645526
2.4097314	1.9881792
2.1545446	2.009543
1.9625624	1.9854435
2.096157	1.9695387
2.3490975	1.9331975
2.070455	1.8598775
1.9106015	1.8035994
1.9154907	1.6199664
