1.31416	1.4593481
1.2431847	1.6725096
1.3889625	1.6555796
1.4284831	1.7926902
1.3471327	1.937251
1.1822149	2.0459669
1.1525078	2.1099803
1.0388613	2.2370539
1.3073798	2.105623
1.4573565	2.0868998
1.5949312	2.2034445
1.8695977	2.0755134
1.6060982	2.1847525
1.6901757	2.179466
1.6937354	2.1070766
1.7354159	1.9568871
1.6181728	1.9624029
1.2358209	2.0883632
0.9802801	2.15709
0.9468622	2.038508
0.97174597	2.001431
0.95435977	1.9582732
1.0120295	1.8994745
1.0551908	1.965599
1.1178503	2.0107033
1.102175	1.967698
1.1010072	1.9513948
1.1802114	1.9950936
1.1994507	2.027081
1.1937733	1.9913242
1.2584872	1.9487071
1.412907	1.8617146
1.5984635	1.6736239
1.3918891	1.7308921
1.2858206	1.9551996
1.6921626	1.8884476
1.9500164	1.751541
2.0465486	1.630934
2.259703	1.4614899
2.595839	1.3889191
2.6761339	1.3607916
2.6381288	1.091381
2.7240636	1.1784538
2.9703455	1.3985077
3.0994565	1.296637
3.096705	1.2306854
3.2221863	1.3655908
3.2078767	1.1200426
3.1122398	0.89849067
3.0846028	0.965779
3.177319	1.3776202
3.1038373	1.1555351
2.9581592	1.0376322
2.9166758	1.1407834
2.9613435	1.1162922
2.9190946	1.204402
2.8256872	1.2611438
2.8273141	1.2694539
2.7795076	1.2002827
2.7738326	1.2083309
2.83375	1.2453285
2.8862064	1.2629666
2.7133625	1.3389223
2.7026393	1.5130066
2.758692	1.7177424
2.5826123	1.7344356
2.4919245	1.7915572
2.3197186	1.721348
2.153243	1.7515644
2.2389526	1.864284
2.138108	1.9111047
1.9416287	1.9765656
1.8433022	2.0579908
1.8579577	2.2202032
1.790948	2.238858
1.7652187	2.1609612
1.786248	2.1498892
1.8854893	2.14602
2.0084972	1.8915228
2.0544057	1.9219364
1.8943379	2.0944905
1.8979272	2.0493057
2.026232	2.0426607
1.8480781	2.080004
1.8489974	2.069865
1.8410394	2.0429766
1.926777	2.0363953
1.902491	2.045446
1.6207682	2.1344314
1.3115749	2.2551012
1.1292977	2.2940204
1.045808	2.2217052
0.9341736	2.0814486
1.0211735	2.0023696
0.94583964	1.9830565
0.7839652	1.9290955
0.775818	1.942689
0.7416493	1.9732184
0.7202482	1.8787652
0.76886153	1.8434154
0.9083092	1.8914632
0.9902108	1.9686121
0.9779465	2.0218828
0.9786771	2.0617235
1.0162708	2.0729237
1.0877554	2.0348012
1.1238322	2.0133479
1.0879883	1.9795321
1.0471087	1.9608371
1.0412401	1.9833565
1.1165506	2.0179522
1.2942178	1.9873697
1.470521	1.9618285
1.7044356	1.9704162
1.9898739	2.0015166
2.224318	2.0498228
2.4432104	2.0738204
2.6928961	2.0119271
2.6678967	2.0144753
2.614231	2.1112504
2.7947035	2.0910344
2.8411417	2.0625691
2.8078632	2.0543585
3.0165954	1.970241
3.0543747	2.0006578
3.141968	1.9377038
3.1102774	2.0321968
3.1257036	2.071041
3.148309	1.984983
3.0251012	1.9108167
3.0014775	1.8641558
2.9666655	1.8911823
2.9164279	1.8926866
2.8529723	1.8609588
2.8471067	1.9205669
2.8040693	1.9061376
2.8499315	1.9257039
2.8692255	1.900632
2.8226106	1.8377929
2.7394679	1.9320271
2.5167913	1.9042246
2.3775017	1.857377
2.3144872	1.96281
2.0086968	1.9741137
1.7231168	1.946917
1.4810686	1.9539255
1.3453424	1.9396076
1.2884265	2.019577
1.1534264	2.0331545
1.0212301	2.1418664
0.93025714	2.2230198
0.8689617	2.193443
0.813824	2.181168
0.66474193	2.157965
0.5812069	2.1432035
0.62128365	2.0455365
0.6676856	1.8847783
0.67706025	1.7978156
0.7224156	1.8693347
0.81609654	1.9465654
0.88695246	2.0149548
0.90156776	2.0519278
0.89222836	2.0597162
0.9316584	2.0976994
0.97197384	2.08572
0.92023504	2.0622966
0.9466643	2.0970335
1.0496874	2.0906808
1.0691953	2.0612483
1.2237636	2.0349498
1.5759306	2.0657246
1.9568646	2.1016042
2.0846436	2.102892
2.240535	2.1674178
2.2795494	2.2022245
2.3643973	2.1735048
2.5216832	2.1867688
2.4453907	2.191352
2.3413095	2.2059076
2.2003603	2.2163146
2.0314548	2.2057967
1.9386345	2.1975715
1.9734474	2.1651247
2.0433757	2.1945295
1.9083133	2.1980772
1.8682601	2.1897316
1.9170418	2.149825
1.9260598	2.1352572
1.8461819	2.228904
2.529352	1.6567249
2.4899864	1.403054
1.2782212	1.8297421
0.9904949	1.8423486
1.6804363	1.0852702
1.9259299	0.9920953
1.9394274	0.99457073
2.3533843	0.94506615
2.3254461	0.9135374
2.314102	0.83224595
2.3065026	0.7909964
2.310558	0.7588368
2.2654848	0.9218963
2.0414152	0.8278719
2.1859713	0.81321573
2.1306672	0.6872959
1.9310585	0.71766967
1.8370457	0.9628102
2.0060642	0.911594
2.064854	0.9458705
2.0913153	1.0217173
2.1242738	1.0356611
2.115786	0.96425277
2.2373948	0.9818068
2.068679	1.0505463
1.8039938	1.0869592
1.759941	1.1102269
1.4459794	1.0926652
1.1905679	1.3194805
1.1028931	1.1797605
0.90476745	1.1398124
0.85261714	1.0723199
0.797078	1.0649828
0.87433404	0.9348862
1.0093851	0.8400166
0.95893854	0.90892255
1.0832051	1.0840548
1.2594379	1.2422799
1.3284608	1.2526335
1.3935947	1.2747848
1.4177908	1.1999017
1.346983	1.0989159
1.3207326	1.0797366
1.3535007	1.0674534
1.3764303	1.138658
1.3414637	1.2940922
1.2320408	1.4450872
1.0845376	1.5123209
0.9912101	1.8571843
0.88225466	2.0706043
0.81771785	2.0303462
0.76167244	1.8945621
0.8144129	1.8613194
0.7344303	2.1745238
0.73239404	2.1892238
0.7878744	2.1778455
0.85225254	2.327893
1.2509556	2.1772187
1.4220424	2.1882305
1.4269438	2.0972064
1.2685146	1.9935063
1.1300868	2.0729132
1.247983	2.0463982
1.3404222	1.9806747
1.1720145	2.0461547
1.1861061	2.017764
1.3070487	1.9218252
1.4238065	1.8693419
1.5411053	1.8791299
1.5080979	1.9778082
1.6973702	1.991744
2.0137892	1.9141204
2.0761573	1.9572186
2.2956765	1.955694
2.3361335	2.0483181
2.3611674	1.9694608
2.3579366	1.9602085
2.3600278	1.9691122
2.4457338	1.8770828
2.1726599	1.9667363
2.1307666	2.0125043
2.284016	1.9471897
2.1328053	1.9228898
1.9628872	1.9985561
2.0607097	1.998218
2.150463	1.9059646
2.0152993	1.920728
1.9800644	1.97056
1.6738935	2.0965466
1.5434741	2.132536
1.5854061	2.138154
1.3097235	2.1026945
1.1037207	2.062371
1.0323749	1.9867893
0.9140376	2.059202
0.7556471	2.0199337
0.75742793	1.8057994
0.6850129	1.8957726
0.6294099	1.823142
0.66016287	1.8007928
0.6396078	1.8468695
0.57783526	1.872458
0.58985287	1.8272938
0.71559066	1.8734804
0.838415	1.9989091
0.8761232	2.043128
0.8473203	2.0174174
0.8670392	2.0587962
0.9025599	2.052594
0.97476155	1.9950266
1.1077921	2.0035408
1.2980458	2.0084577
1.4155136	2.0645473
1.7461252	2.0932474
2.0261776	2.0816414
2.209889	2.092626
2.2707932	2.0835297
2.2621238	2.1059813
2.308293	2.1245677
2.3069644	2.118448
2.2946968	2.129924
2.3514004	2.0326293
2.4207199	1.9726112
2.3258243	2.059283
2.2827187	2.028048
2.2386215	2.0406802
2.2124891	2.0536766
2.1971803	2.0312588
2.126935	2.0411446
2.1174798	2.079693
2.1068954	2.1286771
2.1466148	2.079879
2.060493	2.062937
2.11014	2.0716085
2.1663027	1.8590162
1.687157	1.9483439
1.4502324	1.7698574
1.4081271	1.537697
1.3728602	1.3236656
1.3532051	1.3118688
1.5224686	1.1687212
1.3985655	1.1560644
1.1094122	1.017943
1.2985471	0.8595654
1.3365946	0.958661
1.2582878	0.809198
1.1057723	0.77392274
1.0152702	0.7180566
1.024912	0.75927407
1.1194218	0.91087663
1.369408	0.83346695
1.5810986	0.9748625
1.6550064	0.9982779
1.5649365	1.0489002
1.551544	1.0949204
1.586062	1.1074644
1.509017	1.0490876
1.4077446	1.0642295
1.5178404	1.0964903
1.4737806	1.0526274
1.5969442	0.9351173
1.901935	0.8894664
2.0246248	0.9363249
2.4508615	1.0794512
2.6460328	1.1213675
2.7272756	1.03099
2.8126843	1.0250486
2.8584507	1.0428201
2.9302764	1.0490539
2.925911	1.033917
3.0311203	1.1133428
3.1171527	1.25675
3.0430503	1.1770786
3.0227692	1.0724027
3.0738077	1.117766
3.0002968	1.1107111
2.9308476	1.0415258
2.9397726	1.063623
2.930634	1.1540581
2.87546	1.2094419
2.8857381	1.2395216
2.938767	1.2827755
2.8559885	1.1670609
2.7604833	1.1880697
2.7655864	1.2235059
2.6862369	1.1846362
2.4698021	1.3007436
2.3186946	1.3784087
2.2987006	1.2369058
1.755941	1.2825706
1.5622532	1.2002074
1.5185959	1.1554825
1.3270518	1.1256957
1.305925	1.049493
1.2716087	1.1458213
1.3064803	1.2076492
1.3947945	1.2286282
1.5892189	1.317495
1.9369115	1.3825896
2.0150747	1.4444174
2.1172545	1.3690051
2.173481	1.2569209
2.1979346	1.2870061
2.0753741	1.323844
2.169791	1.3459164
2.031925	1.4030434
1.8429338	1.5305825
1.9888281	1.8518301
2.0028121	1.9603329
1.8924468	2.0294132
2.1295197	2.0724225
2.1766622	2.0318356
1.851417	2.1541972
1.91238	2.2495534
1.9836992	2.2198172
2.1412203	2.189671
2.1879442	2.2581143
2.1238496	2.301529
2.0262654	2.3372834
1.8775635	2.224014
2.1380508	2.1740997
2.5978155	1.963477
2.367465	2.10748
2.254971	2.0686185
2.0130098	2.1478941
1.6220813	2.3294375
1.5184671	2.2914567
1.7091686	2.283969
2.13284	2.1924863
2.0603995	2.117418
1.8354748	2.1686451
2.171494	2.119571
2.4414027	2.053781
2.5948312	2.0773547
2.4941266	2.105547
2.597723	2.084278
2.7524948	2.1228726
2.7983036	2.0742617
2.91508	2.055203
2.8221874	2.0720632
2.833618	2.0405755
2.9332538	2.0242429
2.9035249	1.9993067
2.8097005	2.026354
2.8879955	2.0140784
2.9180703	1.9732214
2.7711604	1.9506551
2.7169793	1.9619207
2.719971	1.9206054
2.8295882	1.9115356
2.7508786	1.9037431
2.5490823	1.8670443
2.6042783	1.896776
2.78214	1.9571508
2.5779765	1.9751377
2.3583796	1.9106548
2.2649884	1.9038645
2.1723843	1.885697
2.0953884	1.9136344
1.5810828	1.9719797
1.7317061	1.9487172
1.9424964	1.9577813
1.5937386	2.0013134
1.4618331	2.0384636
1.5336162	2.050196
1.7621768	2.0338607
1.643369	2.0729733
1.8548422	2.1349945
1.9841098	2.148479
1.6924555	2.1280413
1.770112	2.1336837
1.9883169	2.0993397
1.9676437	2.0760689
1.8918127	2.0790625
1.9614731	2.0915458
1.9595909	2.0570867
1.9113039	1.9541793
2.0168111	1.8753769
2.0441592	1.9351913
2.1086812	1.8540559
2.2324271	1.7401625
2.382286	1.5594348
2.4550483	1.5280029
2.3088627	1.442167
2.4441285	1.3101615
2.6459024	1.1901938
2.685396	1.2476025
3.0242665	1.2049736
3.0718334	1.1435205
2.9626055	1.0072594
3.0297806	1.0696322
3.0720272	1.0496287
2.9621518	0.93471855
2.777749	0.9960923
2.8341615	0.9114239
2.8317995	0.9037407
2.762214	0.96217734
2.7339218	0.96013373
2.7323704	0.9729908
2.7196465	0.95774513
2.7288446	0.95907456
2.6605058	1.0286621
2.5834537	1.0686239
2.624043	1.089004
2.633751	1.1081773
2.590807	1.1536007
2.579452	1.162408
2.4322786	1.168273
2.293646	1.1598289
1.9695424	1.140982
1.7753783	1.0919724
1.7013097	1.116454
1.5877728	1.1620071
1.5319295	1.1303698
1.4661901	1.1596279
1.430805	1.1975609
1.3157204	1.1922516
1.1325876	1.2801615
1.02517	1.2500696
0.95469666	1.0918643
0.8747995	1.1215463
0.80057824	1.2307408
0.7970928	1.1823584
0.81129724	1.054143
0.8777228	1.0410588
0.94452727	0.99345416
1.0044391	0.96002525
1.1117003	1.035247
1.1890042	1.1982157
1.275472	1.2855344
1.3135539	1.2764267
1.3171419	1.2177994
1.3327327	1.1917934
1.2651439	1.1692727
1.2938724	1.1435771
1.4655089	1.1613042
1.5696591	1.1731212
1.7520627	1.248525
2.0257556	1.3277909
2.1975102	1.2822781
2.3721263	1.2774934
2.523247	1.3215492
2.586793	1.3237121
2.7485428	1.2617061
2.9206176	1.2640663
2.8900073	1.3157555
2.9324021	1.326695
3.064562	1.3615593
3.1060805	1.2822378
3.1293483	1.2327427
3.0785086	1.188905
3.034927	1.1565248
3.061051	1.2175484
3.0115082	1.0733633
2.88981	1.0285597
2.8272276	1.0820942
2.8462586	1.0536017
2.8288667	1.0691518
2.7034721	1.0736307
2.66754	1.0286701
2.7298224	1.0535812
2.6826801	1.0795504
2.7270942	1.1338946
2.729405	1.2293242
2.795612	1.3200203
2.927296	1.5074147
2.9815273	1.6091044
2.9750905	1.882137
2.9303045	1.8758202
3.0161638	1.840966
2.9921198	2.2240555
2.9839396	2.2490675
3.0517702	2.0172694
2.9637303	2.143879
2.8803868	2.2462213
2.8462317	2.217947
2.7964847	2.146535
2.8863733	2.1612203
2.8813467	2.0934508
2.696088	2.0893726
2.7589235	2.0838168
2.8260982	2.1102374
2.7335725	2.173582
2.8043861	2.1500554
2.8559287	2.1926448
2.674848	2.0097797
2.6546583	2.0064232
2.8046522	2.0927825
2.731705	2.0185134
2.7089236	1.9741261
2.7540972	2.0009518
2.6843278	1.7545248
2.3546782	1.7987933
1.9711264	1.7376578
1.9731307	1.5015635
1.8122983	1.3150643
1.5982568	1.1317215
1.5582838	1.0315553
1.3880504	1.149435
1.4165051	1.0643871
1.6166362	0.912287
1.5990847	0.8828884
1.3364989	0.89776
1.2641095	0.89073586
1.1972301	0.93917716
1.1328751	0.90014577
1.1165613	0.85477626
1.0578221	0.8354273
1.083001	0.768648
1.0448289	0.8459037
1.0754026	0.91273385
1.0285323	0.79312074
0.9857491	0.7478449
1.1454599	0.7615469
1.2432727	0.78580594
1.315278	0.86633384
1.2890655	0.90057373
1.283415	0.8885794
1.3824565	0.90710396
1.3841227	0.9143419
1.284984	0.89753634
1.3875173	0.89754647
1.7736579	0.95387936
1.8846868	1.0575907
2.0631454	1.1995915
2.1990688	1.1953708
2.3118541	1.2109154
2.4298418	1.1609446
2.4247901	1.0222955
2.5011096	1.0603993
2.5493054	1.1596599
2.6442986	1.0577251
2.6279702	0.86451685
2.4101865	1.0773711
2.5192606	1.1334187
2.6182091	0.8860972
2.3782682	0.98509693
2.2037685	1.0861576
2.103844	1.0554589
1.9573554	1.0302974
1.9924251	1.0660614
1.9890816	1.0356328
1.7985172	1.0750601
1.7544208	1.1530334
1.7865373	1.2959965
1.5846817	1.5161005
1.4717951	1.5479246
1.3883703	1.5097781
1.3691618	1.481143
1.2817795	1.8444083
1.2551159	1.9355216
1.2970817	1.9102179
1.138916	2.0700974
1.0297914	2.1812532
0.9304575	2.279633
0.88689154	2.2082763
0.9514198	2.1698542
1.1398996	2.1205797
1.2878717	1.9571679
1.2947274	1.9960185
1.1369913	2.2114327
1.0578074	2.1119196
0.8626957	2.055701
0.8580258	1.9678539
0.9747746	1.728267
1.0364901	1.7718729
1.1089272	1.8616097
1.1072575	1.9059495
1.1272652	1.8752697
1.2133251	1.8118498
1.308911	1.7033813
1.3530217	1.6360013
1.3273146	1.7227803
1.5339856	1.6323519
1.6659864	1.5489993
1.9303925	1.4325235
2.062577	1.5090146
2.1462312	1.5360422
2.3239937	1.3584142
2.5329452	1.1988128
2.6537342	1.1969885
2.6893713	1.1685451
2.8839314	1.2738339
3.0359027	1.1873837
3.079234	1.007059
3.1469266	1.0368981
3.1497056	1.114881
3.1360946	1.0700701
3.0421467	0.84470886
3.0314999	0.858321
2.982008	0.9185031
2.888021	0.94175464
2.8559592	0.95500076
2.8279397	0.92450064
2.811989	0.9898168
2.7476218	1.0198249
2.7315354	1.0281113
2.8052719	1.0443625
2.7529624	1.0113766
2.7354498	1.0227993
2.6735947	1.1485918
2.521595	1.2233613
2.4722593	1.3339282
2.4476588	1.544648
2.2249362	1.4146373
2.0883317	1.5024519
2.0662549	1.6765883
1.9415469	1.8091367
1.8184094	1.8112392
1.766988	1.7671391
1.5554978	1.7013866
1.4152509	1.7130396
1.2805818	1.794877
1.0846664	1.7711853
0.9572614	1.7285215
0.8676633	1.7936119
0.8819353	1.8530726
0.8510187	1.8312314
0.873318	1.8171451
0.9130407	1.8864272
0.87087756	1.8882117
0.84186614	1.7538548
0.7818821	1.7074007
0.82887447	1.71378
0.95570844	1.7664461
0.96447796	1.7902762
0.9557746	1.7638742
1.0019516	1.7709038
1.0125442	1.7945417
1.0250485	1.7945756
1.0994341	1.7598212
1.0700889	1.6841137
1.1290659	1.6361707
1.275214	1.6176013
1.429915	1.5737468
1.7313075	1.5380983
1.779728	1.5549752
1.7733033	1.5408759
1.9425126	1.3356901
2.15704	1.2501719
2.3734758	1.1720172
2.4047961	1.2148478
2.4898012	1.2705069
2.7013025	1.2492532
2.8304904	1.149988
2.8733072	1.0882988
2.974158	1.052384
3.084666	1.0578237
3.0149908	1.1345686
2.9765024	1.1357294
3.0832815	1.0665525
3.0744	1.0544595
3.0093365	0.9793432
2.992175	0.8535396
2.9727025	0.78126264
2.9088578	0.85173976
2.8483355	0.9813698
2.855109	1.0423108
2.857138	0.9747872
2.8481495	0.9236571
2.7918031	0.9506397
2.7382696	0.8920993
2.6727736	0.9572349
2.7523954	1.015166
2.7825887	0.97146106
2.7018192	0.9980552
2.59341	1.0223861
2.4474611	1.0122416
2.2889512	1.0646693
2.1033874	1.1389518
1.8801414	1.1859556
1.6144437	1.2938955
1.5482401	1.3258803
1.465823	1.1812272
1.3687199	1.2795404
1.2529842	1.2538544
1.1346585	1.279129
1.0141388	1.4060851
0.9160839	1.2598695
0.8772227	1.2092012
0.83444256	1.2283996
0.85000473	1.1558082
0.94379735	1.138313
0.96817416	1.05249
1.042395	1.0281612
1.2183768	1.1823187
1.2772495	1.1993586
1.3772986	1.2826308
1.3981464	1.2994392
1.3639544	1.2101957
1.4402934	1.2099572
1.4038562	1.1997763
1.3840603	1.2388232
1.3779624	1.3280619
1.4123145	1.3706503
1.3810104	1.5511605
1.4207238	1.52569
1.4414573	1.5483035
1.5162404	1.6347966
1.6834313	1.6657878
1.7436273	1.8262767
1.8675804	1.7894766
1.9279581	1.8669282
2.0989764	1.9053777
2.1228735	1.8883734
2.1626031	1.9154351
2.3989384	1.7639207
2.3866646	1.8033144
2.341023	1.9306538
2.3783722	1.9447914
2.401451	1.915899
2.443886	1.8324873
2.3447692	1.8956257
2.162288	1.9506326
2.1561604	1.8443699
2.0008457	1.7622329
1.8492078	1.6876625
1.9807636	1.7129524
2.0970602	1.6615436
2.182028	1.650433
2.4012105	1.6924876
2.4320297	1.777161
2.6227524	1.7976667
2.7924247	1.7435967
2.7432451	1.8610802
2.836365	1.935058
2.9619708	1.8061942
2.8728578	2.06297
3.2028093	1.9602529
3.0912664	2.0983596
2.9126484	2.1068041
2.9691706	1.8646863
2.9122531	1.851365
2.9844525	1.8522162
2.987469	1.8281957
2.961578	1.8491668
2.9346979	1.8834093
2.9586713	1.8580099
2.8808763	1.9420762
2.8120875	1.923579
2.8692312	1.847647
2.9587297	1.9057708
3.022831	1.8970212
2.8277583	1.8267754
2.7791438	1.8241881
2.8755794	1.8325889
2.839129	1.705772
2.3505108	1.7764459
2.0792007	2.0207489
2.0756721	1.880526
1.7708124	1.6559922
1.6646005	1.6207931
1.4550176	1.7157505
1.2166269	1.7272307
1.2096993	1.8249322
1.2241892	1.9145879
1.0646739	1.8694966
0.95290834	1.8952405
0.89655554	2.0086687
1.049238	2.0110097
0.9140234	1.9140922
0.8104299	1.8552243
0.956761	1.9180342
0.9217961	1.9759237
0.8334529	1.9923458
0.87789977	1.9213548
1.0610152	1.8885208
1.0851899	1.8909878
1.0840875	1.9363174
1.0892582	1.999928
1.1422514	1.9497654
1.1207126	1.9200482
1.1327523	1.9720361
1.1605185	1.9961936
1.1425335	1.9988182
1.1766744	2.0273871
1.2097957	2.013845
1.2689663	1.9709632
1.3073964	1.9809872
1.37581	1.9548879
1.4672467	1.851147
1.4863861	1.788989
1.5152354	1.7653378
1.3673344	1.5458982
1.0868958	1.4089749
1.119143	1.2135509
1.1984358	1.0063674
1.0528804	1.0593972
1.1993887	0.9525934
1.2236644	0.9686702
1.423315	0.8687
1.5143625	0.9217758
1.3812219	0.99260855
1.4937313	1.0640081
1.59904	1.0794352
1.6963149	0.94310284
1.7375379	1.0779328
1.5781317	0.98119694
1.5561664	1.0713216
1.4440668	1.0657996
1.3688941	0.94197035
1.4498292	1.0069025
1.3842423	0.98681074
1.384673	0.9565328
1.26256	0.97210824
1.3757327	1.0229721
1.5847932	1.0184572
1.4321349	1.0360016
1.4745493	1.1327102
1.453175	1.189042
1.3749679	1.4176997
1.5339282	1.4573658
1.6775181	1.3607843
1.621977	1.4812697
1.677731	1.6182699
1.6728216	1.8415382
1.7676176	1.8189688
1.7538615	1.7973953
2.0655644	1.7964686
2.2603886	1.833863
2.2862296	1.9342237
2.3114748	2.0544963
2.2584462	2.144174
2.4927654	2.0133963
2.4779012	2.0080602
2.4546902	2.050416
2.3592615	1.9367793
2.0624466	2.0495894
2.127767	1.9425803
2.1009815	1.7505518
2.1348066	1.8943182
2.0678113	1.8370471
2.0422325	1.8404825
2.0944412	1.8483284
2.0807989	1.7779495
2.0311751	1.7146261
1.9192554	1.609003
1.9001533	1.5256904
1.8573298	1.4695262
1.8403889	1.5282708
1.9088658	1.2623999
2.017634	1.0637075
2.0059416	1.1653235
1.9478055	1.1211823
2.15404	0.9152152
2.2164817	0.9003463
1.9633285	0.7936291
2.0697014	0.82665455
2.2639606	0.81285554
2.325797	0.7065053
2.3429744	0.87635803
2.218322	0.79072165
2.2802975	0.7381986
2.3800452	0.7618972
2.1309125	0.8211968
1.8339576	0.9503395
1.8825285	0.93572515
2.0493102	0.8334502
2.200047	0.79660696
2.1940732	0.8562663
1.9272404	0.87777525
1.7569295	0.9610931
1.8063434	1.2792176
1.7871808	1.1965222
2.0291495	1.1248605
2.391673	1.3789679
2.5488803	1.5900515
2.6944005	1.8392112
2.62984	1.9429386
2.6055624	1.9579725
2.6003993	2.0708282
2.6373522	2.0322638
2.9418747	2.0175366
2.9883254	2.174068
3.027782	2.1560018
3.0072167	2.1537395
2.9549756	2.2227452
2.9720578	2.1451414
2.958052	2.1338806
2.9687893	2.038376
2.8805015	1.9388762
2.8705685	1.9971493
2.9989877	1.8884127
2.9526289	1.8731713
2.8988605	1.8509026
2.8464365	1.8916644
2.878313	1.887338
2.8417213	1.871433
2.8927116	1.9193399
2.9040868	1.890833
2.774235	1.8679607
2.7170694	1.8555536
2.6036124	1.7546679
2.3597367	1.5628551
2.3067458	1.5197226
2.1649275	1.5258305
1.8526394	1.3689014
1.9072559	1.197575
2.0690827	1.0527155
1.8374048	1.1195253
1.7567241	1.1713396
1.9454081	0.91190463
1.8733062	0.93168336
2.092459	0.7946831
2.201855	0.8040295
1.8576252	0.7384385
1.8450371	0.75723517
1.7569386	0.90140784
1.7787089	0.79964036
1.7591522	0.7340791
1.7057246	0.75061023
1.877103	0.9314054
2.0249805	0.8074372
1.9620607	0.79406023
1.9101645	0.9155343
1.959502	0.9319999
1.9955882	0.8980456
1.9116753	0.8695676
1.9245205	0.92464507
1.9764351	0.98204666
1.9051241	1.0567052
1.9969647	1.0832971
2.1455197	0.90153426
2.271591	1.110245
2.2943525	1.615977
2.3109539	1.6028239
2.417679	1.795891
2.5491166	2.0205643
2.6917377	2.0957346
2.897542	1.9952067
2.8714614	2.161043
2.7773213	2.277936
2.8296783	2.2302084
2.8725421	2.3007712
2.9331975	2.262645
2.915938	2.254394
3.0110986	1.9891773
2.9569185	2.0509026
2.8821197	2.281746
2.969929	2.0649948
2.9627852	2.0016842
2.8751493	2.0676007
2.821951	2.036985
2.83826	1.9926933
2.8175948	1.9989175
2.8883452	1.9626453
2.7517884	1.9121647
2.717695	1.9963453
2.7721233	2.0449433
2.5130775	1.9395914
2.251123	2.0068903
2.2648306	2.076642
2.2102602	2.0506053
1.7956702	2.0180438
1.6620276	2.0122705
1.7377168	2.0564632
1.4985777	2.1199126
1.4593529	2.1598477
1.3510355	2.1732228
1.1773868	2.1752667
1.1530629	2.2165632
1.1852213	2.2516305
1.0111688	2.2614317
0.83905256	2.2403374
0.8441638	2.220641
0.7816159	2.210326
0.68239325	2.1225426
0.65070647	2.075667
0.6596654	2.0178692
0.65883696	1.915029
0.6989162	1.8519269
0.78676134	1.9017849
0.8272762	2.0039947
0.865511	2.0536263
0.91803473	2.041806
0.9320416	2.061817
0.9347025	2.064384
0.92873603	2.047625
1.0270743	1.9924214
1.1735039	1.8988074
1.3085709	1.8019933
1.2655606	1.932469
1.2354536	1.9351748
1.4208866	1.8260605
1.7248024	1.6190851
1.8575015	1.4471947
1.836643	1.2529706
1.8351389	1.247066
1.933769	1.1003596
2.1520734	0.9018514
2.418888	0.9915938
2.6712883	1.042681
2.7990038	0.9838763
3.005016	1.1222589
3.1425493	1.1098806
3.1141734	0.9553886
3.099926	0.9938117
3.1401289	1.090842
3.077084	0.9227448
3.02383	0.89417404
2.9439452	1.0175296
2.8176227	1.0119697
2.7967343	0.9711207
2.7690728	0.9552079
2.725704	0.94376296
2.66939	0.97491187
2.590657	1.0269885
2.6674871	1.050327
2.753289	1.0162889
2.575285	1.0452255
2.5885038	1.1465423
2.786296	1.1969666
2.776458	1.4903072
2.6674502	1.7895501
2.634859	1.7458223
2.7015042	1.6208298
2.8874075	1.8623092
2.9024198	2.0611837
2.922571	2.187695
2.8909423	2.2800066
2.865127	2.2858822
2.9640832	2.2460306
2.9229996	2.1889784
2.7908094	2.304642
2.7995136	2.1977668
2.7358172	2.150229
2.6759827	2.2133515
2.860766	1.9143388
3.0110824	1.7348081
2.8778424	1.8618908
2.8179612	2.0621026
2.7418847	2.0767453
2.6839802	2.0143657
2.7898233	2.0384393
2.762097	2.0099058
2.5955238	1.9440982
2.4271753	2.0130212
2.3359718	2.0647664
2.2359197	2.0103984
2.1300507	2.0111108
2.0793822	1.9960303
1.8680669	2.0494757
1.7170342	2.0374515
1.675269	2.032564
1.6644796	2.0851476
1.4865695	2.1583357
1.502514	2.1918087
1.54193	2.2607722
1.4922009	2.2666998
1.694202	2.2599456
1.6037673	2.219157
1.6602745	2.2060912
1.8487103	2.2179
1.9911646	2.217974
1.944284	2.2021341
1.680767	2.1642447
1.8474078	2.0610733
1.8636343	1.9704586
1.7323922	1.6328107
1.3470769	1.3569046
0.9018404	1.6464603
0.89266723	1.3924894
1.0499135	1.0497307
1.305205	0.8915736
1.4670829	0.80322653
1.3949454	0.72005934
1.100502	0.77560574
1.0840796	0.74977946
1.3118354	0.69325244
1.2674091	0.82696766
1.3403294	0.7055313
1.4641067	0.7341812
1.4358685	0.82285863
1.5114676	0.8575046
1.6269281	0.8408885
1.6670092	0.8322341
1.6028572	0.9013009
1.4970303	0.95827913
1.5713768	0.9219565
1.5530175	0.9209875
1.5382999	0.94801694
1.605107	1.1172125
1.6361675	1.3708171
1.7955686	1.4262037
1.9624741	1.4622418
1.9451474	1.6497182
1.9497732	1.8268522
1.8172528	1.9273351
1.5767757	2.0653965
1.9165077	1.9860365
1.971963	1.9758121
2.2279818	1.9760661
2.560712	1.9378489
2.497387	2.125713
2.387712	2.1968768
2.3608348	2.1087434
2.4242978	1.9731988
2.1773887	1.9623579
1.9924825	1.9171531
1.9529577	1.7876899
1.9234617	1.8542515
2.209962	1.8701698
2.184221	1.8140762
1.8370839	1.7650081
1.9041245	1.6854117
2.0153196	1.6129378
1.9627218	1.4324927
2.002805	1.390739
1.8380227	1.4422174
1.7049102	1.3120487
