1.3181489	1.184097
1.319784	1.2152299
1.3126023	1.4200099
1.2815427	1.6039613
1.4562414	1.5942981
1.5626835	1.7332041
1.5239565	1.8740238
1.3748527	1.9834358
1.3584692	2.068346
1.283932	2.2158842
1.4353129	2.1453776
1.5125566	2.1917
1.5742111	2.2848234
1.8003677	2.2304823
1.5972942	2.3917446
1.6803992	2.3915515
1.7039058	2.302067
1.7242961	2.0710945
1.5769763	2.0337374
1.1395999	2.1564837
0.84455544	2.1581004
0.74491113	1.9766706
0.75939107	1.919784
0.73716223	1.8871026
0.8143176	1.8261955
0.9060893	1.9387326
1.0395848	2.0285988
1.0075787	1.9624135
1.0051818	1.9374276
1.1747603	2.0362747
1.2201732	2.0876172
1.1896938	2.0240827
1.2673776	1.9675733
1.4823961	1.8669388
1.7299846	1.6081145
1.407091	1.6906216
1.2777439	2.0328918
1.8280711	1.9842495
2.1309059	1.7859272
2.2042077	1.6333451
2.4130542	1.4315702
2.7144172	1.4012102
2.7563434	1.4126568
2.6386197	1.1291087
2.729136	1.2640032
2.902414	1.5824645
3.0437713	1.4911945
3.0933356	1.4169921
3.2428956	1.5390986
3.3574514	1.2812992
3.2612584	0.96755964
3.2890365	1.0029202
3.402631	1.3618317
3.3172166	1.1259413
3.017565	0.9692545
2.958229	1.0637593
3.0096755	1.0252523
2.9398954	1.1128404
2.7999196	1.1710126
2.813905	1.1831613
2.7617176	1.1125118
2.756394	1.1207103
2.8372507	1.1590768
2.9044273	1.1767077
2.698771	1.2642257
2.6695747	1.430084
2.7304704	1.6216238
2.5620353	1.6575651
2.4872258	1.7373121
2.3589315	1.705607
2.2205591	1.775581
2.3124528	1.8911082
2.2336183	1.9758052
2.0524824	2.0608907
1.9654865	2.170986
1.98339	2.338079
1.9070652	2.3922198
1.856425	2.3452277
1.8556906	2.333016
1.9358845	2.3193939
2.0315425	2.0199716
2.0771167	2.0343182
1.930496	2.2438128
1.928969	2.1707423
2.0524075	2.1498876
1.8751934	2.1873527
1.8718203	2.1630344
1.8565111	2.1138206
1.9439738	2.106658
1.9178749	2.1109955
1.642269	2.1995568
1.3645568	2.3106983
1.1775796	2.3020728
1.0123308	2.1457992
0.83040816	1.921951
0.8812393	1.8498027
0.77446187	1.84222
0.6145952	1.8023796
0.5721076	1.8247921
0.5130077	1.8641051
0.49690604	1.7885995
0.5466522	1.7630887
0.7341699	1.8351984
0.923301	1.9709812
0.94914365	2.0519433
0.9769041	2.1076837
1.0496994	2.1320996
1.1450068	2.0852273
1.182565	2.0561848
1.088315	1.991915
0.9992145	1.9525524
1.0124695	1.9913985
1.1643822	2.0635016
1.4353204	2.0533037
1.6617882	2.0298052
1.9146782	2.0529203
2.1460767	2.0845726
2.2643456	2.128332
2.3870008	2.1320655
2.6191714	2.0352287
2.6407988	2.0269294
2.545223	2.13605
2.7080426	2.0788684
2.8060563	2.0196934
2.8072937	2.006915
3.0343926	1.8812454
3.0604615	1.9056977
3.1697874	1.8429528
3.1248784	1.9234587
3.1322038	1.9625038
3.1880882	1.8899692
3.0579915	1.8970182
3.031216	1.8751876
2.9776235	1.9188778
2.9085677	1.9409378
2.830466	1.9374206
2.8159606	1.9901459
2.763618	1.9886152
2.8114736	1.991711
2.8418908	1.9665536
2.7915146	1.927173
2.6908228	2.027522
2.448191	2.047504
2.311549	2.0192285
2.26555	2.1162894
1.9756263	2.1361191
1.6993474	2.0889077
1.4625341	2.0475395
1.3221499	1.9841945
1.2795268	2.026471
1.1482944	1.9928416
1.0328339	2.0613067
0.95098996	2.1264892
0.8427542	2.0500245
0.743362	2.0118492
0.5645222	1.9565659
0.45769903	1.9338278
0.44547194	1.868092
0.48428786	1.7583653
0.49473006	1.7090722
0.5043493	1.770163
0.63242745	1.8801
0.809021	2.002868
0.8786239	2.0693407
0.8648875	2.0725358
0.97156835	2.142364
1.0369736	2.132677
0.9080861	2.0716615
0.97458607	2.1304815
1.1624562	2.151337
1.1588091	2.0982857
1.3759619	2.0871463
1.8352263	2.151374
2.1075213	2.1697693
2.1827538	2.1670895
2.2278533	2.2241094
2.2264009	2.2580075
2.3402722	2.2036502
2.4571233	2.182594
2.4149663	2.194435
2.3408518	2.2092826
2.2100375	2.2384012
2.0529852	2.225013
1.9589913	2.213677
1.9927322	2.1704721
2.0648947	2.2191293
1.9285989	2.2313597
1.8848263	2.2101698
1.9328197	2.160071
1.9390641	2.1404903
1.8666289	2.2864146
2.5732028	1.4894536
2.4855418	1.1803361
1.2223945	1.7899921
0.9401356	1.8148397
1.8019977	1.0812697
1.9932855	0.9860967
1.9540745	1.0490316
2.2798715	0.997501
2.2061634	0.9962998
2.1406164	0.91972095
2.0751941	0.86838645
2.0498095	0.8075447
2.0458264	0.95158255
1.8635068	0.8047078
1.9764993	0.77847844
1.9309999	0.62001395
1.8254627	0.6563932
1.7588558	0.95008624
1.9041481	0.89929163
1.9835238	0.95701873
2.0356207	1.0411633
2.0854719	1.0704236
2.0651448	0.991431
2.1997874	1.0204768
2.0554428	1.0859752
1.8098651	1.1227306
1.7641244	1.1397388
1.4594905	1.1329888
1.2283413	1.3178722
1.1368871	1.2070172
0.9635838	1.1552756
0.9231692	1.1187937
0.8587343	1.1045849
0.9275284	1.0315815
1.0481772	0.944198
0.9786739	1.0191578
1.0440465	1.1525196
1.2542897	1.307527
1.3317873	1.2969474
1.4100062	1.3044605
1.422173	1.2187016
1.3332608	1.1117029
1.3036257	1.0950601
1.3460994	1.0936487
1.3690289	1.1615372
1.3473611	1.3043271
1.2414802	1.4200563
1.0786312	1.443274
1.0836661	1.7415507
1.1042815	1.9551792
0.9536638	1.8907236
0.7744291	1.7154835
0.8540497	1.7177132
0.986051	2.109888
0.980172	2.1417172
1.02597	2.1901379
1.1842164	2.3380442
1.4851823	2.2474122
1.5564289	2.2986612
1.5499806	2.254887
1.2875473	2.1042922
1.1105419	2.1852438
1.2663019	2.152163
1.374183	2.0603044
1.1372247	2.1103828
1.1392998	2.0725381
1.2918189	1.9311621
1.4524013	1.8779814
1.6269433	1.9105284
1.5849297	2.0699441
1.8017979	2.1097093
2.1469266	1.995935
2.1763258	2.0484126
2.3467758	2.0439165
2.32928	2.1383913
2.3873081	2.049817
2.4025126	2.0057752
2.3837893	2.0403464
2.4967256	1.8960856
2.1896095	2.0378556
2.1376154	2.1115937
2.307802	2.0078785
2.14363	1.9744326
1.9634465	2.0822296
2.0686955	2.0886407
2.164175	1.9539692
2.015827	1.9718223
1.9828732	2.0529177
1.6754575	2.1971598
1.548493	2.2227628
1.583051	2.2221882
1.2536694	2.1059232
0.9976457	1.9806654
0.8923524	1.8841968
0.7511224	1.9495848
0.5739415	1.9040112
0.5927529	1.7269334
0.47662437	1.8021168
0.42701995	1.7644792
0.44739398	1.7391524
0.41506237	1.7776669
0.35969335	1.7906979
0.39428565	1.759923
0.62669283	1.8402613
0.97350246	2.056603
1.0604374	2.123173
0.9342005	2.070315
0.9611201	2.1205647
1.0190064	2.1197267
1.0827514	2.042321
1.3081864	2.07821
1.5796577	2.0949798
1.6815968	2.1708813
1.9397795	2.1917195
2.145282	2.1543102
2.249888	2.1580918
2.3048642	2.1430385
2.2869887	2.1662748
2.3069313	2.182966
2.3192883	2.1641564
2.3052623	2.171247
2.3979678	2.0336308
2.4834688	1.9359967
2.3515165	2.0880778
2.308144	2.0624933
2.2644153	2.072462
2.233597	2.1054356
2.2223833	2.066945
2.146898	2.0906863
2.1356366	2.145543
2.1227067	2.2073677
2.1681387	2.1377392
2.082419	2.1043062
2.13201	2.1246202
2.1833518	1.8360589
1.6604733	1.9245832
1.4098771	1.7228098
1.4207994	1.4679767
1.45072	1.3240521
1.4107261	1.3323148
1.5772521	1.2248832
1.4502436	1.2353113
1.2157667	1.2007083
1.4236708	1.0241925
1.2872316	1.0568639
1.2229772	0.93305564
1.1204519	0.9226992
1.1024294	0.8643639
1.1107397	0.8604187
1.1272501	0.93303835
1.3765374	0.8427775
1.5695727	0.9912324
1.6415323	1.0464416
1.5329779	1.0933417
1.5115887	1.1506231
1.5454761	1.1590317
1.4542286	1.1015482
1.3445408	1.1077238
1.4634281	1.1515163
1.4227303	1.1025672
1.5419669	0.9992733
1.8600458	0.9818256
1.9871193	1.0745778
2.4269965	1.2835084
2.6131895	1.3307173
2.6729832	1.2242048
2.7627149	1.1985803
2.8140924	1.1811473
2.9071803	1.1546504
2.915661	1.1073369
3.0799935	1.1267961
3.2158377	1.1872951
3.1770391	1.1338235
3.2143097	1.0489683
3.3129864	1.0797921
3.204752	1.0899432
3.093502	1.0256623
3.0869367	1.0399871
3.0417194	1.127937
2.9342258	1.1801734
2.9177215	1.192761
2.979035	1.22023
2.8612816	1.1005471
2.722256	1.1121249
2.732312	1.1554974
2.6552663	1.1148384
2.4498217	1.2474365
2.3318865	1.3343132
2.336853	1.1918163
1.8839804	1.2918196
1.7168466	1.2349623
1.6945455	1.1858968
1.4833975	1.1592104
1.4805264	1.0697016
1.3558468	1.1374029
1.3355454	1.1750902
1.3631096	1.1780736
1.5096278	1.243173
1.8155713	1.3062488
1.8982908	1.364708
1.9876553	1.3041618
2.0287874	1.2071325
2.0649798	1.2324498
1.9553794	1.257345
2.0582504	1.2787477
1.9284153	1.3268499
1.7724748	1.4329201
1.9404894	1.7168789
1.9635606	1.8248847
1.8690319	1.9376695
2.0643718	2.0060987
2.0914233	2.0542066
1.8700107	2.2381687
1.9103948	2.3582032
1.9605391	2.3858652
2.0893	2.3719888
2.108827	2.4149995
2.0720491	2.4481375
2.0060658	2.4785159
1.9140401	2.381462
2.1511378	2.27876
2.6286073	1.9918346
2.3830664	2.1576176
2.2786765	2.152527
2.0411048	2.2205107
1.704832	2.4444845
1.5881833	2.3581793
1.7609078	2.3486984
2.1572783	2.2234957
2.0870075	2.1130376
1.8573275	2.1866436
2.2010658	2.1384728
2.4861996	2.027949
2.6280699	2.0477598
2.518448	2.1057732
2.6237	2.0716918
2.7566025	2.0732179
2.820744	2.0232146
2.9414132	1.9763274
2.8398583	2.0305274
2.8570504	2.0083761
2.9609256	1.9713931
2.9304569	1.9710051
2.8159554	2.0336676
2.897661	2.0053422
2.935895	1.966018
2.7667873	2.001584
2.6992488	2.0303676
2.7069087	1.9940742
2.8297093	1.9588583
2.7442458	1.9759575
2.5165286	1.9908249
2.5738761	2.0086703
2.7680752	2.017992
2.5509145	2.0778186
2.3156936	2.0542133
2.2280927	2.04651
2.1365452	2.0298512
2.0669506	2.0509942
1.5699997	2.0821128
1.7106357	2.0524983
1.9368968	2.035045
1.5874398	2.0620997
1.4602822	2.071476
1.5361373	2.0779488
1.7708333	2.0706887
1.651737	2.0990028
1.8835819	2.20873
2.010202	2.2257042
1.7102294	2.1683629
1.789979	2.1783807
2.0105784	2.1452308
1.985416	2.1066692
1.9051365	2.113703
1.9800411	2.1363285
1.9745349	2.0903957
1.9054568	1.9428055
2.015357	1.851755
2.052512	1.9589767
2.1197996	1.8700428
2.2494457	1.7234665
2.4061594	1.526912
2.4839046	1.5123521
2.3261125	1.4679343
2.4627836	1.3319626
2.6532028	1.2286897
2.7099776	1.3251835
3.0823677	1.3134162
3.1476328	1.2476046
3.0178323	1.0716808
3.1533623	1.1460305
3.2575238	1.1075974
3.036589	0.9274887
2.8318608	0.97622895
2.8739252	0.8546829
2.8715017	0.83144116
2.8032105	0.88673395
2.7724102	0.8768576
2.7689378	0.88835037
2.7435997	0.86802715
2.7503288	0.87031746
2.686782	0.96129745
2.609074	1.0117953
2.6545815	1.0385013
2.6670575	1.0613152
2.6259832	1.1140255
2.6157768	1.1239531
2.47542	1.1293478
2.3538296	1.1264801
2.0805423	1.1294334
1.9197378	1.0972767
1.8477988	1.126565
1.7225921	1.1778419
1.6593764	1.1392704
1.5701816	1.161748
1.5031466	1.1858909
1.3720626	1.1749032
1.1699141	1.2435768
1.0620699	1.2120326
1.0104403	1.0978928
0.9142207	1.1234783
0.8107463	1.1917161
0.7979384	1.1581072
0.83702326	1.0739653
0.8845639	1.0561845
0.9649866	1.0178357
1.0395436	0.989231
1.138249	1.0509964
1.2186422	1.2024353
1.3412822	1.2914498
1.3795604	1.2690331
1.3681482	1.2088139
1.3692575	1.1755764
1.2892752	1.15175
1.3182863	1.127781
1.5175185	1.161573
1.6230127	1.1875633
1.817444	1.2831225
2.0973253	1.3962252
2.2222445	1.3631498
2.354971	1.3659594
2.4876285	1.4109907
2.5227363	1.3983712
2.6788998	1.338242
2.8766057	1.3218973
2.8228958	1.3255374
2.8827045	1.2915328
3.077859	1.2847996
3.2006383	1.2047126
3.3115304	1.1610335
3.291543	1.1282768
3.2507527	1.1042341
3.2788353	1.1505384
3.209918	1.013608
2.9871473	0.958986
2.8783653	1.0125074
2.8920758	0.9792524
2.86119	1.0002652
2.703559	1.0096742
2.650773	0.9557224
2.735024	0.99068815
2.6818075	1.0261899
2.7351327	1.0859835
2.7465453	1.187336
2.8087664	1.2618959
2.9457896	1.4144913
2.9883397	1.4911765
2.9211583	1.7147745
2.857067	1.7247223
2.9663334	1.7057158
2.8689475	2.0251749
2.8384125	2.06614
2.957506	1.9202819
2.8366172	2.0518441
2.7254353	2.149103
2.7133563	2.1566546
2.6914113	2.1412811
2.7945013	2.1325936
2.8086238	2.1004539
2.6133342	2.1567
2.683008	2.137226
2.75557	2.1314874
2.6446881	2.1981528
2.7254062	2.16002
2.7785358	2.163736
2.6066027	2.0951734
2.575836	2.089454
2.7441912	2.1121752
2.676143	2.0739136
2.6537387	2.0424893
2.7115607	2.0502517
2.6474504	1.841454
2.2708528	1.9340825
1.8891408	1.8950336
1.8851231	1.6046097
1.7817227	1.3933
1.693536	1.2056713
1.7476677	1.1043168
1.5401053	1.2584507
1.6181448	1.1801785
1.8370844	1.0110886
1.7953352	1.0056269
1.5614903	1.0599444
1.4099065	1.0458734
1.191223	1.0622555
1.1179107	0.9988116
1.1015676	0.9534202
1.0793002	0.9265069
1.135079	0.8693362
1.0699478	0.925561
1.0604137	0.97802746
1.0949568	0.90534717
1.0975176	0.8852544
1.2211983	0.89719677
1.3236952	0.93878126
1.3921884	1.05354
1.3766135	1.1048218
1.3641611	1.0807205
1.4872025	1.1010263
1.4806447	1.102568
1.3580103	1.0770832
1.4695288	1.0755606
1.9206831	1.17053
2.0174756	1.2843502
2.1404347	1.4042579
2.238186	1.3870518
2.2941365	1.3703634
2.3848662	1.320788
2.3231785	1.1564736
2.3970733	1.1888015
2.4565423	1.271443
2.5454955	1.1699204
2.491429	0.96603215
2.2964864	1.1261524
2.4483736	1.1840835
2.5133572	0.94410294
2.297888	1.0100957
2.1704228	1.1085094
2.0692468	1.0708618
1.9275783	1.0430485
1.9697611	1.0765098
1.9634609	1.0501561
1.7857594	1.0897694
1.7560133	1.170286
1.7865028	1.2788426
1.6015399	1.445015
1.4747698	1.4526826
1.3649939	1.4071108
1.3245401	1.3776306
1.2674772	1.6656725
1.2589841	1.7517947
1.262908	1.7743483
1.1627374	1.9427009
1.0949267	2.0983276
1.0354782	2.2449665
0.89617306	2.2210572
0.9324663	2.2592716
1.1321379	2.2702777
1.2333432	2.1126323
1.2567552	2.1615317
1.1744828	2.3974757
0.99433804	2.2366216
0.6610312	2.046383
0.63136536	1.9458448
0.79546136	1.6813084
0.8851486	1.7394656
1.037676	1.8825353
1.0594877	1.9456936
1.0868039	1.9072332
1.2125862	1.8280973
1.3572644	1.6938227
1.41641	1.6110017
1.3695449	1.7390178
1.658301	1.6479688
1.8308011	1.5462556
2.1159353	1.4325894
2.2418587	1.5503125
2.2636409	1.6173075
2.434455	1.4085189
2.591452	1.2591194
2.6809995	1.2920318
2.6694162	1.2927114
2.8353384	1.4469084
2.9685671	1.3867164
3.0559826	1.2050803
3.2010636	1.232316
3.3142061	1.2565044
3.387593	1.1577517
3.2179186	0.84308255
3.2088716	0.81709605
3.1354802	0.84763014
2.9512603	0.8459553
2.9008496	0.8603477
2.8426793	0.8211296
2.8294177	0.90534925
2.7498136	0.95069045
2.7250962	0.9638198
2.820337	0.9854366
2.7535968	0.95108575
2.721737	0.96332896
2.6668336	1.1125014
2.514546	1.1954406
2.476517	1.2974801
2.4544282	1.4848969
2.2774239	1.3788139
2.1665857	1.47052
2.146526	1.6308347
2.0286124	1.7737837
1.9146426	1.7986842
1.8876941	1.795745
1.6662147	1.750462
1.5093634	1.7809422
1.3446379	1.8571256
1.0982437	1.8462547
0.90659505	1.8160902
0.7503291	1.8679394
0.7170322	1.9137691
0.64469844	1.8759958
0.6502632	1.8551781
0.7024435	1.9258034
0.6529144	1.908369
0.6034665	1.756246
0.5454781	1.6977332
0.6163257	1.6995066
0.8329478	1.7772582
0.88330287	1.8109508
0.8670018	1.7748103
0.9634133	1.7944354
0.996689	1.8281132
1.0183866	1.8299339
1.137843	1.7974758
1.071595	1.6920776
1.1535994	1.6385921
1.4034338	1.6315341
1.6063772	1.5908432
1.9775913	1.5757715
1.9893371	1.608752
1.9135294	1.5973177
2.0819325	1.3547497
2.2698143	1.2791976
2.4351385	1.2316357
2.4329348	1.2971672
2.465596	1.3893951
2.6554978	1.3957539
2.7586303	1.3138423
2.792217	1.2589321
2.903992	1.2317313
3.0744963	1.240668
3.071978	1.2621545
3.10666	1.2222986
3.3002744	1.1324949
3.320995	1.087777
3.2161217	0.96066874
3.1501906	0.7891008
3.071502	0.6724449
2.9667947	0.7412422
2.8974938	0.909084
2.9031878	0.9820735
2.8853989	0.905903
2.8570771	0.84002835
2.7771077	0.88570726
2.6881852	0.81517625
2.628067	0.90568507
2.7429914	0.99632895
2.7849224	0.93677014
2.677372	0.96759045
2.5644755	1.0008985
2.4241936	0.9872672
2.3000007	1.0552492
2.161738	1.1524861
1.9779161	1.2146415
1.7283226	1.3352481
1.6590273	1.358746
1.5919089	1.2064315
1.461543	1.2883778
1.3228189	1.2487477
1.190943	1.2531375
1.0290406	1.3300807
0.9437472	1.2210137
0.87757456	1.1888064
0.8109479	1.1955799
0.8190962	1.1435546
0.8758253	1.1171366
0.9330182	1.0505633
1.0048975	1.0225021
1.1401374	1.1253444
1.2151575	1.1446863
1.3284217	1.22328
1.361068	1.2478707
1.3098305	1.156112
1.3988905	1.1633424
1.3558499	1.153981
1.3291086	1.1887224
1.3372537	1.2732412
1.3772128	1.3134881
1.3876103	1.47867
1.4165055	1.4533478
1.4449906	1.4674044
1.55752	1.5693305
1.752791	1.6268239
1.8447555	1.8017832
1.9278182	1.7817869
1.9472799	1.8759204
2.051722	1.9167703
2.00838	1.9484872
1.9925228	2.0120249
2.2239904	1.9129769
2.231499	1.9909925
2.1783736	2.1272166
2.2473264	2.1563404
2.311587	2.1344974
2.4004407	2.0418918
2.315291	2.1027966
2.1547415	2.160696
2.1629918	2.0257554
1.9997561	1.9107192
1.8360488	1.8052002
1.9755745	1.8395103
2.095531	1.787206
2.1857433	1.7748318
2.4158132	1.8373675
2.441662	1.9333885
2.6258957	1.941548
2.8075104	1.8524892
2.7436373	1.9747757
2.8164263	2.0174766
2.989546	1.8644485
2.837345	2.0860858
3.194503	1.9127077
3.0635028	2.0184011
2.886432	2.0961769
3.0111368	1.8855622
2.93696	1.9071848
3.018367	1.8836807
3.0151415	1.869172
2.9710722	1.8980896
2.9275002	1.9395571
2.9533992	1.9113226
2.8440998	2.0021472
2.7613478	2.0093737
2.8366058	1.9286677
2.9385521	1.9469873
3.0140693	1.9199008
2.7803779	1.9232359
2.716243	1.936138
2.8442338	1.9159998
2.8063927	1.808679
2.2630806	1.9527835
2.0409842	2.1894665
2.0355618	2.058165
1.7028713	1.7965177
1.6108732	1.7415727
1.4228625	1.8069228
1.2050786	1.7917744
1.2011567	1.8565404
1.2183853	1.9305162
1.0550742	1.8474858
0.93242174	1.8539102
0.84033567	1.9503309
0.9501302	1.9751753
0.7713208	1.8453721
0.6689932	1.793343
0.7535931	1.8590496
0.70488656	1.9242902
0.60470617	1.9251782
0.6464843	1.8597296
0.8910442	1.8496089
0.95437104	1.8684974
0.974041	1.9367847
1.0327342	2.0419617
1.1013582	1.9737458
1.0621164	1.9237909
1.1009178	2.0093844
1.1732823	2.0513344
1.134074	2.04297
1.20278	2.0958467
1.2452296	2.0779278
1.3075161	2.012823
1.3637326	2.0340834
1.4464375	2.0020595
1.5453229	1.8503252
1.5492352	1.7647709
1.56983	1.7542579
1.3625948	1.4713026
1.0498455	1.3809812
1.1711974	1.2155645
1.3608898	1.0172694
1.1291933	1.0849967
1.299175	0.9521912
1.3281871	0.94070095
1.4787621	0.83643216
1.5740279	0.86286885
1.3712251	0.9271419
1.471314	0.98323727
1.552106	1.0005486
1.6114801	0.8862215
1.6443418	1.0211785
1.4652672	0.9366298
1.4308903	1.0218443
1.3335581	1.0311007
1.2861807	0.93975365
1.3558211	0.99911237
1.308943	1.0006666
1.318515	0.981482
1.2193825	1.0194569
1.3191917	1.0704666
1.564062	1.0879197
1.3910671	1.095606
1.4367976	1.195929
1.4239554	1.2420285
1.3563801	1.4253902
1.5504056	1.4721041
1.6734393	1.3647609
1.621261	1.460132
1.7079486	1.5907336
1.7809333	1.7999645
1.8406816	1.7846911
1.7898974	1.7736293
2.0617917	1.7949301
2.199817	1.8395456
2.1495464	1.9330122
2.0711298	2.0637074
1.98825	2.1985428
2.272675	2.1735897
2.3274865	2.1973941
2.3429453	2.2332137
2.328631	2.1372855
2.0705266	2.250394
2.1376603	2.130678
2.1109595	1.8668215
2.1505535	2.0500438
2.07873	1.9789563
2.0544145	1.9662275
2.1075666	1.9822985
2.0897057	1.8862343
2.0350232	1.8019731
1.9132006	1.6688855
1.8946158	1.5819819
1.8504975	1.532758
1.822969	1.616028
1.918015	1.3302308
2.0400398	1.119098
1.9956396	1.2638106
1.9289416	1.2382606
2.0945215	1.0116335
2.11557	1.0018834
1.8903735	0.89704
1.9423983	0.90663344
2.0260348	0.8245714
2.0542874	0.6892256
2.1349888	0.8369723
2.0308213	0.71947616
2.083602	0.6534494
2.205466	0.7014345
2.0256283	0.77213556
1.8136823	0.95850265
1.8619484	0.9542666
1.9993023	0.8369648
2.1417358	0.80644953
2.1887832	0.91435075
1.9505979	0.9503463
1.8054885	1.0588552
1.9078772	1.3563454
1.8571266	1.2697471
2.0404115	1.1556752
2.3963962	1.358909
2.5270443	1.4836168
2.644338	1.6211495
2.5727994	1.70304
2.559511	1.7455782
2.5555978	1.8677684
2.6284568	1.8876497
2.971502	1.8792536
3.000448	1.9782507
3.0371878	1.9995868
2.9952989	2.041289
2.9065044	2.1061966
2.9364455	2.0771616
2.9165323	2.0855534
2.9459996	2.033011
2.860334	1.9996791
2.8282104	2.0446224
2.9961405	1.9277419
2.9409413	1.9308953
2.8692575	1.9304929
2.805727	1.9770181
2.8373103	1.9649645
2.802824	1.9606373
2.8496227	1.9834516
2.8739753	1.9567068
2.717374	1.9746121
2.6561563	1.975071
2.5454469	1.903426
2.2701948	1.7245667
2.226617	1.6767725
2.103134	1.6887772
1.8012573	1.508824
1.9043577	1.2956861
2.1063137	1.1043401
1.9049354	1.209267
1.8359708	1.2849303
2.0862627	0.96728396
2.0297933	1.0016502
2.2131317	0.831509
2.2554238	0.83967775
2.0833864	0.72889394
2.0468369	0.7480731
1.770965	0.84765995
1.8152077	0.7366322
1.769073	0.6732651
1.7152061	0.7052948
1.8268772	0.94050026
1.9476225	0.8057191
1.9002612	0.7965401
1.9079888	0.98455095
1.9742295	1.020453
1.9980513	0.97584385
1.9146411	0.9450051
1.9458143	1.0154103
2.0214415	1.0940031
1.9533179	1.156228
2.0439405	1.1744975
2.1356556	0.9663763
2.292453	1.1746448
2.327484	1.5426345
2.320424	1.5128257
2.3832443	1.6179334
2.486136	1.7670693
2.620224	1.8225505
2.8883605	1.7475822
2.850029	1.9492041
2.7236571	2.0871353
2.79475	2.1195836
2.80822	2.1646166
2.8772912	2.1431704
2.8549528	2.160204
3.018821	1.9913244
2.937922	2.0494988
2.7985306	2.1931758
2.9383154	2.0544066
2.9387798	2.0150719
2.8179603	2.089448
2.7572258	2.0867186
2.7844393	2.0472403
2.7617464	2.0556827
2.8465447	2.0077
2.7006004	2.002007
2.6465042	2.0807028
2.7113755	2.0981712
2.4428854	2.0731378
2.183587	2.1580102
2.209446	2.213336
2.1654477	2.181047
1.7624934	2.141287
1.6330599	2.1099575
1.7168542	2.1342793
1.499726	2.1627688
1.4746933	2.1885414
1.3627887	2.1529691
1.1850635	2.1002872
1.1652684	2.1343155
1.2012658	2.1895556
0.9976141	2.1427655
0.7896943	2.0567932
0.74623483	2.0328782
0.64475256	2.007012
0.51800406	1.9097551
0.46613985	1.8744085
0.44846195	1.8479737
0.45121473	1.7826769
0.49119174	1.74594
0.59169334	1.8061852
0.7036229	1.958243
0.8208761	2.0535095
0.92993665	2.0569382
0.96044743	2.0898755
0.9626675	2.0956995
0.9342665	2.0584753
1.0825003	2.0074475
1.3154881	1.8977827
1.4996451	1.7753359
1.4171281	1.9760356
1.3315161	1.9900672
1.5714653	1.8370612
1.977896	1.5733653
2.1021395	1.361728
2.0208988	1.1720669
1.9765154	1.1902765
2.033101	1.0697196
2.157987	0.89055634
2.4092329	1.0376064
2.634889	1.1626055
2.7246296	1.130941
2.9013448	1.309792
3.043956	1.2988038
3.1326344	1.1286993
3.2500691	1.0969299
3.3962376	1.131957
3.3505878	0.9286041
3.2405887	0.85092264
3.0926292	0.95326906
2.8834345	0.9366954
2.8375008	0.8863016
2.7936728	0.8699295
2.7346447	0.8629983
2.670181	0.9057442
2.5937796	0.9771047
2.6885805	1.0107329
2.7881246	0.9728136
2.584276	1.0046479
2.6037176	1.1224638
2.8401997	1.166025
2.793373	1.4236006
2.6279287	1.6667562
2.6089158	1.6374495
2.7067647	1.5390062
2.8706648	1.734691
2.8495648	1.901023
2.8323853	2.0221355
2.7677336	2.1181853
2.7363405	2.1559222
2.8692641	2.1170359
2.8403535	2.1169758
2.670276	2.227976
2.7086387	2.1798697
2.6566706	2.1826699
2.5864246	2.2353168
2.8323612	1.9812917
3.0436275	1.7710387
2.8594155	1.9352366
2.7503471	2.1051354
2.6687841	2.1357572
2.6134725	2.1048155
2.735485	2.0889602
2.7090166	2.0754097
2.5303593	2.057906
2.3590806	2.1422634
2.2787166	2.1968355
2.184937	2.1499076
2.0848267	2.1444488
2.0401478	2.1171806
1.8412615	2.1557837
1.6969137	2.12955
1.6542246	2.0903523
1.6625844	2.1379209
1.5033839	2.1851728
1.5298697	2.2194333
1.5916688	2.2971714
1.5417327	2.291123
1.7344697	2.2914515
1.6266546	2.2197955
1.6782464	2.1992753
1.8759934	2.2464125
2.0169241	2.2497954
1.9694678	2.229244
1.6845646	2.1464942
1.8422835	2.0170724
1.8433199	1.8941628
1.7116503	1.4831067
1.4582593	1.2900532
0.8955098	1.6299676
0.93560684	1.482528
1.2481297	1.1962284
1.4836509	1.0262814
1.5468726	0.9216225
1.3787346	0.8724924
1.1230923	0.92374045
1.1308464	0.861956
1.3230693	0.7649006
1.2624089	0.8547957
1.3756834	0.7634474
1.4707485	0.7832223
1.4319154	0.9202739
1.505798	0.97855854
1.6406469	0.9876043
1.6774136	0.98644286
1.6081692	1.0779884
1.4863497	1.1377368
1.5621563	1.0946033
1.540069	1.0813123
1.5173374	1.1116188
1.5972445	1.2729957
1.6607224	1.4893801
1.8217415	1.5178992
1.973959	1.5273598
1.971595	1.6615591
2.0058184	1.7941505
1.8915282	1.8694737
1.6836112	1.9920508
1.9180317	1.9513153
1.9011232	1.9890449
2.0484133	2.0037193
2.2737486	1.9868902
2.1754541	2.1824062
2.1568115	2.3175735
2.2517765	2.2913144
2.3804574	2.1601841
2.181183	2.155183
2.0096717	2.0934296
1.9583862	1.9175981
1.930003	1.991558
2.2244215	2.0205004
2.1990263	1.9388202
1.8301048	1.8615154
1.8954325	1.7649939
2.0096855	1.68863
1.9624913	1.4791814
