1.2962527	1.4540014
1.2390324	1.6648592
1.3478862	1.6557039
1.4048665	1.8102291
1.3807896	1.9783509
1.2643412	2.0949893
1.2746104	2.1593907
1.2259523	2.3090885
1.4317993	2.094471
1.5299474	2.0513456
1.7002352	2.2279625
1.8292978	2.0664325
1.5831449	2.1969507
1.6309437	2.2008514
1.600675	2.1202705
1.6277906	1.9498658
1.5370251	1.956568
1.2338808	2.0861661
1.0076425	2.1548536
0.9767811	2.0398073
1.0069549	2.006623
0.99275357	1.9658668
1.0607257	1.903067
1.0916016	1.954723
1.1430073	1.992864
1.1361575	1.9462101
1.1393766	1.9318771
1.200714	1.9711623
1.215711	2.0020463
1.2147701	1.9657503
1.2645768	1.923502
1.3883212	1.8315029
1.5550169	1.6341562
1.3895652	1.7051302
1.2753919	1.9328032
1.586201	1.8564821
1.7883703	1.7033274
1.8789552	1.5754317
2.097092	1.3761925
2.4621398	1.2457688
2.5776262	1.2129266
2.6339445	0.9285226
2.6965015	1.053539
3.038137	1.3223642
3.2715604	1.2310419
3.1739287	1.2332795
3.3257828	1.4039998
3.3773675	1.2007339
3.3390248	0.9122146
3.1660843	1.0664594
3.1572664	1.45654
3.1260617	1.248699
2.9558427	1.1203911
2.8858182	1.2097752
2.94305	1.1842222
2.8704464	1.2588589
2.774174	1.303247
2.7748623	1.3117969
2.74538	1.2464168
2.7363517	1.2506632
2.7776294	1.2868547
2.8175914	1.3059475
2.6659045	1.3652353
2.6337254	1.5130132
2.6406868	1.696269
2.5038087	1.7076343
2.415831	1.7591798
2.2767403	1.6954963
2.097014	1.7230467
2.1287	1.8346719
1.9993259	1.8788763
1.7508758	1.9482868
1.6395338	2.0322816
1.6863636	2.220443
1.7000729	2.2269673
1.7496009	2.1299756
1.8133427	2.1210415
1.9226714	2.1243918
2.0347934	1.8845847
2.07554	1.9182907
1.936889	2.078303
1.9456265	2.0318327
2.0473301	2.032134
1.8991976	2.0658147
1.899522	2.054626
1.8883328	2.0258925
1.9550211	2.0240226
1.9274912	2.0301108
1.697562	2.109124
1.4168241	2.2237446
1.2362993	2.2567258
1.1452396	2.1815214
1.0197104	2.0534997
1.0985717	1.9910733
1.0026727	1.9868879
0.8202131	1.9573448
0.80771035	1.9742098
0.76931316	2.0002325
0.7627495	1.9138787
0.8340105	1.867798
0.9788893	1.8783708
1.0514694	1.9344056
1.037967	1.9831132
1.0398511	2.02289
1.0745305	2.0345528
1.139643	1.9945015
1.169932	1.9740468
1.1385756	1.9436057
1.1056058	1.9279542
1.0996649	1.9490165
1.1607758	1.9790368
1.3014843	1.9484849
1.4273007	1.9269074
1.590592	1.9434111
1.8067617	1.9904066
2.0186634	2.0627427
2.2748058	2.0971348
2.6237547	2.008322
2.5624757	2.0168784
2.5397437	2.142536
2.8429973	2.1209261
2.883791	2.0842915
2.80933	2.06955
3.081232	1.9842092
3.1391766	2.0182679
3.2022943	1.9553155
3.1680036	2.041481
3.177098	2.0692878
3.1319153	1.9913949
2.9078038	1.9195825
2.867163	1.878474
2.8320384	1.8943057
2.780792	1.8909906
2.712288	1.8642246
2.7134295	1.9098431
2.66812	1.8951861
2.7104306	1.912124
2.7309306	1.8946524
2.67994	1.8466004
2.6079855	1.9165558
2.4090614	1.8910838
2.2958157	1.8602873
2.242861	1.9488258
1.9885714	1.9519426
1.7502459	1.9276739
1.5289311	1.9302306
1.411223	1.9144099
1.3868632	1.9861438
1.2495391	1.9918835
1.0976952	2.088159
0.9899212	2.167848
0.9390599	2.1439543
0.8708222	2.1458726
0.66323835	2.1489727
0.5461557	2.156251
0.6237642	2.0779195
0.71456456	1.9387366
0.74777275	1.8538384
0.797603	1.8872236
0.89125526	1.9288409
0.964658	1.9758883
0.9804474	2.0047572
0.97180355	2.012494
1.0109446	2.0486333
1.0486662	2.0345714
1.0030283	2.0156896
1.0275577	2.0518868
1.1180292	2.0431578
1.1347942	2.0151112
1.2548366	1.9919475
1.5093455	2.0379953
1.78767	2.1075404
1.8895103	2.1199124
2.052176	2.2143888
2.1024904	2.2630036
2.1871521	2.2190948
2.403752	2.234198
2.316848	2.230689
2.2261715	2.237494
2.1058943	2.2412457
1.9802095	2.212832
1.9092	2.200445
1.9413341	2.1618915
1.9980339	2.2021253
1.8945895	2.1982965
1.8669524	2.184991
1.9002087	2.1434844
1.9086643	2.1253145
1.8456466	2.2324817
2.4231393	1.6287781
2.433509	1.3579698
1.3811811	1.8085542
1.0463717	1.8296058
1.8024836	1.0460404
2.0122592	0.90176135
1.9525954	0.95305973
2.3199954	0.8647168
2.239583	0.8877976
2.1820977	0.8166293
2.1151702	0.815195
2.0749826	0.80294716
2.0326045	1.062471
1.85178	0.90561795
1.9700803	0.88444096
1.9550084	0.5949834
1.8228738	0.62919116
1.807634	0.9736893
1.9218537	0.91475713
1.9710135	0.9519801
1.9908998	1.0343829
2.0169985	1.0507064
2.0130904	0.9754737
2.0927086	0.9961982
1.9885747	1.0642179
1.8201325	1.1112635
1.7864479	1.1353718
1.5478252	1.140928
1.2830207	1.394988
1.2136116	1.2624854
0.9296562	1.2433336
0.89317787	1.1737769
0.80112	1.1631285
0.9263079	1.0092294
1.0776435	0.87619185
1.0590574	0.9617788
1.178999	1.1218446
1.3240335	1.2479554
1.3546517	1.2568367
1.3909613	1.2732984
1.4064635	1.2053534
1.3509574	1.117201
1.3296827	1.1015233
1.3648765	1.0859704
1.3755964	1.1508951
1.339042	1.2977501
1.2319789	1.4466544
1.0811684	1.5238459
0.988009	1.8806694
0.90579575	2.1580563
0.8033181	2.0792644
0.7122053	1.904507
0.78584224	1.8583796
0.7594537	2.212829
0.77161676	2.2107713
0.8591834	2.150161
1.0167128	2.364922
1.3269008	2.1593983
1.437768	2.187571
1.4112215	2.0735335
1.2622514	1.9678555
1.1465456	2.0518966
1.246381	2.025344
1.3206068	1.9567654
1.1849453	2.0312865
1.1958222	2.0016341
1.3013362	1.9007812
1.3928784	1.843475
1.4774882	1.851004
1.440674	1.9602239
1.5788468	1.9837971
1.8242767	1.8954489
1.8757015	1.9498228
2.0829952	1.9496433
2.1457868	2.0670087
2.1656854	1.9674457
2.1670125	1.9551041
2.1899369	1.9669958
2.2795002	1.8566489
2.0425673	1.962384
2.024732	2.0125449
2.1618454	1.9389207
2.0397332	1.9138653
1.908986	1.9907933
1.9924392	1.9913414
2.0663912	1.8961511
1.9622873	1.9087869
1.9355446	1.9593152
1.6853865	2.0805168
1.5801345	2.112372
1.6036469	2.1257997
1.3678225	2.0773335
1.1743615	2.038135
1.0918286	1.9749739
0.9565966	2.0551374
0.76698095	2.0387604
0.7970558	1.8638161
0.7077763	1.9402059
0.6507345	1.8780057
0.7143954	1.841104
0.6905282	1.8595059
0.6182773	1.8725209
0.649902	1.8176807
0.8097714	1.8248909
0.92633855	1.9200537
0.96323574	1.9642457
0.9329653	1.9460517
0.95253503	1.9930167
0.98718214	1.9852082
1.0546204	1.9338549
1.1659124	1.9437796
1.3125577	1.9516516
1.3914281	2.0273607
1.6273495	2.0869427
1.8448576	2.0885684
2.007018	2.1143358
2.0632763	2.1045775
2.0615547	2.1338687
2.1178336	2.1602116
2.1255348	2.1477191
2.1309025	2.1547022
2.1889963	2.0319743
2.2687175	1.9612681
2.1998622	2.0650702
2.1729429	2.028878
2.1460273	2.0406191
2.1364448	2.0549335
2.1285725	2.029012
2.0790195	2.0375137
2.0775297	2.0787683
2.0765827	2.132014
2.1119096	2.0787804
2.0436013	2.0573068
2.0886576	2.0679703
2.1302485	1.8524135
1.7550796	1.9254938
1.5580323	1.7518072
1.5404149	1.5414677
1.5041027	1.3356249
1.4655994	1.3283014
1.5991331	1.1734042
1.4779656	1.1682787
1.1288366	1.0103245
1.3342551	0.74319625
1.3567199	0.9918958
1.2127775	0.81549346
1.0246966	0.74871415
0.91062236	0.6720396
0.9559319	0.7784756
1.1117857	0.96366835
1.3651569	0.8378479
1.5463504	0.9752924
1.625991	0.9882848
1.5576612	1.0450113
1.5592399	1.0856248
1.5779685	1.0972089
1.5283809	1.0443217
1.4402993	1.0694643
1.5362803	1.0898857
1.4986476	1.0494709
1.6218603	0.9169654
1.8614916	0.8529716
1.968644	0.9024066
2.3095093	1.0533749
2.5161357	1.1019796
2.5815382	1.0181184
2.6711652	1.019795
2.6887107	1.0518123
2.7436392	1.0659472
2.6870234	1.0553939
2.8154619	1.1241064
2.9524288	1.2538383
2.8293176	1.1830877
2.862639	1.0813324
2.9585986	1.1207513
2.8646476	1.1309799
2.81488	1.0739375
2.8297803	1.1031222
2.8052971	1.2016364
2.748939	1.2598152
2.7627556	1.2877086
2.8143637	1.3281766
2.763845	1.2203549
2.6924999	1.230979
2.6883445	1.2652712
2.6420867	1.2242752
2.4847841	1.3222702
2.374387	1.3887254
2.3773143	1.2485926
1.919462	1.2895601
1.6903758	1.2015058
1.597128	1.165665
1.2202764	1.1436849
1.2183292	1.0720575
1.2061459	1.229165
1.2796282	1.2971936
1.3780427	1.312248
1.5470142	1.3777473
1.8086804	1.4225996
1.8668617	1.4761834
1.940822	1.4149746
1.9794364	1.327946
2.0011697	1.3522291
1.912523	1.3784612
1.9856806	1.3988117
1.8816752	1.4492947
1.7362549	1.5631739
1.8572588	1.8645519
1.8830538	1.9901863
1.7890273	2.0615613
2.0390573	2.1128283
2.091182	2.0340073
1.7830139	2.150525
1.8882279	2.260821
1.9741821	2.201708
2.1316657	2.1672888
2.19855	2.2623913
2.1416166	2.3187003
2.0547168	2.3664563
1.9170883	2.220763
2.1434944	2.177865
2.5423553	1.9677991
2.3424218	2.1126919
2.2486997	2.066159
2.0535753	2.14139
1.7275671	2.3238351
1.6470169	2.2700722
1.8069632	2.2725458
2.1343055	2.1933727
2.070274	2.1077418
1.8990024	2.1516566
2.160883	2.1174471
2.3880427	2.0549521
2.5523052	2.085075
2.4592528	2.111931
2.560166	2.090051
2.7400334	2.1302652
2.7654955	2.077376
2.8890007	2.0615857
2.7636535	2.072288
2.7492034	2.0418825
2.8524585	2.0256405
2.7958314	2.001809
2.6903343	2.0225408
2.769822	2.0082057
2.7881737	1.9742793
2.6303418	1.9535878
2.5809772	1.9612463
2.578958	1.9262177
2.680572	1.9184242
2.6080785	1.9113408
2.4315283	1.880208
2.477606	1.9032913
2.6436217	1.9530385
2.4575052	1.9671724
2.276057	1.9128335
2.2066505	1.9114608
2.1336334	1.894585
2.076397	1.9204669
1.6355125	1.9516389
1.7944486	1.9370004
1.9925387	1.958266
1.6979827	1.9840161
1.5820675	2.009055
1.6614039	2.0214279
1.85615	2.015189
1.7523283	2.0438864
1.9178758	2.1210167
2.0102048	2.144647
1.779163	2.1042454
1.8365723	2.115704
2.0000777	2.0909507
1.9798981	2.0650177
1.9186714	2.0651615
1.970522	2.08184
1.9636527	2.0461695
1.9257948	1.9391948
2.0063758	1.8646836
2.0198522	1.9254181
2.0739195	1.8438302
2.177045	1.7367418
2.3183148	1.5613291
2.386828	1.5309739
2.2718382	1.4589695
2.4039335	1.3304521
2.5993257	1.1991926
2.617725	1.2773712
3.0132258	1.233598
3.0973256	1.1771678
2.9087775	1.0687919
2.9947832	1.163082
3.0822527	1.1651585
2.9290173	1.0101839
2.724853	1.0819399
2.8008087	0.9633597
2.8038535	0.94252336
2.7355595	1.0027299
2.7101538	0.9886118
2.7043488	0.9968777
2.687899	0.9725918
2.6909823	0.9715986
2.6246188	1.0482268
2.562944	1.0853047
2.5861218	1.1117216
2.5891032	1.1341846
2.5550065	1.1761221
2.5466259	1.1847439
2.449586	1.1825116
2.362336	1.167745
2.1348078	1.138671
1.9725641	1.0777413
1.872145	1.1145464
1.722126	1.1807466
1.636299	1.1563843
1.5258602	1.2059371
1.4615046	1.2616493
1.3021708	1.272165
1.0128446	1.390079
0.9038152	1.365912
0.8483073	1.2043457
0.7848603	1.241902
0.742776	1.3420337
0.7488226	1.2879598
0.7581364	1.1513637
0.8518551	1.1267283
0.94426507	1.063312
1.0185318	1.0189242
1.1346879	1.0845802
1.1954436	1.2315581
1.262849	1.303042
1.2855923	1.2940936
1.2844272	1.2451117
1.2957857	1.2197094
1.2442971	1.2020375
1.2750064	1.1744858
1.4157164	1.1779641
1.500607	1.1827075
1.6500381	1.2465197
1.880597	1.3288429
2.0312662	1.2898688
2.212517	1.2943674
2.406858	1.3470037
2.476709	1.3555406
2.6694326	1.3041847
2.9583876	1.319405
2.7957253	1.3806826
2.7684793	1.3991414
2.9849784	1.4327973
3.0095553	1.3482708
3.0647357	1.2930961
2.9895504	1.2396667
2.9506128	1.2038283
2.9827979	1.252081
2.967639	1.1103625
2.832941	1.0654395
2.7592566	1.1177096
2.7767951	1.0882775
2.7596045	1.1111509
2.6545	1.1084745
2.6301577	1.0546687
2.670657	1.0878661
2.6288757	1.1137733
2.656021	1.173542
2.6473124	1.2657782
2.69231	1.3483905
2.7799988	1.5166366
2.8298895	1.6133758
2.8194847	1.8805717
2.777223	1.8598425
2.8779721	1.8166783
2.9072132	2.3366501
2.8918428	2.3308823
2.939332	1.9460032
2.8570857	2.0591204
2.773004	2.1669824
2.7456431	2.1121225
2.695174	2.03739
2.8024292	2.0610352
2.7874897	2.010157
2.5912383	2.0154467
2.6530347	2.0178778
2.7137709	2.0533795
2.6184165	2.1094599
2.6832302	2.0971427
2.744157	2.1403568
2.530676	1.9909047
2.501904	1.9908348
2.6586165	2.0633068
2.5770538	2.0053964
2.5501068	1.966744
2.5961027	1.9908947
2.529007	1.798045
2.2613676	1.8307729
1.9745289	1.7554456
1.9825101	1.5601245
1.8557098	1.3577973
1.6248552	1.0786878
1.5500407	0.90825695
1.3604864	1.0815152
1.3516932	0.99542916
1.5555067	0.8024117
1.4827142	0.8275587
1.1311616	0.8812507
1.0511614	0.9391781
1.0358179	1.0599098
0.9834202	1.0188407
0.9894723	0.9575396
0.9696816	0.9138672
1.0406871	0.7954793
1.0493907	0.8952294
1.1265359	0.9591751
1.1115994	0.8076697
1.0946507	0.7433342
1.3120111	0.7533534
1.4247361	0.783171
1.4895991	0.8788365
1.4674482	0.92308706
1.4609251	0.90900815
1.5366572	0.9156442
1.5343741	0.9216344
1.447015	0.9167648
1.5343316	0.9032728
1.8187389	0.9320983
1.8843398	1.0320938
2.003516	1.1666073
2.1016502	1.1648285
2.1828353	1.1883967
2.2814534	1.1438686
2.2560997	1.010063
2.3219771	1.0557085
2.3696089	1.1579459
2.4379377	1.0693467
2.4000275	0.8848166
2.198832	1.0959619
2.281688	1.1472851
2.3590336	0.9147713
2.1732118	1.0040569
2.0649211	1.0988325
2.003531	1.0703561
1.9133657	1.0450584
1.9364297	1.0801924
1.9354681	1.0470184
1.8085834	1.0948437
1.7764639	1.1764728
1.7833445	1.3026578
1.6095809	1.5166447
1.4954187	1.5576627
1.4086487	1.5300097
1.3810331	1.5086368
1.2570091	1.8595006
1.2319852	1.9594878
1.2880678	1.9159583
1.146925	2.0965533
1.063891	2.2176034
1.0043721	2.3254137
0.93051517	2.1726482
1.0074638	2.1119232
1.2003014	2.0652938
1.2979447	1.9040296
1.2979188	1.9520783
1.1761643	2.1968558
1.0819118	2.0867336
0.88363916	2.0458949
0.8839767	1.962557
1.042385	1.740623
1.0933435	1.7658356
1.1452239	1.8350118
1.1413847	1.8726922
1.1629434	1.8408678
1.2421501	1.7773577
1.3319408	1.6696931
1.3749096	1.6043657
1.3377472	1.685774
1.5051019	1.5854597
1.6166558	1.4984052
1.8384693	1.3634197
1.9260103	1.4302728
2.000396	1.4567562
2.1919022	1.2602963
2.4580867	1.0675602
2.6117148	1.0620823
2.6506727	1.0743427
2.9147065	1.1922036
3.1880636	1.1431587
3.3372493	0.97525483
3.338113	1.101207
3.2081673	1.2371919
3.2051563	1.1990241
3.14585	0.88519067
3.1215343	0.89247346
2.9977314	0.9579776
2.8631644	0.9712092
2.8157978	0.9785371
2.7865465	0.938627
2.752153	1.019699
2.6881042	1.0527496
2.6706765	1.0622773
2.7242186	1.087328
2.68418	1.0486562
2.6670663	1.0619249
2.6057043	1.1914364
2.5024865	1.2585913
2.4638596	1.3526026
2.418748	1.5396848
2.2911956	1.4173932
2.1613545	1.5027514
2.0726552	1.6756675
1.8533217	1.83099
1.6610669	1.8516653
1.5965688	1.8053254
1.3036585	1.7632504
1.0810306	1.7764062
0.9074155	1.8482165
0.7109189	1.8073206
0.70357156	1.7484534
0.70392257	1.784221
0.8060878	1.8195201
0.8181799	1.7992034
0.8688624	1.7847127
0.93065536	1.8435036
0.88989604	1.8468616
0.8755434	1.7406732
0.81970364	1.7058775
0.88176244	1.6997508
1.0135248	1.7264961
1.0228993	1.743042
1.0174701	1.7210727
1.0628109	1.7237505
1.0718961	1.74222
1.0839761	1.7425289
1.1528556	1.7072288
1.1387167	1.642433
1.1964114	1.5970025
1.318312	1.5651541
1.4418598	1.5153275
1.6674877	1.4657631
1.7035537	1.4818343
1.7003045	1.4745497
1.8685956	1.2699224
2.066107	1.1668177
2.291371	1.0714037
2.3103907	1.1292627
2.3907268	1.2047282
2.662824	1.1747655
2.854329	1.0999402
2.8874319	1.0784874
3.0037754	1.1037691
3.1740654	1.1411421
2.9242299	1.2683436
2.8490477	1.2782369
3.0743334	1.1982889
3.0760381	1.1729698
3.0014865	1.0626276
3.0345619	0.8760404
3.0173018	0.7371979
2.8856106	0.84471095
2.780307	1.0125369
2.7735665	1.0828906
2.7765126	1.0144937
2.7757883	0.95509267
2.7086666	0.9917675
2.66001	0.9145758
2.6048234	0.9939574
2.650661	1.0774975
2.683011	1.0228555
2.618599	1.0496175
2.541718	1.0672814
2.4528637	1.038829
2.354083	1.0835569
2.231122	1.1584773
2.062408	1.2053332
1.762545	1.3329082
1.6432402	1.3732281
1.5425904	1.2149072
1.3193502	1.3514366
1.1336063	1.3486177
0.9095142	1.3970226
0.77530926	1.5386927
0.74283075	1.3911834
0.75485325	1.3417535
0.7427479	1.3528199
0.777013	1.2756032
0.9009725	1.2428699
0.93453926	1.1443638
1.0163411	1.1081514
1.1883844	1.2279068
1.2439861	1.2337556
1.3223743	1.3032006
1.3427175	1.3159732
1.3116261	1.2403356
1.3772391	1.234396
1.3495969	1.2249513
1.3346972	1.2587924
1.3288153	1.3405588
1.356208	1.3794496
1.3311087	1.5496287
1.3634086	1.5274326
1.3733755	1.5570165
1.456691	1.6394929
1.6145203	1.6796702
1.7447714	1.8622583
1.8641546	1.8164802
1.9828626	1.888552
2.2186453	1.9372168
2.1825244	1.8720896
2.1933315	1.8829203
2.3596385	1.7137194
2.321303	1.7510861
2.2979836	1.8847992
2.324581	1.9040178
2.3296711	1.8778486
2.3554623	1.7999324
2.270995	1.8688332
2.1150284	1.9223807
2.1100998	1.8234814
1.9813651	1.7474365
1.863213	1.679505
1.9646897	1.7014292
2.0560408	1.6536646
2.1277173	1.646106
2.318304	1.6827427
2.3536062	1.7637258
2.550735	1.7875499
2.7311902	1.7383136
2.6928294	1.8566108
2.8149555	1.9277531
2.9217732	1.8095634
2.8675609	2.0506349
3.33672	1.9649428
3.1751254	2.0893757
2.852628	2.068019
2.8509355	1.8764662
2.785041	1.8593925
2.8627207	1.8595347
2.8655272	1.836622
2.8357806	1.8514843
2.8128772	1.8724076
2.8343782	1.8526267
2.7571394	1.9162103
2.6886094	1.8999648
2.736467	1.8468156
2.8321748	1.8908739
2.9078522	1.8849131
2.6936076	1.8281126
2.6536546	1.8218023
2.7438323	1.8349855
2.7096257	1.7367027
2.2888565	1.7792888
2.0394235	1.9603022
2.0528755	1.8667448
1.8111091	1.673326
1.723961	1.6383241
1.5182983	1.7111841
1.2185196	1.709103
1.2649884	1.8046397
1.3081976	1.8832604
1.1350893	1.8403552
0.99473846	1.8714545
0.91817296	1.9830164
1.1001471	1.9859227
0.95228654	1.920933
0.83189493	1.88599
0.98659736	1.9313483
0.9455786	1.983217
0.85878104	2.000184
0.9184419	1.9320326
1.0985682	1.884253
1.120877	1.8761768
1.1198156	1.9170222
1.1227728	1.9751338
1.1716601	1.9209864
1.1567175	1.8946066
1.1612394	1.9460866
1.1869996	1.9640235
1.1715649	1.9682724
1.1982188	2.000886
1.2245303	1.9872885
1.2736953	1.9436585
1.3018814	1.9546974
1.3518646	1.9270946
1.4286591	1.820342
1.4497355	1.7607538
1.4706137	1.7387896
1.4051073	1.5386057
1.2075359	1.4422872
1.2745181	1.2361046
1.3988267	0.96857893
1.2101549	1.0617483
1.3360953	0.9363881
1.3313748	0.97217005
1.4503237	0.88192415
1.5026873	0.95641094
1.3250625	1.0734193
1.4166889	1.1370306
1.4786525	1.1482553
1.5612235	1.0091686
1.5920632	1.1313972
1.4771844	1.0330033
1.4652199	1.1160291
1.3919468	1.1021693
1.3448633	0.9769989
1.4232434	1.029068
1.3956237	1.0020884
1.4060708	0.9677554
1.320364	0.9938151
1.4215204	1.031115
1.5946048	1.0078313
1.4729246	1.0385365
1.5065244	1.1241788
1.4760443	1.1818321
1.391064	1.4002719
1.5141528	1.4318105
1.5991108	1.351476
1.5591733	1.4690192
1.6222954	1.6116035
1.6880533	1.8782638
1.7758762	1.8543854
1.7490385	1.8150045
2.0962603	1.8343796
2.392796	1.8786951
2.4729497	1.9794335
2.5402288	2.0994663
2.408588	2.1753082
2.520241	1.9886799
2.4557452	1.9791439
2.4276142	2.0278528
2.2981112	1.9090503
2.0472043	2.0248978
2.0986865	1.9203764
2.0810893	1.7460867
2.1096451	1.8797209
2.0505962	1.8239548
2.0355585	1.8297337
2.0727735	1.8364016
2.0662577	1.7722774
2.025656	1.7128315
1.9431018	1.6128975
1.92709	1.5363753
1.8863547	1.4853624
1.8564309	1.534013
1.9256063	1.2817141
2.0275977	1.0592607
1.9784942	1.1919669
1.9056298	1.16143
2.0638309	0.9209976
2.0876966	0.9331271
1.7855183	0.8072661
1.8759978	0.9008114
2.0240731	0.9129296
2.0740178	0.70040166
2.107099	0.9677478
2.028082	0.79430735
2.0843432	0.6928311
2.1736333	0.72842807
2.0183003	0.78621185
1.8417954	0.9530461
1.8765373	0.938527
1.9841701	0.8089848
2.0814357	0.7685884
2.083805	0.86053467
1.9254267	0.8878753
1.8162185	0.999043
1.8353242	1.3132172
1.8214409	1.2325664
1.9667113	1.1420897
2.183048	1.3668995
2.2940793	1.5676081
2.4563437	1.8728019
2.408696	2.0124962
2.3820338	2.0221148
2.4004376	2.186739
2.4314883	2.100254
2.8308716	2.064822
3.0311491	2.2563696
3.0273232	2.171686
2.9700558	2.1179872
2.908836	2.1713636
2.915543	2.0706325
2.899783	2.0550106
2.8927426	1.970176
2.7778742	1.8912007
2.767547	1.9384532
2.9005914	1.8625039
2.8427198	1.854547
2.7867362	1.8318237
2.728432	1.8650277
2.7601895	1.8600633
2.7183344	1.8564413
2.7737021	1.8903769
2.7794135	1.8746308
2.6510663	1.8547314
2.5944648	1.8458065
2.4984865	1.7713736
2.3055983	1.615614
2.266049	1.5770681
2.1527739	1.5726608
1.8898022	1.3943833
1.9296154	1.2177433
2.0530527	1.0530235
1.8520944	1.1123265
1.7659116	1.1742011
1.885108	0.8367273
1.8118843	0.8871379
1.9541391	0.70598817
2.0451899	0.77459466
1.7735224	0.596629
1.7591809	0.66079754
1.727777	0.91998
1.7390952	0.7524583
1.7433071	0.61495733
1.7100006	0.6529513
1.857359	0.93535864
1.9584094	0.77479434
1.9230473	0.75484806
1.9030708	0.92987794
1.938642	0.9541239
1.9595915	0.91242737
1.9098313	0.8791577
1.9185898	0.94767684
1.953467	1.0151864
1.9037591	1.0908715
1.9585247	1.1131878
2.0482914	0.9148031
2.1185844	1.1282549
2.1224606	1.5844656
2.125808	1.5731616
2.2015233	1.7860967
2.3596888	2.1416078
2.5793762	2.3133905
2.8040345	2.107119
2.837938	2.3049781
2.7002373	2.4898198
2.7390664	2.255999
2.8525326	2.3067195
2.9365377	2.2192094
2.9062026	2.1908724
2.944689	1.9412972
2.882139	2.0007403
2.846509	2.20462
2.887342	2.0147188
2.8560803	1.9682558
2.759374	2.0172503
2.694064	1.994444
2.7049923	1.9648912
2.6814613	1.9728556
2.7459092	1.9444435
2.6055622	1.9066843
2.580969	1.970467
2.6346412	2.014086
2.3945813	1.9320843
2.1813354	1.9860125
2.190638	2.052246
2.150022	2.036441
1.8187777	1.9980458
1.7145199	1.9917085
1.8061845	2.0382707
1.6052421	2.0870595
1.5842373	2.1227016
1.5016031	2.126666
1.3256469	2.11861
1.3082712	2.157075
1.3354847	2.2013075
1.1390529	2.207607
0.9255501	2.1906264
0.92633265	2.1877265
0.8407682	2.1939747
0.70694315	2.1312454
0.6730343	2.096008
0.6926226	2.0446017
0.7157529	1.9530654
0.7824956	1.8805674
0.8779407	1.8936244
0.9111326	1.9666632
0.94829655	2.0061836
1.0034075	1.9883832
1.0159754	2.0099814
1.0168403	2.014023
1.0117484	1.9969462
1.1020594	1.9423709
1.2303109	1.8476663
1.3421375	1.750358
1.2861394	1.8857733
1.2552719	1.8936435
1.4037552	1.7838258
1.6534708	1.5605861
1.7922498	1.379933
1.8328398	1.1904374
1.8195095	1.1922685
1.9296229	1.0294487
2.185467	0.7525988
2.3935552	0.8742087
2.6983883	0.9429232
2.918891	0.89748317
3.2295172	1.0982109
3.4696171	1.1471021
3.3275592	1.0387272
3.1627474	1.1198409
3.1935494	1.2063844
3.1754453	0.99347675
3.0790815	0.9365752
2.9007413	1.062688
2.7638764	1.0432488
2.7470171	0.9901878
2.71932	0.9713707
2.6776915	0.956831
2.6233711	0.9875592
2.5576224	1.0450112
2.6077626	1.0799878
2.6736221	1.0486618
2.5439312	1.0688078
2.543874	1.1792215
2.6815298	1.2344439
2.6460013	1.5007923
2.5339053	1.7799158
2.5268517	1.7253112
2.6024508	1.6094712
2.7317965	1.8455138
2.748969	2.0827043
2.7908034	2.2460682
2.7695947	2.3671596
2.747682	2.2884665
2.9023173	2.179713
2.843897	2.094417
2.7100377	2.2156804
2.7101142	2.1012597
2.635262	2.0735545
2.575935	2.136063
2.7286928	1.899148
2.876583	1.7703556
2.7436228	1.8617653
2.6992412	2.0097206
2.6191058	2.0282881
2.553252	1.9819275
2.6523676	2.0072727
2.6205022	1.9875388
2.4650538	1.9370759
2.3221369	1.9939065
2.2489598	2.0422268
2.1719692	2.0029533
2.0889244	2.0043583
2.053388	1.9894124
1.8950572	2.0345387
1.779654	2.0209246
1.7667181	2.0155268
1.7695829	2.0636933
1.6193571	2.1226509
1.6407452	2.155981
1.6829174	2.2317545
1.6390113	2.2333257
1.8030384	2.238041
1.7165694	2.191578
1.7593513	2.1785681
1.8891387	2.2095602
1.9999663	2.2201655
1.9576858	2.1989422
1.756027	2.1365435
1.8762634	2.0402243
1.8762692	1.9486278
1.8045496	1.6243045
1.521136	1.3609604
0.9726645	1.6691788
0.9447267	1.4460043
1.167316	1.0158198
1.4411219	0.74724495
1.5711838	0.60466665
1.3855648	0.47849792
1.0348622	0.73646265
1.0048587	0.7648521
1.2764851	0.64265525
1.2585995	0.8493174
1.3947096	0.6403528
1.5317928	0.67151135
1.5515242	0.79648113
1.6227984	0.8325754
1.7359192	0.8048944
1.7758036	0.7915469
1.7263275	0.8773603
1.6379946	0.95175874
1.7018272	0.9042772
1.6779135	0.90296054
1.6642115	0.93397826
1.6832474	1.0955467
1.6870679	1.326761
1.7870984	1.3818383
1.9027939	1.4328437
1.9144695	1.6447482
1.9959993	1.8795904
1.9065994	1.9982715
1.7253665	2.146216
2.0422647	2.0515208
2.0703511	1.9958305
2.3465703	1.99183
2.7811852	1.9429516
2.7099755	2.1575
2.46772	2.211509
2.3439293	2.0887268
2.3725672	1.9488367
2.142344	1.9395407
1.9882315	1.8949685
1.9593102	1.7754282
1.9316186	1.8368032
2.1687427	1.8574791
2.1444821	1.8045586
1.8680226	1.7513384
1.9231623	1.6806513
2.0071023	1.6176336
1.9776495	1.450132
2.0077322	1.407158
1.8541704	1.4541838
1.7440151	1.3329142
