1.1922345	0.9100918
1.1009269	0.7726452
1.0395765	0.85706097
0.9390525	0.97535014
1.0764704	0.8369774
1.0758935	0.9822153
1.1821158	1.0328208
1.276547	1.0457195
1.2985157	1.0493536
1.2671138	1.1589514
1.357425	1.1616969
1.4151771	1.1124779
1.3554412	1.1301782
1.3725377	1.1388558
1.444199	1.1275252
1.4758787	1.1352134
1.3696474	1.1701751
1.3715891	1.1972646
1.309657	1.3814576
1.2481147	1.5619217
1.3686099	1.576744
1.41786	1.73642
1.383484	1.9069674
1.2671686	2.050847
1.271512	2.1391964
1.2229743	2.2893822
1.4474211	2.0851414
1.5828664	2.0050833
1.7805635	2.1662679
1.94211	2.0081375
1.7581716	2.1181831
1.8261615	2.1321154
1.7964342	2.0745957
1.7977972	1.9430169
1.701573	1.9545208
1.3997537	2.0475156
1.1422071	2.106985
1.0624533	2.0137851
1.048971	1.9940063
0.9952116	1.9555181
1.0244688	1.9133942
1.0510182	1.9542955
1.107005	1.9841032
1.0701989	1.9509081
1.0638537	1.9426863
1.1377993	1.9724522
1.1595443	1.9999644
1.1504703	1.97082
1.2052257	1.9385391
1.3320203	1.8602082
1.4881296	1.6939986
1.333942	1.7388593
1.2824773	1.9089597
1.6109483	1.8538615
1.8084383	1.7377428
1.9129775	1.6220938
2.1203246	1.4506668
2.4724286	1.3464576
2.584004	1.3076265
2.6370645	1.0399582
2.6896226	1.137207
2.9459293	1.3545724
3.1487052	1.2465171
3.0747242	1.1988606
3.2254088	1.3008307
3.3449512	1.0792353
3.3493788	0.84929353
3.1748524	0.96994895
3.1629958	1.3365477
3.1315436	1.1887575
2.9446838	1.1316475
2.8685813	1.2246448
2.934317	1.1984745
2.863489	1.2610108
2.774596	1.3084239
2.7752607	1.3098334
2.737205	1.2648715
2.726419	1.2661011
2.7729287	1.2812405
2.8185773	1.285159
2.6634092	1.3521601
2.6465757	1.4709924
2.6553383	1.6222043
2.5224133	1.6735513
2.4383376	1.7544717
2.2939773	1.7247411
2.1359966	1.7722836
2.16283	1.8440064
2.039531	1.8582393
1.8228662	1.9065001
1.6939491	1.9248136
1.7094206	2.048004
1.6735623	2.0428789
1.6787077	1.977633
1.7358239	1.9989388
1.8429836	2.0280988
1.9346651	1.8508782
1.9835488	1.8926064
1.8836774	2.0237699
1.8863062	1.9987357
2.0041356	2.0159693
1.8709805	2.0446658
1.8770663	2.0427544
1.879254	2.029054
1.9496231	2.032425
1.9405798	2.042271
1.7332319	2.1000354
1.499376	2.1885488
1.3469124	2.2189345
1.2705269	2.1701014
1.1350831	2.0693946
1.2196612	2.0182235
1.1154622	2.0024452
0.8928505	1.965136
0.8406369	1.9740317
0.7449314	1.9947519
0.66592026	1.928153
0.682692	1.8990899
0.81726635	1.9101077
0.89174247	1.9602829
0.8819246	2.0006838
0.8851272	2.036438
0.9262149	2.0469673
0.98948526	2.0196996
1.0233307	2.004871
0.98965675	1.9778676
0.9510816	1.9613414
0.9480713	1.9774393
1.0296816	2.0008872
1.1935387	1.9741385
1.3514711	1.952969
1.5722711	1.9607902
1.8502172	2.0033038
2.1316016	2.0721464
2.4355195	2.1267595
2.7777252	2.0889122
2.733293	2.1020007
2.7153387	2.2109199
2.96084	2.2037432
2.9516978	2.1642158
2.8284743	2.1292353
3.0476353	2.031002
3.094568	2.0475397
3.1406305	1.947691
3.1245008	2.0275629
3.1579525	2.02838
3.140676	1.9576489
2.9455578	1.903687
2.9279602	1.870475
2.918174	1.8890887
2.8774836	1.8929477
2.822932	1.8793906
2.831867	1.9242376
2.7852814	1.9139352
2.8357918	1.9319656
2.8453345	1.9070003
2.8074129	1.8766711
2.7332716	1.9455358
2.5269506	1.935599
2.3937452	1.916844
2.30629	1.9814721
2.017274	1.9872993
1.7386962	1.9681668
1.4642466	1.9577094
1.3144878	1.9372705
1.2842696	1.9839457
1.17356	1.9835687
1.0802027	2.0648875
1.0404344	2.1304026
1.0297242	2.1283414
0.988082	2.135701
0.7703346	2.1337926
0.61136806	2.1426084
0.6210423	2.084851
0.62381434	1.9784366
0.5762932	1.9120824
0.5891552	1.9416109
0.67348593	1.9754617
0.74525535	2.019357
0.75900525	2.0472867
0.7460308	2.0570612
0.7980593	2.0855324
0.8384419	2.0761316
0.77747416	2.0642865
0.8189478	2.0888064
0.92493033	2.0830195
0.94616115	2.0601614
1.103087	2.0352314
1.4279494	2.0686111
1.8012506	2.1197345
1.9643521	2.1332877
2.215458	2.2282379
2.3090897	2.281979
2.410848	2.2745094
2.632405	2.312958
2.537223	2.3077724
2.422075	2.3132806
2.2860713	2.305378
2.1293623	2.2744923
2.0487165	2.25736
2.0658426	2.2243803
2.1329055	2.258406
2.021407	2.243989
1.985254	2.2317624
2.0147567	2.197693
2.0173929	2.184367
1.9782149	2.2632487
2.4357612	1.7607455
2.4144049	1.5316669
1.4310366	1.8377026
1.1376191	1.825087
1.8060559	1.1781765
2.0332952	1.0511148
2.0165946	1.0287243
2.3697526	0.94788975
2.3182733	0.9240821
2.2932334	0.83788365
2.260568	0.8157508
2.2288725	0.81035095
2.1512558	1.0569504
1.9687622	0.948595
2.078237	0.93530434
2.0326817	0.71370447
1.873342	0.7430441
1.8467535	0.95724916
1.9695956	0.9093005
2.0212345	0.9166732
2.0398996	0.969156
2.0673492	0.9683321
2.0613685	0.9170835
2.1486363	0.92551327
2.0326116	0.96968824
1.8476015	1.0045602
1.8131126	1.0294163
1.5615112	1.0467131
1.3064349	1.2672495
1.2307187	1.169548
0.96195835	1.1964042
0.9121262	1.1216633
0.83033156	1.1302168
0.9372246	0.9899393
1.0939281	0.89002043
1.040541	0.9464599
1.1558218	1.0773743
1.278168	1.1764663
1.3272722	1.1947997
1.3761256	1.2163385
1.4028953	1.1670007
1.3590276	1.0987866
1.3402635	1.0843431
1.3661342	1.0712303
1.3761376	1.1234522
1.3326935	1.2379147
1.2318128	1.3612022
1.0953276	1.4289982
0.995989	1.7534813
0.8959426	2.0140314
0.8007357	2.006182
0.6986022	1.8819396
0.76270014	1.8558683
0.7059311	2.2116284
0.709631	2.216349
0.77995074	2.149844
0.96648	2.317162
1.3041011	2.113333
1.4607142	2.1167848
1.44274	2.0130966
1.2700248	1.9341892
1.1605707	2.0028608
1.2569214	1.994429
1.3224387	1.943352
1.1795893	2.009324
1.1910198	1.9813273
1.2738061	1.9117439
1.374029	1.8615566
1.4758509	1.8668722
1.4757054	1.9495887
1.6491276	1.9722427
1.9068542	1.9113594
1.9962827	1.9639075
2.229611	1.9770075
2.3340237	2.088682
2.342144	2.0104678
2.341579	2.0154243
2.3570654	2.0191994
2.4101982	1.9346992
2.187495	2.0064611
2.1597779	2.044403
2.2744606	1.99073
2.1378646	1.9612405
2.0138524	2.0180209
2.0906358	2.0193892
2.1461701	1.9416544
2.0392656	1.9464204
2.0170689	1.9846447
1.8010733	2.0807252
1.7029866	2.1016583
1.7478436	2.1265972
1.5098904	2.079474
1.3129979	2.0418265
1.2282901	1.98341
1.0898019	2.0456803
0.85876954	2.0192685
0.82093954	1.8762898
0.6613477	1.9437872
0.53248686	1.8910712
0.51598155	1.8805683
0.44151717	1.9068913
0.30780423	1.9456989
0.30178976	1.914557
0.45009968	1.9382676
0.6061573	2.0160146
0.6643755	2.0470958
0.63600194	2.0247076
0.677131	2.055697
0.71959275	2.0481627
0.79651695	2.0032146
0.944403	2.0019176
1.1401039	1.9999989
1.2820665	2.0473742
1.6076634	2.0874364
1.8821471	2.0966327
2.1199348	2.1279433
2.2159433	2.131659
2.253969	2.1697574
2.3320575	2.2010005
2.341058	2.2012165
2.3419409	2.215758
2.3615222	2.1153574
2.410274	2.0558782
2.347225	2.1303973
2.2909477	2.0900753
2.252666	2.0983267
2.227805	2.099867
2.2058282	2.0754268
2.1441612	2.0771513
2.1421869	2.110911
2.143806	2.1531274
2.1616957	2.109807
2.0865223	2.0902927
2.1234035	2.0975866
2.1310067	1.916456
1.7716252	1.9669081
1.5687845	1.7981426
1.5485058	1.628603
1.5246459	1.4196166
1.5189629	1.3979536
1.6713783	1.2326964
1.572967	1.2058152
1.2573835	1.000272
1.4786311	0.75523156
1.5013512	0.9339726
1.4053507	0.7449556
1.1985813	0.6803703
1.0230505	0.6666542
1.0550616	0.78130484
1.1823854	0.975501
1.4232332	0.88565797
1.5632561	0.99983436
1.618181	1.0074538
1.5524634	1.0457503
1.5449257	1.0744535
1.569234	1.086097
1.5221914	1.0400912
1.4416677	1.0587935
1.5246015	1.0737127
1.4917296	1.0429884
1.6110092	0.94308275
1.8384722	0.9049998
1.9282458	0.9386305
2.237888	1.0767156
2.43255	1.1213756
2.5495832	1.0564048
2.6631422	1.0480474
2.713505	1.0470362
2.8039799	1.0393338
2.779885	1.009462
2.9312816	1.0492762
3.0845587	1.134304
2.9423153	1.089556
2.9538662	1.035929
3.057707	1.0570209
2.9358463	1.0650121
2.871546	1.0372095
2.8939188	1.0552131
2.8848565	1.1104399
2.8320775	1.1542364
2.8433158	1.1791747
2.892883	1.2126465
2.828582	1.1594495
2.745293	1.1860999
2.7461889	1.2040867
2.6775775	1.1932415
2.5270445	1.2809523
2.4112453	1.3469973
2.370179	1.2642946
1.9200146	1.3609624
1.6863018	1.3077717
1.5555558	1.28135
1.2078642	1.2621857
1.1933118	1.1858841
1.2408668	1.2876564
1.3343357	1.3251556
1.4512751	1.323305
1.6202625	1.3717773
1.871017	1.4053311
1.9228698	1.4550936
1.9976329	1.4011611
2.0431414	1.3244205
2.0592017	1.3443187
1.9714273	1.3699223
2.0371854	1.3859136
1.9368727	1.4317676
1.7943481	1.5379758
1.8933604	1.8105038
1.9121004	1.9355466
1.8343638	2.0277014
2.0459418	2.0878382
2.093982	2.0152953
1.8385111	2.1043146
1.9324663	2.1961749
2.006361	2.1225858
2.1343842	2.0822234
2.2084167	2.1770542
2.1543305	2.2224088
2.0828702	2.2748764
1.9220812	2.1588967
2.1377254	2.1552901
2.4983666	1.9879239
2.317627	2.1236262
2.1862016	2.0541632
2.0169075	2.1373637
1.7158772	2.254446
1.6521279	2.2365205
1.8313315	2.2622788
2.1714883	2.2266545
2.0935836	2.158286
1.920303	2.1818726
2.1811106	2.158671
2.4025457	2.1153202
2.5485036	2.129516
2.4456	2.1434247
2.5167584	2.115147
2.7061968	2.154074
2.708996	2.091673
2.839748	2.0743601
2.706776	2.072268
2.7019129	2.0398574
2.8210006	2.0209827
2.775498	1.9963912
2.6830733	2.0177472
2.7843583	2.0028071
2.813638	1.9745541
2.6681921	1.9675835
2.628692	1.9773235
2.6248052	1.9436866
2.735709	1.9329964
2.6566021	1.9259533
2.4860582	1.9132038
2.523804	1.9272501
2.6896484	1.9582483
2.4927692	1.979504
2.3126545	1.946819
2.2114832	1.9413261
2.1191883	1.9255449
2.0307486	1.9407316
1.5618615	1.961074
1.7000734	1.9476403
1.8771689	1.9630078
1.5828397	1.9769346
1.4778225	1.9953536
1.5706458	2.013047
1.7869066	2.020314
1.7111098	2.0469882
1.8950205	2.1154869
2.0197074	2.149215
1.7818247	2.1109865
1.8541557	2.128699
2.0291407	2.1180077
2.0107872	2.0997915
1.9497727	2.0941892
2.0103042	2.110673
2.004136	2.0780227
1.9489986	1.9902182
2.0208879	1.9255357
2.0502377	1.9677651
2.0859802	1.8904886
2.1701505	1.7976028
2.2744749	1.6286397
2.327211	1.5903336
2.1953504	1.5012172
2.3001506	1.3719105
2.485435	1.2306784
2.4916015	1.269953
2.8889291	1.1783257
2.9852197	1.1088563
2.826757	0.9812036
2.9312627	1.0356529
3.0665271	1.0354418
2.8994524	0.9387986
2.671344	1.0803653
2.7449665	1.0014023
2.7409325	1.0064839
2.6707022	1.0773103
2.6475875	1.0718856
2.6493907	1.0744044
2.6394184	1.0493224
2.6572402	1.0433359
2.6060853	1.0852928
2.5569427	1.1057948
2.5884948	1.1165646
2.593291	1.1264898
2.5599563	1.1580895
2.5509558	1.1648128
2.4473262	1.178275
2.3530803	1.1777058
2.1059306	1.1824743
1.9311275	1.1525536
1.8237613	1.1829544
1.6872408	1.2303749
1.5947366	1.2143126
1.5024091	1.2527642
1.460364	1.2895565
1.3268306	1.3003784
1.0854778	1.4015749
0.9887778	1.3747375
0.9335519	1.2224844
0.87205243	1.2411599
0.820941	1.3188101
0.82132936	1.262679
0.8221481	1.1333792
0.9157576	1.1071488
0.9911369	1.0489317
1.0509502	1.0126315
1.1432611	1.0627161
1.1917481	1.1793331
1.2506063	1.2363037
1.2852334	1.2362913
1.2944736	1.198779
1.31476	1.1827049
1.2619264	1.1639117
1.2925483	1.146037
1.4251653	1.1528666
1.5061947	1.1620332
1.6458092	1.225516
1.8510643	1.3090904
2.0004299	1.2950304
2.1700902	1.319289
2.334618	1.3808298
2.4116356	1.3939749
2.6029649	1.3531278
2.8708537	1.3646169
2.7597454	1.3859564
2.775434	1.3750298
3.005416	1.3860872
3.0691657	1.2950449
3.1324425	1.2397561
3.030266	1.1991563
2.9634125	1.1737881
2.9955268	1.2010634
2.974439	1.1057583
2.8216884	1.0899799
2.767928	1.119279
2.7906797	1.0958023
2.7828348	1.1052148
2.6798527	1.1080292
2.653621	1.0752522
2.6980133	1.0881056
2.6611435	1.1014717
2.696523	1.136006
2.6926935	1.1926786
2.7412627	1.2518797
2.8351004	1.3686785
2.884444	1.4466329
2.8770638	1.6925364
2.8288324	1.714014
2.9157112	1.7221502
3.0066283	2.2214148
3.0095055	2.2582314
3.0525203	1.9153507
3.0075762	2.0405157
2.960963	2.1535785
2.928125	2.073904
2.861382	1.9917866
2.9524934	1.9995673
2.9176548	1.9535482
2.744231	2.0034132
2.7932057	2.0045564
2.8431067	2.0492163
2.7619402	2.1142044
2.8345556	2.1219294
2.8993173	2.17109
2.6832135	2.0578766
2.6637383	2.0735795
2.8020535	2.1107335
2.71503	2.0713456
2.6881444	2.0383615
2.723952	2.0503385
2.6368637	1.8735685
2.3510256	1.9227498
2.0172408	1.8436832
1.9710197	1.6672761
1.770072	1.4594239
1.4813967	1.192188
1.3650715	0.99102336
1.2199479	1.1080171
1.2581668	0.9912652
1.48753	0.82274354
1.5280939	0.8207171
1.2793825	0.85184157
1.2449392	0.9090091
1.2403082	1.0214654
1.1642606	0.9977582
1.1555476	0.9389964
1.0929894	0.918243
1.1396948	0.8232556
1.119953	0.91460365
1.1682986	0.9650418
1.107102	0.83679575
1.0492795	0.78280145
1.2263459	0.7851689
1.3034784	0.8006261
1.3504411	0.8637183
1.3167604	0.89122695
1.3169078	0.88370436
1.3904141	0.89436126
1.3934063	0.89971626
1.3170555	0.892857
1.4059043	0.8874212
1.6817545	0.92661935
1.7533368	1.0070256
1.8849994	1.12732
1.9997952	1.1454504
2.1103225	1.1851398
2.2255218	1.1594172
2.2510884	1.0512378
2.3203163	1.0853387
2.3613327	1.1587323
2.46069	1.0768484
2.474408	0.91172343
2.2529578	1.0663311
2.337842	1.0783869
2.4480927	0.9024127
2.239157	0.9618859
2.115885	1.0171593
2.0471427	0.99874103
1.9458716	0.9798987
1.971227	1.0039314
1.9704534	0.97588307
1.8328545	1.0200902
1.8031139	1.0747474
1.8146188	1.1881428
1.6399624	1.3747274
1.5324514	1.4404389
1.4584041	1.4534588
1.4411781	1.4545927
1.3224483	1.7797339
1.2967197	1.8805697
1.3593943	1.885471
1.2157488	2.071988
1.1341403	2.2078831
1.0792699	2.3100321
1.0187243	2.1374586
1.1166028	2.042675
1.314678	1.9876099
1.4097382	1.8339736
1.4140285	1.881837
1.3063608	2.1025143
1.1788865	2.0090342
0.9130508	1.9912807
0.8776359	1.9226875
0.9600309	1.7513493
1.0076342	1.773281
1.0657364	1.8333174
1.063729	1.8654357
1.0753874	1.8435767
1.1504691	1.7901092
1.2355657	1.6972562
1.2841899	1.6341672
1.2724249	1.6931027
1.4586754	1.6022065
1.5711135	1.5272901
1.8151413	1.4018704
1.9281058	1.4607227
2.031823	1.4718127
2.20796	1.3049264
2.457521	1.1386045
2.5949633	1.1326755
2.6354847	1.1236761
2.8441904	1.2306609
3.0786927	1.1561918
3.2614381	0.9773713
3.3069975	1.0383018
3.211426	1.1285008
3.2335498	1.0942701
3.1732712	0.8839869
3.1264694	0.9229938
2.9760258	1.0108643
2.8282206	1.0396427
2.7961845	1.0417802
2.7769578	1.0140193
2.767864	1.0512242
2.716037	1.0645992
2.7070167	1.0680914
2.771491	1.072398
2.7284904	1.0502672
2.7198777	1.0575868
2.6671202	1.1330688
2.5659444	1.1845499
2.5160656	1.2665722
2.472417	1.4178773
2.3093507	1.3744099
2.1724656	1.4886891
2.0981574	1.6349999
1.9087193	1.8101866
1.7368233	1.8486384
1.6607068	1.8087176
1.40667	1.7642928
1.2256421	1.7511654
1.0951984	1.8023223
0.9304663	1.7530063
0.9177467	1.695656
0.9031648	1.7270715
0.9781656	1.7598162
0.95802325	1.7303599
0.985541	1.7111912
1.0183386	1.7662884
0.9486385	1.7721002
0.88010865	1.6776863
0.7738317	1.6542649
0.8073113	1.6614445
0.93276876	1.6987811
0.92321545	1.7258072
0.90782595	1.7097142
0.94466376	1.7195226
0.9534306	1.738923
0.96294385	1.7413948
1.0354178	1.711696
1.003843	1.6555401
1.0734384	1.608996
1.205484	1.582805
1.3551011	1.5316663
1.6106158	1.487618
1.6712574	1.4943929
1.6996369	1.4733834
1.8652482	1.2866462
2.066831	1.1993519
2.2873034	1.1149507
2.3180718	1.1603947
2.3936343	1.2252266
2.6235304	1.2086517
2.7929273	1.1284882
2.8410583	1.0887047
2.9633338	1.0841082
3.1416152	1.0937653
2.923154	1.2001386
2.8490398	1.2071288
3.1018748	1.130473
3.0948682	1.1179663
2.9918535	1.0636367
3.0200336	0.9429541
3.0007555	0.87087095
2.866546	0.9490866
2.8023934	1.036803
2.813136	1.0721327
2.8277452	1.0229101
2.8267877	0.9904275
2.7791123	1.001731
2.7262907	0.95554984
2.679502	0.99631536
2.7525256	1.0253744
2.7702231	1.001929
2.7081454	1.0202798
2.6280954	1.031496
2.520718	1.0248303
2.4126363	1.0602057
2.283669	1.1164559
2.0990005	1.172406
1.8077084	1.3007419
1.6748322	1.3569895
1.5221068	1.2673302
1.3395156	1.3902968
1.1753964	1.3819363
0.99987245	1.4352826
0.89831644	1.5439677
0.86322355	1.406176
0.87200725	1.3413867
0.8468581	1.33769
0.8752851	1.2553624
1.0024297	1.2211995
1.0266641	1.1287553
1.1057636	1.09779
1.2615952	1.2064542
1.304953	1.2099468
1.3772318	1.2725269
1.3890094	1.2822125
1.3711005	1.218395
1.4313592	1.2167381
1.4039907	1.2056742
1.3878363	1.2343285
1.374656	1.303314
1.399793	1.3387467
1.3675532	1.4899068
1.4036659	1.4765325
1.4207522	1.5173146
1.4917452	1.5991812
1.6300708	1.6597521
1.7184875	1.8490121
1.8298268	1.8308725
1.9239386	1.9261938
2.1194844	1.9947684
2.131852	1.9138557
2.1720614	1.9075961
2.3431563	1.7281878
2.3336544	1.7513636
2.321859	1.8766148
2.3509834	1.8863384
2.349078	1.8553497
2.3520238	1.7794315
2.2684517	1.8379339
2.1164346	1.8791267
2.0917113	1.7959979
1.9658021	1.733913
1.8478104	1.6726143
1.9539537	1.6974847
2.0417807	1.6564687
2.1052198	1.6514441
2.2777164	1.6785861
2.3094995	1.7501222
2.4695232	1.7599945
2.6253874	1.7126288
2.573119	1.8041636
2.683519	1.858873
2.7783968	1.7390316
2.745774	1.9663599
3.2421975	1.8473967
3.1120539	2.0145137
2.829606	1.978229
2.8396623	1.8321041
2.801711	1.8180689
2.8956478	1.8193233
2.921471	1.7974484
2.9075327	1.8211185
2.9055493	1.8479172
2.93993	1.8344175
2.878426	1.9099271
2.8183393	1.9058093
2.8620703	1.8576803
2.9625013	1.8896699
3.0457978	1.8759966
2.8401163	1.8548528
2.8162975	1.859038
2.8808832	1.8492646
2.8441546	1.7604192
2.4173512	1.8454475
2.1762817	2.004103
2.0981102	1.9014914
1.7957546	1.7545388
1.6568501	1.7053983
1.4146826	1.7439594
1.123527	1.7277675
1.1699404	1.7974521
1.2491179	1.8594633
1.129261	1.8345423
1.0503356	1.8628961
1.0366012	1.9570987
1.2434552	1.9700329
1.0861964	1.9117247
0.94805425	1.8757238
1.0913851	1.9129729
1.0243579	1.9528852
0.8854912	1.9708997
0.8987961	1.9172513
1.0578693	1.884134
1.061712	1.8801185
1.0552005	1.915211
1.057791	1.9646198
1.0987525	1.9251382
1.065319	1.9060807
1.084691	1.9470947
1.1095765	1.965542
1.095672	1.9688495
1.1321303	1.9973949
1.16251	1.9880971
1.212169	1.9531873
1.2496043	1.9633759
1.3162985	1.9380982
1.3900238	1.8490218
1.4170032	1.7930839
1.4514588	1.7624466
1.3461035	1.5776063
1.1162726	1.4766165
1.1643558	1.2680973
1.2626665	1.0174003
1.0975014	1.0609843
1.27896	0.9231482
1.2844242	0.95448196
1.4881116	0.8632673
1.5385402	0.9469416
1.4118233	1.0556738
1.4978194	1.1284722
1.5722193	1.154565
1.6738791	1.0275056
1.6860104	1.1499288
1.5849605	1.0545973
1.5618814	1.1277353
1.4749252	1.1093518
1.4295776	0.99897325
1.4853578	1.0442616
1.435951	1.0152874
1.4393591	0.98458725
1.3288606	0.99394333
1.4192146	1.0260721
1.5720049	1.011041
1.457576	1.028525
1.4822564	1.0976179
1.4543394	1.1423935
1.3765886	1.3228751
1.4957184	1.3602957
1.6084336	1.3152444
1.5697666	1.419951
1.6242454	1.5544889
1.6590244	1.8070114
1.7416807	1.8159161
1.7333401	1.8148305
2.0196645	1.8674453
2.2573838	1.9483045
2.3329172	2.0519896
2.4288893	2.1587205
2.373342	2.1966798
2.503002	1.9806838
2.4553068	1.9545627
2.4154172	1.9847971
2.278648	1.8692857
2.0387373	1.9655749
2.0726507	1.8771923
2.0340793	1.7432551
2.0717869	1.856163
2.0166996	1.8091521
1.9957193	1.8158447
2.0416129	1.8254483
2.0228848	1.773591
1.984988	1.7206573
1.8974401	1.6312127
1.8871051	1.5605186
1.8584286	1.508709
1.8488647	1.5465645
1.9121234	1.3177724
2.0121129	1.1200346
1.992999	1.2116508
1.9471574	1.1630626
2.1210465	0.9410032
2.1674643	0.9346284
1.9429529	0.80173653
2.0195746	0.88475776
2.156712	0.9275283
2.2045364	0.76791847
2.196194	1.0119876
2.097005	0.87568074
2.1411664	0.79553574
2.2302392	0.7924287
2.0469797	0.8208349
1.8555403	0.910315
1.8956304	0.884109
2.010298	0.7823009
2.1217737	0.74161977
2.1326592	0.78069437
1.9515212	0.78277755
1.8371536	0.857641
1.878178	1.0808487
1.8571551	1.0443987
2.0061474	1.0265013
2.2392356	1.1998894
2.3459668	1.373535
2.4947739	1.6510096
2.436254	1.8062774
2.3955488	1.8692033
2.4055295	2.0485692
2.4234107	1.9942362
2.803414	1.958065
3.011973	2.14613
3.016454	2.0404809
2.9681253	1.9702114
2.9372406	2.0332696
2.9441035	1.9250408
2.947488	1.9232712
2.9506829	1.8537375
2.846608	1.8119091
2.8585835	1.8740274
2.984938	1.7926487
2.9435153	1.8082308
2.9058957	1.802431
2.8531272	1.8516843
2.8926837	1.8448309
2.8428168	1.8522365
2.9100447	1.8813306
2.9056756	1.8697957
2.790813	1.8719208
2.727017	1.8710293
2.615345	1.8102297
2.3921103	1.6834311
2.3225546	1.6379187
2.160349	1.6165082
1.8570244	1.4630766
1.8446567	1.2763863
1.9214487	1.087619
1.7143853	1.1230035
1.6486957	1.1507063
1.7423244	0.83710736
1.6991479	0.86942756
1.8772233	0.7177301
2.0050097	0.7766226
1.7063271	0.719329
1.7169012	0.7692788
1.7320976	1.0059559
1.7296994	0.8713372
1.722358	0.7346287
1.6922767	0.7471191
1.8866751	0.89578897
1.9946578	0.7617823
1.9509572	0.73705995
1.9373684	0.82940185
1.979919	0.8311572
2.0020099	0.806497
1.9430499	0.776124
1.9562554	0.8221021
1.9995482	0.86002713
1.9449136	0.9271372
2.0055978	0.949132
2.1006472	0.8237941
2.1791742	0.99118054
2.1770408	1.3193295
2.1745918	1.3576123
2.2357342	1.5899924
2.3816023	1.9126147
2.5776515	2.129718
2.7929537	1.9780269
2.8151898	2.2014291
2.7104876	2.3788788
2.7221954	2.1347504
2.844372	2.1652236
2.919684	2.0594807
2.9008198	2.0397654
2.9399655	1.7985362
2.9075933	1.9019762
2.9260266	2.1118643
2.9652092	1.9569819
2.959987	1.9432511
2.8886335	2.010482
2.8366573	2.0085764
2.8465395	1.9901795
2.8244007	2.003581
2.89503	1.9769928
2.7479846	1.9578644
2.7358756	2.0200794
2.769923	2.0493908
2.5235603	1.9993714
2.291948	2.0530403
2.2665467	2.0904744
2.188941	2.0787325
1.8123491	2.048637
1.6700326	2.03469
1.7272046	2.0586972
1.5096195	2.0872536
1.4895751	2.1124885
1.4258634	2.120898
1.2752186	2.1151297
1.3078717	2.154198
1.38409	2.1996028
1.2311364	2.204641
1.0310311	2.1862144
1.0477256	2.1885178
0.9501268	2.190621
0.7633289	2.1357827
0.6688317	2.1102595
0.6147014	2.070544
0.5517224	2.0040112
0.5550657	1.9488945
0.630092	1.9627185
0.66223055	2.025554
0.7062711	2.0577705
0.75863945	2.0457494
0.7781913	2.0636466
0.7845185	2.0643938
0.77764106	2.0517778
0.8790838	2.0047448
1.0132312	1.9244285
1.1469103	1.8320004
1.140178	1.9284626
1.1415315	1.9154519
1.3003485	1.8263857
1.5600009	1.6319686
1.7022585	1.4690489
1.7609842	1.2706791
1.7847383	1.2487707
1.9207449	1.077592
2.1866186	0.83682495
2.3929029	0.932876
2.6526947	0.9967875
2.8505716	0.95127547
3.0952523	1.1297048
3.3490806	1.141104
3.3303525	1.0039963
3.2106273	1.0662328
3.2495165	1.1422856
3.2273185	0.99631876
3.0846193	0.97977895
2.8784761	1.0904082
2.734369	1.086025
2.724788	1.0491663
2.7045455	1.0307378
2.6725063	1.0138273
2.6327426	1.0294099
2.579646	1.0572543
2.6412861	1.0698724
2.7085586	1.0453464
2.572944	1.0656991
2.592776	1.1278343
2.728904	1.1563103
2.704824	1.3440092
2.610801	1.5723747
2.5666993	1.5897352
2.6067472	1.5367256
2.7437809	1.7341375
2.7824574	1.9601394
2.8591733	2.1552644
2.8735654	2.300318
2.8750188	2.240385
3.0217824	2.097238
2.9589992	2.0015519
2.8640242	2.1395588
2.8368423	2.0319915
2.7578924	2.0378263
2.703658	2.103055
2.832165	1.8973039
2.9717784	1.7649399
2.8581254	1.8691356
2.8418021	2.0135267
2.752897	2.0392
2.6963043	2.0178142
2.785892	2.0376391
2.7468264	2.0252323
2.5844107	1.9956812
2.4313583	2.0479457
2.3381116	2.0859354
2.2235992	2.0517602
2.1112213	2.0527766
2.0431528	2.0326414
1.8507484	2.0614367
1.7052064	2.041258
1.6708105	2.037068
1.6680621	2.0668192
1.5278726	2.109882
1.5654174	2.1397126
1.6488267	2.214019
1.6238108	2.2200904
1.8196505	2.2486277
1.7492077	2.2139046
1.7987934	2.2110915
1.9626639	2.2439806
2.0776389	2.2586436
2.0392146	2.2389767
1.8177181	2.1802485
1.9301338	2.1043348
1.9311175	2.0265374
1.8096035	1.7394294
1.5130956	1.4912
1.0563182	1.7007226
1.0350244	1.47123
1.2002016	1.0843239
1.5033855	0.81204623
1.6761712	0.6541784
1.590257	0.5043583
1.1983258	0.6690777
1.1394188	0.7512853
1.4123244	0.68563795
1.3433635	0.8861909
1.4352664	0.72903407
1.5359557	0.75691843
1.5001792	0.8326963
1.5540702	0.85404897
1.6506873	0.82803607
1.684441	0.8173792
1.6287609	0.871684
1.5429888	0.918649
1.6082642	0.8908543
1.5906999	0.8941356
1.5793514	0.91382045
1.6002616	1.0466448
1.6019597	1.2335618
1.7161545	1.3055232
1.8448393	1.3767611
1.850956	1.5711983
1.9036572	1.7987041
