1.0846468	0.9947242
1.0870097	0.9992967
1.001471	0.9845919
0.9847998	0.9823447
1.0300401	0.9841026
1.0086204	0.9861934
1.019913	0.99583966
1.0598569	1.0064901
1.0770601	1.0142144
1.0615857	1.0611409
1.20111	1.0927124
1.2919405	1.0657591
1.2047698	1.0751827
1.2463759	1.0889605
1.3892924	1.0854077
1.4593978	1.0922055
1.2579253	1.1274701
1.255938	1.1640587
1.2055465	1.8405584
1.128052	1.9985058
1.349774	2.014289
1.4036278	2.0220666
1.3107246	2.0151043
1.1678942	2.005216
1.1427284	2.003728
1.0773529	2.0000348
1.0944926	2.0023382
1.0500879	1.9952694
1.098115	1.995391
1.2547272	1.9955721
1.1422949	1.9930415
1.265675	2.0188441
1.412854	2.0177035
1.5227709	1.9946635
1.3649086	1.9955125
1.0797235	2.0247347
1.0011247	2.0349295
0.9608329	2.0196056
0.9604282	2.0085008
0.9530198	2.0017884
0.9710748	1.9849653
1.0257297	1.9948431
1.0945822	1.9985349
1.0877553	1.990533
1.0826321	1.9869126
1.1866015	1.9920288
1.2092094	1.9954816
1.1967223	1.9897777
1.258896	1.9786096
1.4999139	1.9603503
1.7791132	1.9109187
1.5367726	1.9277003
1.3175976	2.0020528
1.8779844	2.0001233
2.1646063	1.9945496
2.2749588	1.9800074
2.4472	1.8025738
2.7569993	1.4403961
2.9037848	1.1779597
2.906767	0.97336906
2.9883924	0.9450919
3.0028539	1.0112116
2.971698	0.9365681
2.8913383	0.9928783
3.018857	1.1228545
3.0514486	1.0118225
3.0739782	0.98570126
3.0385444	1.0024226
2.960198	1.2356235
3.0079665	1.0425807
2.9861484	1.0040284
2.9142368	1.0143121
2.9535651	1.0106432
2.85794	1.0265425
2.6213126	1.046382
2.6192415	1.0551001
2.6367123	1.0223336
2.6132348	1.025833
2.680459	1.0465639
2.7425165	1.0594245
2.3634763	1.107289
2.2117977	1.4669338
2.6787572	1.9229294
2.36154	1.9261079
2.2532783	1.9499286
1.9946778	1.9359256
1.7905904	1.9519805
2.0265026	1.9700874
1.9798207	1.9771643
1.8458205	1.9833877
1.8656137	1.9894834
2.009109	1.9970934
1.9979688	2.0005913
1.9584023	2.0022383
2.022464	2.013767
2.124632	2.0302863
2.1449406	1.9979781
2.2900734	2.006577
2.0555632	2.0319986
2.03753	2.0244203
2.1389785	2.023558
1.8679457	2.0249257
1.8264438	2.0195322
1.7360663	2.0074286
1.8503736	2.0027163
1.7218711	2.0003738
1.3856938	2.0205545
1.2285438	2.034785
1.1333804	2.0361266
1.0237374	2.02637
0.95353806	2.0013034
0.9475498	1.9875511
0.93583846	1.9970403
0.9159438	1.9901575
0.91410965	1.9984978
0.91064817	2.0046768
0.90071803	1.9783521
0.9045101	1.9573154
0.95791644	1.9717411
1.0427437	1.9907825
1.042736	2.0025654
1.0465536	2.0067723
1.0813926	2.005641
1.1493055	1.9941198
1.1763381	1.9878292
1.1267048	1.9837618
1.0777433	1.9818176
1.0840282	1.9881392
1.1696428	1.9925935
1.3993402	1.983273
1.5991284	1.9782486
1.7999041	1.9847248
1.9628674	1.9901911
2.0238843	1.9929643
2.104648	1.9978517
2.3742077	2.0057223
2.3968189	2.0074673
2.3410795	2.0131955
2.636487	2.0197446
2.7983425	2.0137691
2.8764098	2.008003
2.9994242	1.9888102
3.0389502	2.0103827
3.0980992	1.9995133
3.0755157	2.0333726
3.0384781	2.0572078
3.053066	2.0152419
2.977307	1.9733063
2.9309585	1.923811
2.8932018	1.9510641
2.824526	1.9501566
2.7139997	1.9193354
2.7270856	1.9611938
2.653465	1.9517971
2.7157352	1.9584448
2.7457685	1.9485775
2.6382565	1.8783183
2.5451648	1.9567469
2.2126837	1.9373325
2.068244	1.9176652
2.05971	1.960291
1.8827574	1.9681237
1.7449287	1.9694196
1.667136	1.9792789
1.5965234	1.9831301
1.6198666	2.0006106
1.5057526	2.0062294
1.3846474	2.0237756
1.2214553	2.03152
1.0352112	2.0225074
0.9705572	2.020375
0.93978596	2.0206902
0.9264972	2.0212257
0.9126113	2.0054774
0.9004194	1.9582388
0.89456624	1.9103452
0.89902085	1.9512837
0.92320305	1.9788331
0.9730327	1.9937378
0.99356395	2.0011163
0.9866948	2.001036
1.0243766	2.0050418
1.05922	2.0001216
1.0039978	1.9964503
1.0282311	2.0014465
1.1223073	1.9956304
1.1244537	1.988775
1.2806087	1.9798824
1.6389892	1.9821281
1.8709449	1.9892578
1.8873044	1.9877422
1.8841244	1.9958818
1.8676556	2.00122
2.007895	2.000013
2.199562	2.0071588
2.191158	2.0053983
2.1700046	2.003035
2.0219305	1.9993634
1.8724893	1.9927803
1.7465199	1.9905581
1.8167224	1.9872532
1.8779491	1.9938108
1.662313	1.994953
1.6348851	1.9916849
1.7111542	1.9866561
1.7346829	1.9844646
1.5262411	2.003984
2.6386576	1.4586687
2.4646535	1.0483922
1.027913	1.897351
1.0016396	1.9535446
1.4949487	0.9802784
1.7818857	0.9692212
1.8683496	0.98545474
2.3676145	0.9215398
1.9483616	0.97929597
1.9454689	0.99108034
1.9493183	0.9982235
1.994208	1.0012602
1.8754214	1.0264728
1.8835783	1.00677
1.9789448	1.0074313
2.0253384	0.99651784
1.9705497	0.9946665
1.7735572	1.0207615
1.8843368	1.0172173
1.891549	1.0239425
1.8892533	1.0344051
1.9109868	1.0372568
1.963989	1.0257714
2.0582259	1.0267768
1.9224359	1.0397984
1.751968	1.0497694
1.6926873	1.0558993
1.367075	1.0350474
0.87729084	1.3722254
0.96630263	1.0307521
0.94941056	0.9977958
0.94786185	0.98906016
0.94367397	0.98199946
0.9720364	0.98000467
1.0284988	0.98474705
0.9865161	0.98444647
0.9751018	1.0213753
1.1295211	1.300486
1.232878	1.2964052
1.3411115	1.3109605
1.3915951	1.155698
1.2446985	1.0731443
1.1965017	1.0614177
1.2432879	1.061151
1.3038731	1.102842
1.255417	1.3587219
1.1232135	1.8268166
1.0104213	1.8950381
0.9951453	1.9891238
1.0239756	1.9944668
0.97490174	1.9938947
0.91898483	1.9870406
0.9124348	1.986649
0.94515973	1.9938052
0.9374403	1.9922675
0.9197083	1.9880701
0.9398979	1.9867713
0.97715724	1.986702
1.0679561	1.992899
1.1560974	1.9995844
1.2639382	2.0133345
1.087928	2.0235772
1.2309337	2.010934
1.365272	1.9954374
1.1426699	2.0050993
1.158056	2.0019164
1.2899483	1.975653
1.4653165	1.9658421
1.6168201	1.9711316
1.5151039	1.9891927
1.6770724	1.9899225
1.9913965	1.9864941
1.9484866	1.9861153
2.1044586	1.9914196
2.0151808	1.996519
2.1035671	1.9943433
2.1242816	1.9937713
2.1265442	1.9970169
2.3491688	1.9992176
1.9155817	1.9908175
1.7942842	1.9971168
2.1268947	1.9934716
1.9202242	1.9799298
1.5570788	1.992604
1.7093582	1.9929107
1.9871022	1.9761425
1.7208538	1.9716998
1.5971081	1.9879507
1.218639	2.0190296
1.1571145	2.0253186
1.1737738	2.021204
1.0410852	2.0204318
0.97553855	2.0134463
0.94908595	2.003665
0.94472694	2.0198157
0.92377025	2.0183768
0.90595716	1.9559442
0.9018252	1.9877003
0.89383966	1.9638739
0.8956804	1.9330173
0.89016986	1.9391955
0.8816361	1.9314164
0.89246225	1.8628345
0.9049576	1.8924124
0.94586736	1.9823079
0.9801166	1.9980891
0.9547954	1.9942231
0.9773502	2.0054533
1.0105504	2.0047884
1.0931642	1.9894038
1.2675096	1.9913719
1.524157	1.9928727
1.5724666	1.9977671
1.7821811	1.997618
1.9333663	1.992347
1.9558765	1.9909391
1.9665273	1.990946
1.9226433	1.9936259
1.9501075	1.9977063
1.9896532	1.9972855
2.0015965	1.9982414
2.1796029	1.9958138
2.3542309	1.9998995
2.163517	1.9983069
2.1525261	1.995397
2.1228385	1.9935813
2.0669816	1.995246
2.1134472	1.9913673
1.9921951	1.990357
1.9387689	1.9968405
1.878094	2.0052242
2.0551782	1.9983956
1.9732796	1.9903858
2.0604203	1.9972435
2.359233	1.901982
1.4142224	1.9479156
1.1122745	1.6876463
1.1685699	1.0527915
1.1631367	1.0223715
1.1024957	1.0212479
1.3126992	0.983012
1.2509943	0.99170786
0.97484624	0.9675939
1.1479148	0.95637727
1.048236	1.0132272
1.054525	0.9899845
1.0028948	0.9855031
1.0267583	0.9813889
1.0001621	0.9876314
1.0231712	0.9999179
1.1993778	0.9981807
1.4557452	1.0320421
1.5744021	1.0355012
1.5028933	1.0479797
1.5169092	1.0616505
1.5620602	1.0644737
1.4158455	1.0443543
1.2768961	1.0455258
1.450622	1.060515
1.3756113	1.0461129
1.4766693	1.0173248
1.7403353	1.0110431
1.8915728	1.012093
2.3647513	0.9995695
2.5716724	0.98978704
2.5044131	0.98086834
2.560817	0.9776259
2.5768209	0.9819751
2.6455026	0.9791757
2.6334677	0.9855301
2.8229406	0.98424536
2.9932916	1.0035406
3.0237324	1.0083482
3.0183368	1.0022546
3.0409012	1.0219333
2.9960454	1.0334318
2.9617972	1.0179621
2.953426	1.0225505
2.8921728	1.0497178
2.7447128	1.0802488
2.69931	1.0872648
2.7303507	1.1186737
2.7419841	1.0233841
2.4955633	1.0277044
2.4488983	1.044908
2.3986695	1.0305511
2.10329	1.0588968
1.9939878	1.1039219
2.084951	1.0403906
1.7317505	1.0300672
1.5228337	0.99948174
1.5945618	0.9931372
1.2215769	0.9851601
1.3058934	0.9827862
1.2552564	0.984371
1.2184904	1.0080909
1.1557786	1.0540254
1.1337377	1.2439958
1.5196172	1.4618796
1.7383955	1.7513236
1.7832991	1.3566458
1.81321	1.1185336
1.8626328	1.1473223
1.7338666	1.2284385
1.8833829	1.2789786
1.7351519	1.5699489
1.4943143	1.9569628
1.8781372	2.022214
1.9339688	2.0190678
1.7856072	2.0177069
2.107029	2.0095994
2.0981908	2.0100327
1.8295172	2.010044
1.9239684	2.007147
1.9158996	2.007226
2.0395968	2.001531
2.1274822	1.9996667
2.2439764	2.0333612
2.1859167	2.059095
1.9404143	2.0493398
2.1251283	2.0385365
2.898187	2.0109632
2.646484	2.0288863
2.559063	2.0328748
2.1686842	2.026994
1.8386775	2.0520341
1.554392	2.0379338
1.5944768	2.027759
2.2067215	2.0080516
2.2220032	1.9922725
1.7713001	1.9966521
2.3519092	2.0041196
2.74029	2.002176
2.8677692	2.0119512
2.8115792	2.0222857
2.9355414	2.0282106
2.9704695	2.0377955
3.0233138	2.0348747
3.0568984	2.0288887
3.0171633	2.0419629
3.009612	2.0361657
3.0326192	2.0327744
2.9992046	2.026264
2.8826833	2.0304873
2.924029	2.026848
2.9442909	2.0083501
2.7325118	1.9885174
2.6229756	1.9852899
2.6319933	1.9691275
2.7787611	1.9633808
2.6626499	1.9611284
2.3393598	1.9303896
2.4219003	1.9529305
2.7064173	1.9906893
2.3975623	1.978364
2.1180332	1.9494555
2.074834	1.9534938
2.0063767	1.9506003
1.9943864	1.9649847
1.7393006	1.9833971
1.8189405	1.9817
2.1106882	1.9922532
1.8052027	1.998329
1.728884	2.0059376
1.7443005	2.009066
1.9332368	2.004634
1.6707963	2.0095985
1.8689294	2.021456
1.9079881	2.0160806
1.5582831	2.0111403
1.5990875	2.0063658
1.8966684	1.9960202
1.878737	1.9881564
1.7243825	1.9898497
1.8040317	1.9931281
1.8036175	1.9860917
1.7978806	1.9465196
2.0191863	1.8984821
1.9638194	1.9629891
2.1389134	1.9319232
2.4153967	1.7116988
2.6385624	1.1508591
2.7682152	1.1547359
2.7257946	1.0794204
2.920092	1.1001176
3.0567596	1.12541
2.9934385	1.075786
3.0303938	1.054458
3.0472753	1.0399251
2.9983366	1.001952
3.005545	1.0252211
3.0165353	1.0224298
3.0113127	0.9950896
2.913469	0.9908897
2.9736607	0.98521954
2.9736378	0.9837742
2.925127	0.9826759
2.9109442	0.98026323
2.9008698	0.98100907
2.8986304	0.9789735
2.8992605	0.9793955
2.759786	0.98629993
2.5552878	1.0004435
2.5972064	1.0059947
2.5833807	1.0131303
2.4311597	1.0322757
2.4067173	1.0364131
2.236113	1.0363222
2.1439583	1.0307598
2.0062122	1.02018
1.9215984	1.0113109
1.892384	1.0078847
1.772494	1.0008771
1.7511841	0.99559045
1.6410298	0.9915632
1.5439941	0.99699455
1.3079665	0.99309814
1.0181909	1.0299344
0.9825568	1.0135596
0.9731646	0.99129087
0.9485571	0.99098337
0.93603295	0.997986
0.9330908	0.98580873
0.93645626	0.976172
0.93881124	0.98370713
0.9540552	0.99658704
0.97171277	1.00317
1.0097086	1.0340172
1.1022332	1.1870432
1.2115647	1.3839502
1.2607483	1.3279771
1.2645196	1.204865
1.2760534	1.1621666
1.1735703	1.1350143
1.2009027	1.1081427
1.474585	1.1208805
1.6272713	1.1169266
1.8643179	1.1536196
2.1403031	1.2552515
2.2650115	1.1319968
2.4074376	1.090754
2.564562	1.1190193
2.5736701	1.0932236
2.6551116	1.0169723
2.8076115	0.9948434
2.7358236	1.0302131
2.7706792	1.0396183
2.914812	1.0367297
3.0049934	1.0184441
3.0493834	1.0198631
3.0259802	1.025206
2.9982636	1.0312808
2.9986694	1.0588739
2.9923723	1.0197552
2.9515262	1.0024953
2.8755925	1.0036762
2.905358	0.9993071
2.86949	0.99916965
2.6770408	0.9964696
2.6735854	0.98696524
2.7550333	0.991969
2.6140304	1.0015687
2.6039414	1.019279
2.4876168	1.0702982
2.491936	1.1639662
2.7295601	1.7260414
2.8958507	1.8606147
3.0057652	1.9826581
2.9380884	1.9783957
3.00002	1.9727155
2.980675	1.9891238
2.9670618	1.9906092
3.025667	1.9925858
2.9769619	1.9936574
2.9131663	1.995274
2.903628	1.9960864
2.8608024	1.9949198
2.9247563	1.9981551
2.9046402	1.9969015
2.6083581	1.9864681
2.6813507	1.9895455
2.735258	1.9996067
2.5957067	2.0005732
2.6614735	2.0050519
2.744062	2.0197928
2.4247296	1.9657204
2.3946044	1.9561785
2.666179	2.0040371
2.5621645	1.9752101
2.520922	1.9485743
2.6184003	1.9732478
2.5092275	1.543074
2.0546484	1.7937102
1.6609101	1.8326011
1.7434942	1.1770685
1.6499488	1.0520443
1.4100298	1.0584146
1.3795689	1.0589925
1.0966293	1.0686256
1.0940955	1.04353
1.4672891	1.0267564
1.5517529	1.0009316
1.2521724	0.9998031
1.1553673	1.0021404
1.0372697	0.9977688
1.0347071	0.9960699
1.0522255	0.99321926
1.0484831	0.9898222
1.0879273	0.98726976
1.0441729	0.98600125
1.0337927	0.9884321
1.0362221	0.98576367
1.0229323	0.9846876
1.0865496	0.9920821
1.1459993	1.0011889
1.2200369	1.0243446
1.2078774	1.0370873
1.1923227	1.03012
1.332106	1.0400443
1.3312677	1.0408273
1.1872746	1.0303258
1.3172069	1.0326674
1.8493718	1.0329704
2.0199814	1.0486579
2.1690304	1.1090312
2.2643805	1.0731851
2.309449	1.0536411
2.353101	1.0175946
2.1622176	1.0068367
2.2110305	1.010322
2.286097	1.0221926
2.2860518	1.0092432
2.2101798	1.0031416
2.023044	1.033019
2.1678767	1.035597
2.2434855	1.0102031
2.098673	1.02608
1.9922482	1.0427998
1.9529309	1.0379591
1.8967077	1.0317495
1.9026982	1.0394956
1.9128956	1.0329792
1.778149	1.0406636
1.6678151	1.0671974
1.5334245	1.2135243
1.154876	1.955768
1.0130439	1.9553823
0.9463786	1.8959571
0.9336283	1.8313602
0.9823287	1.996543
1.0247442	2.0061507
1.0434699	2.0061479
1.0791945	2.0113316
1.1025654	2.0107417
1.1060115	2.0040522
1.0408746	1.9943451
0.99166644	1.9957349
0.9783378	1.9903616
0.9983008	1.9877174
1.0232335	1.9892706
0.984116	1.9950272
0.9701041	2.0138297
0.9397012	2.0303893
0.92346704	2.0176184
0.98942083	1.9166366
1.0709661	1.9462582
1.1698419	1.986371
1.1532234	1.9979715
1.2030379	1.9897996
1.3720071	1.9698154
1.5707229	1.9135497
1.6339387	1.8244431
1.5804446	1.9377824
1.888154	1.8604198
2.0172503	1.6700658
2.249643	1.2492504
2.3836858	1.5270176
2.464674	1.6472987
2.648362	1.06658
2.8187647	0.9488348
2.9165792	0.9423885
2.9000096	0.9452198
2.9619145	0.97027737
2.8886278	0.9346627
2.8147686	0.95443416
2.9464633	0.9805258
3.0174878	1.0066715
3.0285196	1.0103128
3.0454762	0.9769182
3.0461636	0.9854064
3.018471	0.99149513
2.9827335	0.98906446
2.963195	0.98786956
2.9576228	0.9829387
2.9160576	0.9862851
2.8184946	0.9853744
2.771726	0.98670584
2.8467784	0.9936699
2.8163137	0.98535556
2.762119	0.98642457
2.4287302	1.0307385
2.172193	1.0500723
2.1026523	1.1041924
2.0043988	1.6769134
1.9153131	1.2034184
1.6706923	1.519823
1.634064	1.9351478
1.5642523	1.9707732
1.4721756	1.9774523
1.4323823	1.9763243
1.1901382	1.979699
1.1109581	1.9844968
1.0993223	1.9963826
0.97975653	1.9890313
0.92892176	1.9715934
0.94296193	1.9748504
0.96009225	1.9780004
0.93104845	1.9799693
0.907891	1.9792999
0.9003482	1.9779246
0.8884975	1.9740293
0.87289065	1.9375191
0.8745674	1.8865067
0.8846156	1.8811277
0.90962505	1.9340968
0.91613185	1.9415859
0.9210724	1.9215094
0.95012593	1.9290746
0.9570432	1.9427457
0.97401994	1.9416068
1.0504664	1.9299572
1.0377172	1.8047346
1.0933887	1.6857339
1.2742163	1.6902652
1.4884049	1.6072563
1.932182	1.5817863
1.9963856	1.7226272
1.9606092	1.7412896
2.1677737	1.0899855
2.3997416	1.0058877
2.6026628	0.9658313
2.6578991	0.9959919
2.6907606	1.0916377
2.8627195	1.0136688
2.8412251	0.946023
2.6938038	0.94859403
2.6489909	0.9786268
2.8038673	0.9838245
2.890867	1.0114312
2.917063	1.025557
3.0019403	1.0013249
3.008225	1.0070058
3.0041504	0.9973017
3.0339804	0.9828675
3.0447304	0.9787672
3.009433	0.9830647
2.941843	0.9913633
2.9060261	0.9996229
2.9370804	0.9896499
2.9510996	0.9833529
2.88486	0.9798923
2.8646894	0.9735178
2.6789474	0.97997713
2.7186975	0.99109215
2.8530111	0.98357564
2.6609294	0.98760027
2.4131012	1.0030866
2.2622213	1.007817
2.121258	1.0182611
2.016821	1.0241079
1.9069257	1.0210365
1.4896362	1.0910239
1.3480089	1.1813534
1.5415025	0.99118716
1.2358627	1.0509238
1.1299268	1.0171828
1.0294316	1.0235236
0.8827433	1.247272
0.95316964	1.017348
0.9415584	1.0028901
0.93620825	0.99973834
0.93628526	0.9844876
0.93797886	0.98686653
0.95570415	0.98951375
0.97732806	1.0000104
1.0568433	1.0870353
1.131404	1.122003
1.2739117	1.2553495
1.3044425	1.2992373
1.2507102	1.1429927
1.3717695	1.1415055
1.3089186	1.1329767
1.2794214	1.1765642
1.272703	1.3684837
1.3165053	1.4895985
1.3123091	1.9729797
1.3594289	1.9513143
1.3937284	1.9808093
1.520214	2.015245
1.7554101	2.0190928
1.7637007	2.0185483
1.8825691	2.0153534
1.8551254	2.0137305
1.9950695	2.006408
1.9320731	2.0096238
1.9229652	2.010685
2.2149787	1.9981009
2.1554642	2.0006478
2.0150383	2.0073385
2.0465574	2.0025754
2.100216	1.9952778
2.3051872	1.9778167
2.131576	1.9899164
1.9366391	2.004759
2.0271592	1.9936333
1.8158883	1.9536889
1.5233155	1.8543262
1.7649678	1.8994071
2.0111303	1.806202
2.267955	1.7738782
2.6797993	1.9331666
2.669588	1.9984843
2.8774014	2.0091844
3.0159078	1.9774714
2.9304292	2.0274825
2.9476688	2.0379498
3.0145066	2.0154748
2.9299836	2.048003
3.0381107	2.0213292
3.0119638	2.0627058
2.9228325	2.0180724
2.9519694	1.9810765
2.8780358	1.9664834
2.9316986	1.9570013
2.9157376	1.9350154
2.8874676	1.9429647
2.874396	1.9634885
2.8764162	1.9410769
2.8036635	1.9772978
2.684865	1.9647962
2.7233407	1.912704
2.8691611	1.9560978
2.9231913	1.9460495
2.6275687	1.8736547
2.5418668	1.86868
2.71523	1.8906589
2.5701752	1.6344206
1.9990146	1.8691833
1.9230098	1.9697115
1.8590629	1.9455181
1.4303994	1.7513806
1.3291825	1.7194483
1.3950044	1.902148
1.294659	1.9226906
1.4362086	1.9674252
1.4919941	1.9905449
1.2639704	1.9830958
1.119202	1.988689
1.0125211	2.0133848
0.96896875	2.019531
0.9302194	2.002591
0.9177349	1.9888514
0.9395507	2.0082674
0.9449533	2.0158448
0.9268868	2.015672
0.9302482	1.9991585
1.0267869	1.9832424
1.0774312	1.9824097
1.0876665	1.9918267
1.1098554	2.0032074
1.1764125	1.991225
1.1482346	1.9832468
1.1606216	1.9947006
1.2036282	1.9973519
1.1731762	1.9965578
1.2040459	1.998589
1.2363356	1.9941483
1.2949495	1.9833062
1.3276992	1.9842045
1.4126747	1.9790105
1.5521702	1.9596752
1.5945228	1.9482408
1.681035	1.9526594
1.4753481	1.6655856
1.0935324	1.1078504
1.1566732	1.0019131
1.219055	0.98012316
1.0193254	0.9739086
1.0587981	0.970862
1.0439239	0.97812504
1.1408566	0.981709
1.213271	1.0008291
1.1153214	1.0428017
1.2789712	1.0859388
1.4649693	1.0814719
1.4327734	1.0337212
1.642683	1.0585037
1.3711946	1.0290829
1.4073412	1.0468526
1.2770231	1.0387802
1.1920092	1.0072427
1.2783768	1.0243672
1.2206926	1.0183088
1.2262914	1.0132574
1.1149304	1.0128404
1.2305245	1.0323104
1.5270066	1.0408427
1.325938	1.04323
1.4176996	1.0853468
1.3973006	1.1352339
1.2447138	1.76216
1.5421578	1.8622866
1.7183713	1.386631
1.6828748	1.8670982
1.7764263	2.0091312
1.7530437	2.0181777
1.8579111	2.0160549
1.774963	2.0187197
2.1181173	2.0053625
2.240523	1.9954197
2.2150156	1.9999934
2.1297736	2.0052817
1.9957038	2.0156167
2.220681	2.0013664
2.1990073	1.9963654
2.2597191	1.9898845
2.2088847	1.991425
2.0376372	2.0216365
2.0699582	2.0100853
2.248586	1.9358393
2.1788766	2.0057454
2.0830512	1.9868559
2.1022928	1.9841803
2.1462147	1.989537
2.2284074	1.9500473
2.1238413	1.8465102
1.9031843	1.3088233
1.9160936	1.0769241
1.7986552	1.0403633
1.5417373	1.1284288
1.9717396	1.0227331
2.2440069	1.0358137
1.7758385	1.013337
1.5407255	1.0262226
1.981857	1.0002844
1.9470309	1.0064446
1.8565898	0.99784297
1.8814887	1.0037832
1.963211	1.0097157
2.1036127	0.99804705
2.0600767	1.0160861
2.1068945	1.0023737
2.2194355	0.9960207
2.2967649	0.9989978
2.1820493	0.9973667
1.9569229	1.0074042
1.9733725	1.0085531
2.1236622	1.0004921
2.238275	1.0001664
2.2188458	1.0060606
2.056749	1.003149
1.8889169	1.0173823
1.62173	1.4112564
1.6667829	1.1323034
1.9116098	1.0603122
2.509175	1.4599879
2.9618492	1.9252443
3.0034351	1.9572678
2.9805126	1.960916
2.9631693	1.9677958
2.9052174	1.9718684
2.919246	1.9749643
3.0553322	1.9718717
3.0565076	1.9757794
3.0546076	1.9840393
3.0386255	1.9892249
3.0113552	1.9917916
3.0138297	1.9958054
2.9998589	1.998624
2.9997263	1.9991728
2.922588	1.9901612
2.9002779	1.9930602
2.9765503	1.9792006
2.9180832	1.9683161
2.8506927	1.9559124
2.7767234	1.9651897
2.8162556	1.964422
2.7366192	1.9500325
2.8215058	1.9701145
2.8168435	1.9566661
2.5971105	1.933897
2.4971004	1.9232912
2.3119156	1.8261312
2.0297282	1.368977
2.014252	1.2968453
1.7826228	1.4411256
1.5108719	1.1109129
1.6893477	1.0374199
2.128746	1.0213896
1.5845574	1.0353326
1.4856774	1.03088
1.9434012	1.016998
1.809602	1.0164956
2.3160548	0.97824484
2.412265	0.9674943
2.217694	0.96539
2.1699677	0.96842575
1.9898946	0.9884943
2.0642817	0.9801017
2.0348558	0.9847681
1.9493725	0.9898845
1.8680078	1.0156516
1.993035	1.0066209
1.9718062	1.0042734
1.8716604	1.0204703
1.881468	1.0252314
1.9303856	1.019898
1.9044657	1.0145572
1.8834513	1.0230978
1.8629794	1.0366777
1.7802348	1.0560399
1.8398118	1.0608866
2.0502207	1.0192505
2.105869	1.048105
2.7517924	1.9795748
2.78904	1.963625
2.857218	1.9750265
2.8917098	1.9651251
2.9699585	1.9592558
3.055399	1.9603391
3.030927	1.967537
2.9520035	1.97673
2.9675744	1.9823338
2.9850614	1.986065
3.0067403	1.9911457
2.9830623	1.997076
3.0208254	1.9989066
2.970735	2.004748
2.9211957	2.0045578
2.9516366	2.0085275
2.921283	2.0009024
2.803956	1.9991446
2.6929433	1.9882144
2.6973035	1.9791763
2.6587553	1.9781716
2.7613788	1.9673843
2.538507	1.9295086
2.4739103	1.9654014
2.5991108	1.9882917
2.212034	1.9416269
1.9910953	1.9629188
2.0654297	1.9829186
2.0577352	1.9841665
1.8208234	1.9819354
1.7683209	1.9853351
1.8784015	1.9985007
1.7804395	2.0108588
1.7671605	2.017674
1.6123871	2.020413
1.4227645	2.021706
1.2585336	2.0224242
1.1648728	2.0214987
1.0486741	2.0222063
0.98791695	2.0204625
0.9597453	2.0196562
0.94524544	2.0213654
0.92230564	2.0110931
0.913416	2.0035408
0.9065597	1.9944543
0.8986251	1.9637507
0.8962603	1.9339731
0.9107045	1.9541644
0.9368842	1.9875174
0.96917295	1.99861
1.011682	1.9941871
1.024468	1.9968262
1.0258379	1.9977807
1.0123154	1.9937712
1.1015663	1.9799476
1.2983533	1.9500263
1.5167403	1.922734
1.430855	1.9750464
1.3768699	1.9866523
1.6592435	1.9606247
2.041013	1.9050895
2.1019912	1.5429837
2.1050296	1.0480808
2.1135445	1.0259027
2.092849	0.96353054
2.1689186	0.9309253
2.559431	0.93038034
2.825462	0.9407011
2.8330233	0.92647094
2.8730593	0.9335595
2.872072	0.9509082
2.8499722	0.9726996
2.984008	0.9804583
3.036961	1.0021261
3.041024	0.98370236
3.0344384	0.98694706
2.9794512	1.0046768
2.927028	0.99332243
2.9326038	0.98584557
2.920592	0.98184663
2.8914633	0.97772396
2.800983	0.9782542
2.573037	0.9929021
2.6728313	0.9963234
2.8434596	0.9911563
2.5093398	1.0005733
2.3561156	1.034411
2.6780312	1.068155
2.571172	1.7038623
2.5968282	1.9615963
2.518794	1.9430016
2.5752761	1.8447006
2.9825132	1.9803541
2.9793835	1.9876975
2.9654765	1.9885485
2.9307256	1.9904964
2.917612	1.992912
2.997317	1.994167
2.9787235	1.9962332
2.8653963	1.9988205
2.8550937	1.9977312
2.7004733	1.9957231
2.6164126	2.0003893
2.7663903	1.9672459
2.835831	1.6348212
2.7570076	1.9290305
2.713595	1.9915066
2.5773723	1.9883918
2.447824	1.972205
2.6332903	1.9893235
2.5863147	1.9809196
2.3249269	1.9457352
2.1429775	1.9659542
2.109497	1.9807692
2.0446885	1.9730576
2.001297	1.9769381
2.001074	1.9788787
1.9192089	1.9937509
1.8472037	1.9950161
1.8453789	1.995866
1.8842337	2.0081756
1.7700062	2.0196972
1.7534467	2.0253007
1.659547	2.0317047
1.5381533	2.0287316
1.6078589	2.0150738
1.4430044	2.0059302
1.5030818	1.9971881
1.6665157	1.9981635
1.8780426	1.9991418
1.8040663	1.9951802
1.4640212	1.9882349
1.7419802	1.960128
1.7350963	1.9212756
1.5486822	1.0394393
1.2088042	1.0130453
0.93016535	1.497195
0.9455223	1.1113143
1.0473524	1.0114627
1.3446181	0.9901028
1.3744552	0.9451363
1.2244551	0.95643145
0.9953481	0.9839269
1.0416535	0.9849897
1.2013389	0.9778646
1.1331674	0.99350613
1.294761	0.9785636
1.3790729	0.9821836
1.3337679	0.9981928
1.4104991	1.0074729
1.5390707	1.0082282
1.5767705	1.0065571
1.5405102	1.0196989
1.4240324	1.0320655
1.5090741	1.0228577
1.4831938	1.0217476
1.4650836	1.0267577
1.5976691	1.0858489
1.6496197	1.7180358
1.9263569	1.7978083
2.1475518	1.8199391
2.1697931	2.0060518
2.1154785	2.0100665
