1.9711682	1.4353162
1.9827973	1.4623604
2.020008	1.4697943
2.0366294	1.50356
2.0770607	1.5152813
2.0997236	1.5609173
2.1345382	1.5689065
2.1540809	1.601788
2.1744125	1.616178
2.1871028	1.6340551
2.1972	1.6414708
2.2028968	1.6507797
2.2076406	1.6554557
2.2119906	1.6562631
2.2120392	1.6582656
2.212077	1.661057
2.2136977	1.6617806
2.2123394	1.6626314
2.2120616	1.6626765
2.2094197	1.6620421
2.2148218	1.6573838
2.2133913	1.6521311
2.216063	1.638907
2.2147849	1.6226951
2.2095923	1.6089288
2.2051141	1.5845956
2.1996038	1.5617564
2.1985605	1.529496
2.1899865	1.5085324
2.1866083	1.4704584
2.1696448	1.4597871
2.1630726	1.4326816
2.14412	1.4139129
2.1366358	1.4015578
2.1330323	1.3866241
2.126522	1.3807155
2.1282454	1.3745699
2.1287115	1.3753482
2.137516	1.3704137
2.150505	1.3681282
2.1673343	1.3630987
2.1817567	1.3661896
2.1937175	1.3649546
2.2052503	1.367703
2.2111104	1.3685386
2.2171142	1.3686664
2.2179232	1.3676394
2.2221758	1.3690453
2.2225182	1.3686311
2.2216434	1.368228
2.2198975	1.367293
2.2191122	1.369569
2.2153668	1.372752
2.2122378	1.376307
2.2054918	1.3821783
2.205071	1.3837192
2.1985424	1.3814309
2.1845825	1.3854759
2.1719296	1.3911079
2.154862	1.4000375
2.1368327	1.4109435
2.1085517	1.4251794
2.0877776	1.4326594
2.0564287	1.4532492
2.031832	1.4563887
1.9910321	1.4633996
1.9547464	1.4701674
1.9184586	1.4842336
1.877691	1.4910816
1.8416545	1.5115381
1.8041407	1.5264404
1.7897762	1.5373992
1.7691841	1.5343208
1.760105	1.5499638
1.7546723	1.5520158
1.75242	1.5596368
1.7469693	1.5620428
1.748618	1.5647867
1.7505169	1.5656624
1.7513604	1.567486
1.7531627	1.569888
1.7532455	1.5708302
1.7541924	1.5708463
1.751891	1.5692492
1.7597269	1.5641047
1.7620996	1.5572267
1.7689431	1.5455192
1.7801996	1.539291
1.7929049	1.5257434
1.8067008	1.5200958
1.8261659	1.5045187
1.8384954	1.4942671
1.8607597	1.4762919
1.8808694	1.4605038
1.9038208	1.4414148
1.919147	1.4233508
1.9370677	1.4087296
1.9462874	1.3990377
1.9573585	1.3920641
1.9604367	1.3855263
1.966628	1.3868357
1.9676085	1.3820935
1.9767971	1.3778316
1.979196	1.3755497
1.982903	1.3732744
1.9906292	1.3707286
1.9927932	1.3697307
1.9999367	1.368772
2.0020397	1.3673925
2.0124068	1.3649465
2.0251207	1.3605683
2.0455093	1.355493
2.0653045	1.3524029
2.085113	1.3526608
2.1096346	1.3550546
2.1265535	1.3578163
2.1517155	1.3595573
2.1760352	1.3619385
2.1980894	1.3633083
2.2181194	1.3644212
2.2342663	1.3684751
2.2441401	1.3699732
2.246698	1.3710936
2.247509	1.3692081
2.24787	1.3678983
2.2469332	1.36566
2.244774	1.3647219
2.2426407	1.3649596
2.2410924	1.3652571
2.2418623	1.3664758
2.2416642	1.3671066
2.2398264	1.3675812
2.2337563	1.3670039
2.2234972	1.3680894
2.2103422	1.3678213
2.1915417	1.3667538
2.1679654	1.3640207
2.1400313	1.3616214
2.1129158	1.3585421
2.0793507	1.3589436
2.0580213	1.3591384
2.0316203	1.3574435
2.0040894	1.359157
1.9777703	1.3622466
1.9572005	1.3646823
1.9211845	1.3717184
1.9006221	1.3718132
1.8648664	1.3787875
1.8492482	1.3768454
1.8221232	1.3804135
1.8106774	1.3819677
1.8003739	1.3842723
1.7938836	1.3859092
1.7892576	1.3864181
1.7873636	1.3864499
1.7875624	1.3870397
1.7861876	1.3854791
1.7879269	1.3861982
1.7854922	1.3852918
1.7869153	1.385621
1.7895851	1.3858963
1.79655	1.3833783
1.8083735	1.3818765
1.821569	1.3799998
1.8372391	1.3761654
1.8619426	1.3729616
1.8861439	1.3701122
1.9162698	1.3668699
1.9428129	1.3655975
1.9709862	1.3615063
1.9995465	1.359938
2.0295815	1.3550413
2.0579474	1.3520863
2.088366	1.3501544
2.1176548	1.3485849
2.152749	1.3482944
2.183432	1.3487121
2.2094407	1.352866
2.2302604	1.3579403
2.2474747	1.3631713
2.2566626	1.3643645
2.2608209	1.3652822
2.2614098	1.3638676
2.2614326	1.3628848
2.2617102	1.3619528
2.259791	1.3599331
2.2575314	1.3594499
2.258105	1.3593829
2.2545638	1.3581141
2.2483804	1.3586485
2.2418647	1.3588033
2.2273638	1.359242
2.2079127	1.3569272
2.1806843	1.3531398
2.162112	1.3510854
2.133855	1.3464617
2.114686	1.3441515
2.0930002	1.3441042
2.0709767	1.3424045
2.0599618	1.343472
2.04857	1.3433114
2.0457246	1.3440055
2.0417697	1.3452984
2.0415454	1.3457701
2.0387747	1.3476001
2.0365531	1.3469139
2.038005	1.3483453
2.0373611	1.3485217
2.0379436	1.3496082
2.0312757	1.3565096
2.0339205	1.356185
2.021887	1.3743906
2.0291562	1.3818045
2.0495408	1.3870207
2.0665238	1.3933705
2.0577219	1.4252387
2.0589654	1.43805
2.0513844	1.4630333
2.0365083	1.4803828
2.0306425	1.5045297
2.0170786	1.5276934
2.0120587	1.5472608
2.0028079	1.5735139
1.9989492	1.577338
1.9989529	1.6125479
1.9930689	1.6153352
1.9933449	1.6493964
1.993594	1.650771
1.994711	1.6588975
1.9883301	1.6603783
1.9866295	1.6640543
1.9802574	1.6625919
1.9757715	1.6638958
1.9720227	1.6649165
1.9670979	1.6642863
1.9699606	1.6627109
1.9792658	1.6617903
1.9877902	1.6573305
2.0108142	1.6597619
2.0375366	1.6486363
2.0639496	1.6577767
2.1039774	1.6524231
2.1295023	1.6652302
2.1651745	1.6649992
2.1832018	1.6791301
2.200534	1.6819445
2.2142603	1.6851677
2.2190838	1.678155
2.220795	1.6732953
2.2207372	1.6690164
2.2202415	1.6662593
2.219359	1.6667142
2.2209022	1.6695002
2.2211223	1.6696687
2.221556	1.669792
2.222625	1.6645234
2.226652	1.6570891
2.2320352	1.6413678
2.2414095	1.6279832
2.2476559	1.5993978
2.2570074	1.5762013
2.2625694	1.5569257
2.272189	1.538287
2.2704725	1.5228399
2.2707846	1.4846786
2.2634542	1.4662566
2.2553833	1.4409009
2.2360156	1.4133637
2.2218268	1.4057717
2.2092075	1.3866327
2.2058003	1.3858138
2.2067096	1.3788148
2.2077467	1.37626
2.2063313	1.3716037
2.2051117	1.3727206
2.2089329	1.3687512
2.2069356	1.3712513
2.2054832	1.3720841
2.2003336	1.3741666
2.1927793	1.374015
2.1854267	1.3727459
2.1721835	1.370863
2.1549058	1.3725011
2.1406124	1.3683556
2.1194046	1.3701162
2.1044776	1.3641199
2.0887344	1.3691577
2.0768833	1.3675579
2.065993	1.3693029
2.0543263	1.3716481
2.0522223	1.3705907
2.0447972	1.3708085
2.0399392	1.3716986
2.0376446	1.3727285
2.0374906	1.3718926
2.0338132	1.3723226
2.0316203	1.3743213
2.035367	1.3726768
2.035678	1.3718857
2.0470984	1.3666497
2.0546815	1.3652351
2.0659783	1.3618423
2.0834503	1.3628011
2.1031845	1.3609139
2.1254587	1.3636415
2.1482625	1.3618954
2.1779432	1.3632221
2.2000175	1.3691417
2.2268476	1.3674836
2.24842	1.3731946
2.266921	1.3727074
2.2819617	1.3761847
2.2949905	1.3753762
2.2999868	1.378991
2.2965674	1.3773758
2.2900436	1.3758386
2.2841928	1.3723667
2.2826319	1.3722494
2.276662	1.3690251
2.2719374	1.3692739
2.263825	1.3692801
2.252939	1.3680947
2.236067	1.3669314
2.2205043	1.3633837
2.1948514	1.3597339
2.1742206	1.3573196
2.1493883	1.3541297
2.1320577	1.3534299
2.1138132	1.3517085
2.098102	1.3508096
2.084215	1.3520663
2.0711446	1.3525318
2.059864	1.3565416
2.047688	1.3597919
2.040773	1.3589174
2.0323582	1.3620492
2.0279334	1.3616372
2.0221243	1.3629979
2.0189881	1.3631643
2.0160537	1.3631994
2.013061	1.3626598
2.011464	1.3612067
2.0072756	1.3626223
2.008612	1.364322
2.0081942	1.363821
2.0111983	1.3727577
2.0256999	1.3713627
2.0371196	1.3843279
2.0517673	1.3903501
2.062169	1.4089589
2.0782464	1.4144477
2.0880835	1.4387709
2.1045728	1.4503629
2.1269455	1.4778475
2.1349025	1.5116799
2.153155	1.5258104
2.1671557	1.5768818
2.1903234	1.5954386
2.204531	1.6400877
2.2142384	1.6475524
2.2151675	1.6629498
2.2095006	1.671625
2.2047	1.6722169
2.1986392	1.6758338
2.19814	1.6740122
2.1952903	1.6753747
2.1950839	1.6732824
2.1940114	1.676516
2.198264	1.6754748
2.1916525	1.6776135
2.1919851	1.6795064
2.180433	1.6846094
2.1638715	1.6833073
2.1475427	1.6820518
2.117419	1.6718737
2.0921612	1.666642
2.0603325	1.6624656
2.0305834	1.657975
2.000076	1.6546636
1.9651852	1.6496079
1.935204	1.6462226
1.8994147	1.6399078
1.8657717	1.6321682
1.8406646	1.6292398
1.8150359	1.6261684
1.7923659	1.6222389
1.7794693	1.6192411
1.767114	1.6174464
1.7586517	1.6138413
1.7514986	1.60914
1.7484871	1.6043113
1.745441	1.6017791
1.7428536	1.5971339
1.7439283	1.5986423
1.7480391	1.5955523
1.7505835	1.5944579
1.7580523	1.5928526
1.7686124	1.5898883
1.7864351	1.5858493
1.798826	1.5896404
1.836796	1.5841029
1.864951	1.5909652
1.8978062	1.5907903
1.9379313	1.5964698
1.9602815	1.601445
1.9867321	1.602814
1.9967797	1.604421
2.008962	1.6050681
2.0085056	1.6026672
2.0065022	1.601461
2.003153	1.5983663
1.9976172	1.5992492
1.9940904	1.5999746
1.987171	1.5991489
1.9896644	1.5983319
1.9827098	1.5951115
1.9871154	1.5881014
1.9870471	1.5789922
1.9880005	1.5586855
1.9839323	1.5437471
1.9889517	1.522704
1.981136	1.5038252
1.9832499	1.484975
1.9886469	1.4635844
1.9862068	1.4424233
1.9876468	1.4257516
1.9818528	1.4102513
1.9821734	1.3941308
1.9820865	1.3833947
1.9828999	1.3718954
1.9835236	1.3724487
1.978161	1.3654599
1.96464	1.3736306
1.97032	1.3634084
1.9672312	1.3672184
1.9805698	1.3584657
1.9888635	1.3542881
1.9984679	1.3517579
1.9996816	1.3504907
1.9967309	1.3517038
1.997025	1.3540212
1.9984177	1.3538855
1.9861283	1.357111
1.9797093	1.3590577
1.961349	1.3611858
1.9571244	1.361255
1.9369888	1.3642261
1.9234943	1.3640119
1.9066936	1.3674917
1.8890355	1.3688349
1.8785976	1.370365
1.864385	1.3720852
1.8521703	1.3735569
1.8414342	1.3752418
1.8360957	1.3750067
1.8260435	1.376623
1.8210919	1.3773537
1.8204286	1.3779464
1.8175335	1.3780698
1.8177663	1.3794372
1.8132036	1.3802168
1.8162085	1.3806677
1.8182306	1.3805135
1.8216856	1.379938
1.8186487	1.3797159
1.8308997	1.3776118
1.8372636	1.3777082
1.8507969	1.3759985
1.8652669	1.3749872
1.8766283	1.3737038
1.905843	1.3699203
1.9120611	1.370199
1.929608	1.3690444
1.9463216	1.3670319
1.9631637	1.3659021
1.975101	1.3646789
1.9788389	1.3648624
1.991408	1.3628411
1.9910944	1.3613467
1.9968507	1.3598018
2.003489	1.3598322
2.0062385	1.3589941
2.0060961	1.3601407
2.0084515	1.360251
2.0108747	1.3610696
2.0114162	1.3617222
2.0128212	1.3641046
2.0147712	1.3670037
2.0125	1.3718195
2.012238	1.3729876
2.0069652	1.3805213
2.0022142	1.3852693
1.9941311	1.3966707
1.9856585	1.4028211
1.9800539	1.4151754
1.9666225	1.4237405
1.9458596	1.440853
1.931002	1.4464827
1.8953627	1.466787
1.8747987	1.473944
1.8483104	1.4971725
1.830706	1.5021567
1.8082278	1.5218868
1.8013858	1.5339533
1.7963585	1.5459286
1.7881818	1.5603389
1.7845219	1.5708258
1.7816557	1.5788225
1.7798407	1.5875223
1.7771076	1.5929962
1.7763823	1.5992589
1.7743951	1.6029224
1.7757956	1.6042427
1.7766942	1.6051911
1.776507	1.6047604
1.7770516	1.60461
1.7804122	1.6030568
1.7826684	1.6030339
1.7943469	1.602621
1.8036788	1.604078
1.825715	1.6043513
1.8433409	1.6069804
1.8660021	1.607102
1.8878164	1.6073409
1.9099641	1.609241
1.9344802	1.6092609
1.9590102	1.6091229
1.9884056	1.6111238
2.0245035	1.6107534
2.0559096	1.6147721
2.091403	1.6221892
2.1225169	1.625987
2.1564124	1.6303072
2.181171	1.6365349
2.208077	1.6480912
2.221095	1.6542816
2.235107	1.6638333
2.2398586	1.6673169
2.2427778	1.6684834
2.242104	1.6633823
2.240596	1.661213
2.2379754	1.6583824
2.237832	1.6595746
2.234865	1.6591203
2.2349157	1.6609565
2.2299707	1.6612353
2.2212777	1.6598475
2.21012	1.6571652
2.19484	1.651826
2.1737804	1.643342
2.1523955	1.6382266
2.1268804	1.6295639
2.0980647	1.6218735
2.0679061	1.6139759
2.0365193	1.6091785
1.9961032	1.6010557
1.9703034	1.5975138
1.9334912	1.5939324
1.898805	1.589776
1.8664575	1.5912118
1.8358865	1.5898682
1.8138736	1.5913012
1.7943095	1.5925564
1.7795643	1.5920794
1.7672913	1.5970017
1.7645295	1.5984801
1.7595296	1.5999836
1.75819	1.6023084
1.7562613	1.6034336
1.7597063	1.6047684
1.7600118	1.6071181
1.7591126	1.6060207
1.7609735	1.6058202
1.7577909	1.6018461
1.7573977	1.596338
1.7525364	1.5893885
1.7477545	1.5761076
1.7441944	1.5681742
1.7428932	1.5485344
1.7416106	1.5344261
1.7390101	1.5197033
1.7403371	1.491198
1.7426167	1.4760864
1.7435093	1.4652591
1.7516538	1.4470459
1.7585839	1.4335083
1.7639753	1.4202223
1.7705083	1.4126015
1.7720709	1.402212
1.7754915	1.39862
1.7842793	1.3895255
1.7852029	1.3868239
1.7871362	1.3806828
1.7916728	1.3760749
1.7919271	1.3742529
1.7926286	1.3704493
1.7985622	1.3722823
1.8009939	1.370233
1.7993007	1.3707818
1.8034399	1.3706698
1.8032995	1.3736504
1.8084894	1.3723564
1.8132312	1.3796558
1.829347	1.3777337
1.8476449	1.3842512
1.8604611	1.3922538
1.8813958	1.405413
1.904511	1.418
1.9262977	1.4385158
1.9522691	1.4466474
1.9714228	1.4719311
1.9898287	1.4925125
2.0084414	1.5183681
2.0385585	1.5368111
2.0581653	1.5617346
2.084029	1.5746927
2.1057966	1.6012282
2.1286943	1.6186358
2.1508389	1.6400179
2.1675534	1.6577438
2.188525	1.6699929
2.2008595	1.6793624
2.2163785	1.694617
2.2268014	1.7035946
2.2275047	1.7086498
2.230972	1.7110351
2.2289748	1.7091061
2.2312443	1.7085377
2.229924	1.7079594
2.2292008	1.7067674
2.2265942	1.7061679
2.2247412	1.7056311
2.2174172	1.7034894
2.2004938	1.6967841
2.1899257	1.689967
2.1692557	1.6779833
2.1542168	1.6727922
2.132879	1.6649369
2.1140218	1.661502
2.094755	1.6605887
2.0735767	1.6569673
2.054787	1.6549219
2.034878	1.6532437
2.0155048	1.6592456
2.0061877	1.6542366
1.987966	1.6550035
1.9758003	1.6589339
1.9703447	1.6575071
1.9670657	1.6575402
1.9647106	1.6573243
1.9667102	1.659155
1.9657785	1.6570851
1.967928	1.658749
1.9733012	1.6544622
1.9795452	1.650533
1.9856559	1.6423342
2.0012674	1.6327308
2.0122676	1.6255679
2.0307298	1.6143498
2.0412602	1.6080681
2.061475	1.584182
2.0736237	1.570352
2.088223	1.5471578
2.1050315	1.5214663
2.1219022	1.4949484
2.136083	1.4652917
2.1504214	1.4508135
2.1580515	1.431629
2.1607528	1.4211458
2.1653633	1.409925
2.1697295	1.4020202
2.1795983	1.3849711
2.190208	1.3856046
2.2086253	1.3791906
2.217169	1.3824842
2.226086	1.3856137
2.2283201	1.3861076
2.2300036	1.3857049
2.230137	1.385331
2.2302825	1.3875041
2.227545	1.3904629
2.225125	1.394733
2.2200477	1.4004465
2.2169418	1.4015324
2.2042918	1.4104779
2.1966655	1.4131608
2.17765	1.423482
2.1650598	1.424848
2.1435833	1.4339833
2.1258633	1.4425535
2.0975585	1.4574958
2.0721886	1.462718
2.0409963	1.4778389
2.0042892	1.4818608
1.9618266	1.4984317
1.9192739	1.5121952
1.8788586	1.5248199
1.8499268	1.5372349
1.8163947	1.5490594
1.7970049	1.5705209
1.7770091	1.5775703
1.770082	1.5891416
1.7640002	1.5937828
1.7602594	1.6005515
1.7579691	1.6049839
1.7562529	1.6068612
1.7562411	1.6084722
1.7565486	1.6100208
1.7534895	1.61023
1.755869	1.6111033
1.7559562	1.6102926
1.760715	1.6055052
1.7663697	1.600443
1.7751746	1.595201
1.7837238	1.5838444
1.7982955	1.5814704
1.814702	1.566793
1.8321561	1.5581744
1.8566006	1.5396842
1.8828001	1.5313103
1.9071074	1.5164236
1.9420927	1.5090127
1.97373	1.4948087
2.0093641	1.4865856
2.0448186	1.474266
2.074254	1.4694824
2.10607	1.4572697
2.1264384	1.4517186
2.1527462	1.4413393
2.168621	1.4372802
2.1878998	1.4277897
2.2040668	1.4250602
2.2208686	1.4228122
2.2343285	1.422136
2.2431018	1.4201919
2.244935	1.4183084
2.2491798	1.4159726
2.2509892	1.4153428
2.25118	1.4132786
2.2507193	1.4124241
2.2511227	1.4117793
2.2473156	1.4130269
2.2481186	1.4160147
2.2417047	1.419366
2.2330244	1.4228708
2.222718	1.4264487
2.2067537	1.4297936
2.1959486	1.4345777
2.182553	1.4388806
2.1666236	1.4523551
2.1482081	1.4582975
2.1245284	1.4716624
2.1046648	1.4745568
2.078168	1.4846187
2.049836	1.488909
2.015536	1.503314
1.9846604	1.5107988
1.9509689	1.5237191
1.9149222	1.530758
1.8922167	1.5398211
1.8646333	1.546081
1.8349706	1.5583808
1.8128219	1.5664811
1.7946074	1.5809138
1.7780508	1.5919143
1.7654167	1.6048106
1.7602988	1.6066929
1.7556498	1.6102483
1.7524344	1.6100051
1.7493018	1.6146894
1.7486907	1.6179132
1.7496295	1.6191677
1.7500591	1.6229345
1.7530065	1.6215726
1.7505847	1.6210921
1.752478	1.621965
1.7560607	1.6214055
1.7627761	1.6211567
1.7720761	1.6211319
1.7847109	1.6190847
1.8020214	1.6153996
1.8222576	1.6117578
1.8535666	1.6066061
1.8780001	1.6012722
1.9112711	1.6047665
1.944034	1.5962597
1.9807909	1.5997556
2.018391	1.5954493
2.0542176	1.5955987
2.0882218	1.6006557
2.1184294	1.6060275
2.14665	1.6108228
2.1713388	1.621263
2.1867676	1.6268357
2.2024212	1.6374272
2.2094839	1.6427289
2.2113194	1.6418175
2.2139978	1.6448258
2.211676	1.6415306
2.2119794	1.6429263
2.2120843	1.6445829
2.2096255	1.6447276
2.2113013	1.6452372
2.209631	1.6431057
2.2109437	1.6368799
2.2076335	1.6335945
2.2080755	1.620353
2.2023644	1.6169307
2.1979868	1.6037189
2.187274	1.5921477
2.1744707	1.5777118
2.1578357	1.5544547
2.1396062	1.5410699
2.122297	1.515853
2.0987163	1.4990994
2.0857325	1.4833298
2.06762	1.4687288
2.052317	1.4606267
2.0391681	1.4478743
2.0274837	1.4372257
2.0162725	1.4283035
2.008119	1.4209787
2.0004401	1.4168947
1.9971999	1.4105123
1.9983778	1.4065822
1.9978662	1.4060041
2.002411	1.4052677
2.0053284	1.4075146
2.0045228	1.4065535
2.001038	1.4097004
1.9972019	1.4084908
1.9844766	1.4098945
1.9774328	1.4073786
1.9595311	1.4068918
1.9443802	1.4067378
1.9287903	1.4044913
1.9114507	1.3996847
1.8838313	1.4047538
1.8752133	1.3914111
1.8329519	1.3995153
1.8335437	1.3877614
1.8159356	1.3917758
1.8120575	1.3907565
1.8013628	1.3932602
1.7950491	1.3927912
1.7873514	1.3946447
1.7838688	1.3936807
1.7812274	1.392924
1.7782367	1.3929677
1.7799001	1.3903875
1.7796531	1.3901122
1.7764739	1.3907831
1.7751538	1.3900098
1.7698134	1.3911328
1.7770256	1.3907143
1.7754776	1.3921236
1.7824323	1.3909315
1.7857696	1.392261
1.8103007	1.3877435
1.8293346	1.3825452
1.846411	1.383806
1.8726281	1.3840377
1.8943154	1.3856552
1.9249924	1.3827974
1.9551902	1.3826677
1.9811172	1.3799186
2.0061429	1.3785534
2.0354085	1.3770673
2.0590832	1.3759055
2.0890186	1.3727723
2.1031694	1.3731525
2.1332636	1.3734168
2.1519704	1.3743818
2.1705885	1.3729745
2.1864374	1.3725554
2.2028039	1.3716527
2.212848	1.3739492
2.2164898	1.3741666
2.2219753	1.3749803
2.2234912	1.3742288
2.2263174	1.3727576
2.2255006	1.3735087
2.2284317	1.3734446
2.2266562	1.371923
2.2262528	1.3706944
2.225615	1.3697916
2.2229173	1.3684136
2.2209911	1.3682252
2.2172704	1.3691742
2.2139857	1.3698835
2.2093203	1.3720806
2.2053246	1.3765401
2.2045288	1.3824123
2.2046769	1.3873208
2.210777	1.402349
2.2218738	1.4154279
2.228014	1.4349899
2.2311924	1.4623014
2.241161	1.4762113
2.2321713	1.5115798
2.235529	1.521225
2.221506	1.5585132
2.2182221	1.5601544
2.212438	1.5887965
2.2044594	1.5878654
2.1966722	1.6083356
2.189142	1.6163405
2.1832666	1.6238974
2.1851587	1.6364543
2.183014	1.6402438
2.18788	1.649518
2.1903093	1.6592729
2.191323	1.6629726
2.1979477	1.6708373
2.1969903	1.6740719
2.2044444	1.6789775
2.2014515	1.6781275
2.1988616	1.6795794
2.2025928	1.6779368
2.2004192	1.6715481
2.201785	1.6675532
2.2006402	1.6551373
2.1957424	1.6481969
2.1878204	1.6397474
2.1833339	1.6248012
2.1719942	1.6111999
2.163844	1.5857989
2.1455448	1.5733539
2.1343994	1.5510089
2.1047819	1.5337507
2.0826297	1.5055891
2.057828	1.485204
2.0370505	1.4590886
2.0235724	1.4420476
2.0051942	1.4303303
1.9994186	1.4203142
1.988913	1.4093285
1.9890499	1.4077785
1.9902475	1.3979621
1.9881076	1.3990383
1.9909613	1.3981524
1.9882164	1.3946985
1.9923482	1.3956238
1.9907901	1.3937595
1.9934412	1.3948307
1.9937197	1.3964963
1.9977427	1.3999382
2.0017123	1.40464
2.0059962	1.4090221
2.01021	1.4174272
2.0135958	1.4221691
2.014824	1.4363562
2.0142882	1.4502107
2.0140333	1.4615132
2.01444	1.4759772
2.0100024	1.5029658
2.006145	1.5148807
2.0081408	1.5510042
1.999852	1.5607766
1.9924397	1.586332
1.9838057	1.6080647
1.9762502	1.6156399
1.9703534	1.6382835
1.964274	1.647064
1.9576216	1.6583983
1.9603282	1.6629175
1.9622784	1.6663678
1.9607289	1.670338
1.9562434	1.6760923
1.95262	1.6798732
1.9502621	1.6789814
1.954486	1.6776572
1.959058	1.6742516
1.9588025	1.6626222
1.9588246	1.6598066
1.9484899	1.6512185
1.9344485	1.6358616
1.9212211	1.6200776
1.9035659	1.5966202
1.895613	1.5768424
1.8841847	1.5586761
1.8731954	1.5349753
1.860661	1.5187945
1.8369744	1.5002971
1.821642	1.4774507
1.8063239	1.4640893
1.7995362	1.4477334
1.7927792	1.4339569
1.7874701	1.4256663
1.7849716	1.4159513
1.7806	1.4119762
1.7808301	1.4078426
1.7793221	1.4031104
1.7727156	1.4038757
1.7749592	1.3998237
1.7723516	1.4006251
1.7772961	1.3961744
1.7732362	1.3967918
1.7780501	1.3939384
1.7749234	1.3934319
1.7782975	1.3921708
1.7830373	1.3918645
1.789959	1.3919444
1.797309	1.3938069
1.8108742	1.3971118
1.8212637	1.4008412
1.836162	1.4050872
1.852642	1.4143647
1.8645328	1.4238036
1.8730627	1.438596
1.891374	1.4494671
1.9038113	1.4596652
1.9110413	1.4927567
1.9227884	1.4996314
1.928155	1.5487016
1.9324982	1.5506889
1.9502299	1.5992883
1.9540533	1.6005191
1.9680368	1.6288766
1.9718874	1.6369102
1.9796573	1.6598378
1.9830759	1.6662053
1.9821271	1.6701952
1.9796834	1.6782379
1.9801134	1.6817117
1.9787945	1.6807235
1.9784884	1.6826522
1.9756974	1.6824836
1.9772878	1.6845201
1.9750376	1.680695
1.9734503	1.6788696
1.97272	1.6758282
1.9662696	1.6702826
1.9594831	1.6697062
1.9501704	1.6569426
1.9432881	1.6375626
1.9315727	1.6234001
1.9191462	1.5974315
1.9002812	1.5750306
1.8820021	1.5418757
1.8594604	1.528063
1.8488196	1.4937633
1.838458	1.4714484
1.8303337	1.4533468
1.8202583	1.4324902
1.8097333	1.4251579
1.8048412	1.4090644
1.7934173	1.410288
1.7917144	1.3986276
1.787643	1.3921127
1.7831305	1.390376
1.7813903	1.3874149
1.7829604	1.3841162
1.7846125	1.3823185
1.7834806	1.3817798
1.7874464	1.3802904
1.7835954	1.3805518
1.7918004	1.3795174
1.7942374	1.3776382
1.8012067	1.375257
1.8130909	1.3742633
1.8292086	1.3699305
1.8430469	1.3675282
1.8580966	1.365412
1.882489	1.3629975
1.9021964	1.3609172
1.9186844	1.359307
1.9452647	1.3558853
1.9622089	1.3541056
1.9873399	1.3518966
2.007755	1.3502903
2.0311399	1.348098
2.049421	1.3462359
2.0763495	1.3446466
2.1023347	1.3436384
2.1274168	1.3438616
2.1541474	1.3434263
2.182923	1.346235
2.2077262	1.3482184
2.2296875	1.3523952
2.247269	1.3568408
2.2591553	1.3610617
2.2636402	1.3626027
2.266397	1.3625104
2.2654092	1.361546
2.2645173	1.362052
2.2631032	1.36079
2.2611604	1.361788
2.2599382	1.3629202
2.2541041	1.3667136
2.248125	1.3692436
2.2408957	1.3748487
2.234963	1.3730251
2.228823	1.3792912
2.2192588	1.3839587
2.207478	1.3980649
2.1972692	1.4077575
2.1873996	1.4284425
2.1762183	1.4409359
2.1595654	1.4623702
2.1345584	1.485166
2.1059418	1.4968386
2.0654037	1.5087248
2.0243843	1.5225375
1.97682	1.5273598
1.9284841	1.538914
1.8877704	1.5519321
1.8547349	1.562542
1.822036	1.5692117
1.7986901	1.5827702
1.7830453	1.5889875
1.776425	1.5936714
1.7728328	1.5986964
1.7692034	1.6041557
1.7681965	1.6082255
1.7679197	1.6119292
1.7681866	1.6130253
1.7696476	1.6139616
1.769069	1.613623
1.7657014	1.6139349
1.76996	1.612108
1.7668445	1.6056145
1.7633606	1.5992005
1.7648975	1.5861995
1.7687778	1.5731089
1.7697358	1.5612476
1.7696246	1.5513438
1.7647341	1.5302637
1.7656267	1.5100349
1.7644464	1.4853445
1.7674364	1.4629683
1.7709473	1.4453832
1.768577	1.429672
1.7737393	1.4198811
1.7809669	1.4024663
1.7840744	1.3987082
1.788552	1.3900895
1.7912334	1.3869436
1.7858932	1.3889544
1.7797493	1.3906642
1.7849178	1.3873438
1.7856458	1.383505
1.7915155	1.3803021
1.7943827	1.37894
1.7960498	1.3772562
1.801484	1.3760043
1.8103437	1.3747756
1.8225046	1.37166
1.8341842	1.3689458
1.8467362	1.3682168
1.8619281	1.3656254
1.8749485	1.3655741
1.89502	1.3621894
1.910897	1.3618615
1.930066	1.3597823
1.9432064	1.3584687
1.965057	1.35457
1.9753506	1.3531592
1.9891596	1.3494891
2.0003772	1.3489089
2.0042012	1.3474076
2.0147328	1.3483137
2.0146317	1.3480151
2.01835	1.3480974
2.0166762	1.3482345
2.019979	1.3497982
2.0270002	1.3520097
2.0269134	1.3589976
2.0374558	1.3652716
2.048648	1.3758625
2.071835	1.3908703
2.101153	1.394285
2.1210446	1.4198005
2.1400764	1.4462333
2.146916	1.4907988
2.160239	1.5201509
2.1678433	1.5808883
2.1894517	1.5936756
2.1951253	1.636506
2.1958447	1.6543883
2.2018514	1.6702424
2.1990814	1.6893104
2.19802	1.6952443
2.1966507	1.7009174
2.1928155	1.7022834
2.188615	1.7049689
2.1858656	1.7051524
2.1844842	1.7038455
2.1869125	1.7015523
2.1829	1.701825
2.1847866	1.6982895
2.1820223	1.6940597
2.1794116	1.683375
2.1736765	1.669699
