1.0992936	1.1984404
1.0668387	1.3537695
1.1871082	1.3987762
1.2601782	1.5703998
1.2594182	1.7404537
1.2111461	1.8917171
1.2426343	1.9996763
1.225194	2.1743755
1.4271171	2.0518856
1.5397438	2.0614927
1.6774461	2.1907823
1.7996577	2.0983002
1.6522714	2.171764
1.6842144	2.180859
1.6147571	2.1324925
1.582872	2.015359
1.4885489	2.0245037
1.273377	2.0827043
1.0665898	2.121919
0.9746187	2.0350673
0.93995786	2.030794
0.89942294	1.9988133
0.909742	1.9763322
0.94976276	2.0344028
1.0019588	2.0827029
0.97087795	2.0509434
0.96184474	2.04222
1.0314609	2.0929756
1.0508628	2.1228662
1.0346025	2.0918553
1.062509	2.066921
1.1463419	2.0150428
1.2348212	1.8842868
1.146732	1.8915813
1.1642302	2.033951
1.3997287	2.0291495
1.5139691	1.9440038
1.5896887	1.8356777
1.7470416	1.6960717
2.0644813	1.6160583
2.2214422	1.5546513
2.3081715	1.2658883
2.4378216	1.313636
2.8108888	1.4556924
3.0149963	1.3419555
2.9742765	1.2495259
3.1365488	1.3379669
3.2088892	1.1104519
3.1602652	0.8432941
3.0317185	0.9879649
3.084607	1.3468279
3.0714846	1.1779124
2.9177554	1.1094238
2.9034386	1.177503
2.9727087	1.1458153
2.9396474	1.1989465
2.8721244	1.2394586
2.8775296	1.2372975
2.8397522	1.1898909
2.8359756	1.1890335
2.8843186	1.2047615
2.9279857	1.2102705
2.7868862	1.2754192
2.7725968	1.3956559
2.7676659	1.5512446
2.626087	1.6002816
2.5213401	1.6815556
2.3727157	1.6604112
2.2032592	1.7213732
2.2183087	1.7900532
2.0844784	1.8410882
1.8930825	1.9102905
1.779527	1.9767702
1.7950959	2.0982456
1.77498	2.109639
1.8023589	2.0546973
1.8563194	2.0562832
1.9520222	2.0663114
2.0343583	1.9103618
2.074251	1.9473088
1.9662952	2.0566258
1.9738541	2.0382898
2.056885	2.0418634
1.9367763	2.0783138
1.9350107	2.0769565
1.9189011	2.0670307
1.9720385	2.0653439
1.9466662	2.073357
1.7670517	2.1356404
1.5505874	2.2188497
1.3989815	2.252568
1.2855126	2.210149
1.1239103	2.1201859
1.1410199	2.0674415
1.0192791	2.0347538
0.82712674	1.975258
0.7716719	1.9750894
0.70410943	1.9883126
0.63440627	1.926582
0.6530007	1.920112
0.78030133	1.9810956
0.8589942	2.0634408
0.86797297	2.1066632
0.87437254	2.1449578
0.90198725	2.164501
0.9349537	2.1460536
0.94868547	2.1331973
0.9181302	2.0957882
0.8871745	2.0720396
0.89548194	2.0884407
0.9609419	2.1274474
1.0716645	2.1276586
1.1746993	2.1265128
1.3321831	2.1513784
1.5332737	2.2002687
1.7423961	2.2507205
1.9821632	2.2712054
2.279912	2.2109094
2.2922027	2.1837606
2.3751106	2.216527
2.6448064	2.1820447
2.7078395	2.1362548
2.6820514	2.1002166
2.9417155	2.008479
3.0305152	2.009501
3.140922	1.9302013
3.1567333	1.9907286
3.2204196	1.9966491
3.220854	1.9588567
3.0650434	1.9530537
3.0522344	1.9407432
3.0324972	1.9665565
2.9906013	1.9799103
2.941023	1.9807432
2.941593	2.0143328
2.8992193	2.0100582
2.946397	2.019697
2.957454	1.9999381
2.9278064	1.9829845
2.8563468	2.038824
2.683066	2.049714
2.5875401	2.0395875
2.5193534	2.0851061
2.2907796	2.108624
2.0719945	2.1118593
1.8413184	2.1183593
1.6929929	2.1043055
1.6109492	2.1297846
1.4590106	2.126699
1.3138188	2.1832287
1.2102656	2.2172892
1.1290709	2.1966584
1.0317734	2.1815453
0.79881054	2.1499403
0.63073444	2.1248405
0.5979526	2.0580974
0.56806904	1.9617813
0.53426284	1.9000899
0.5742306	1.951465
0.6785872	2.030061
0.7544547	2.1074054
0.779523	2.1455107
0.7658507	2.1515477
0.80903167	2.1940136
0.832889	2.1933098
0.77812016	2.16328
0.8138391	2.1959102
0.887589	2.2117023
0.88897383	2.1855943
0.9935227	2.1827288
1.2234384	2.257651
1.479567	2.3222225
1.5871639	2.3199892
1.7815539	2.3701315
1.8696545	2.3880599
1.9716899	2.3498404
2.181471	2.3560789
2.159054	2.3291347
2.1238594	2.3185382
2.047816	2.3086529
1.9530468	2.2866313
1.8968891	2.274281
1.9205959	2.2468414
1.9781481	2.2684245
1.8982967	2.2587762
1.874703	2.2525377
1.8937435	2.2210166
1.8972205	2.2106142
1.8697616	2.2724562
2.2489803	1.8592178
2.211844	1.6898017
1.4619005	1.9154978
1.1955671	1.8969506
1.69691	1.3441583
1.8206407	1.2302278
1.8804386	1.1453992
2.1865036	1.0649447
2.2007763	1.0050247
2.2104864	0.8829514
2.2046552	0.8365668
2.1914499	0.80828255
2.129215	1.0511794
1.9721509	0.9296164
2.0727706	0.9198084
2.042201	0.72432405
1.9159108	0.74460685
1.8798058	0.93738294
1.9825443	0.90111786
2.0196743	0.9083297
2.0447764	0.95241594
2.067981	0.9502585
2.0748713	0.9041637
2.1528525	0.9140896
2.063406	0.94215685
1.91892	0.9609898
1.8862166	0.98141533
1.6593606	0.9887552
1.4265082	1.159679
1.3193858	1.0828001
1.0529848	1.106718
0.96587	1.0416632
0.8517397	1.0364738
0.9015493	0.9116002
0.99491423	0.8238406
0.90639794	0.8427743
0.9531968	0.92542106
1.0158206	0.9916206
1.0595005	1.0180354
1.1058158	1.0448214
1.1356599	1.015296
1.1101413	0.96517736
1.0970073	0.9521256
1.1090065	0.93936235
1.1120007	0.97856927
1.0792183	1.0628319
1.014398	1.1606172
0.9249651	1.2112168
0.8900785	1.5031463
0.8475114	1.7575864
0.8269007	1.7766203
0.78262836	1.6759293
0.8572737	1.6976033
0.82895875	2.065112
0.8492822	2.1013277
0.922071	2.1348894
1.0294391	2.3285098
1.2659961	2.2257187
1.3668362	2.2621014
1.352252	2.1653912
1.1747772	2.060612
1.1053371	2.1040456
1.1522689	2.111099
1.180357	2.075247
1.0714341	2.111405
1.0796037	2.0864143
1.1107333	2.0383813
1.1794806	2.0055048
1.2579081	2.024316
1.2835482	2.0912974
1.412945	2.122208
1.585739	2.0877564
1.6602985	2.11899
1.8606315	2.1180146
1.9571581	2.1930475
1.9933356	2.0985591
2.0013046	2.0908856
2.0650897	2.0699682
2.1233373	1.9958913
1.9781708	2.040456
1.9936326	2.0593998
2.0879261	2.0175033
1.99131	1.9940335
1.9050152	2.0394163
1.9764415	2.0356336
2.0180779	1.9762537
1.9386063	1.9821318
1.9304311	2.008745
1.7432882	2.0955126
1.6606867	2.1192694
1.6686617	2.143108
1.4547858	2.1091273
1.266594	2.0811963
1.1607403	2.0201833
1.0259824	2.0642722
0.82090855	2.0135865
0.74867827	1.8815036
0.6314066	1.9266114
0.5412382	1.863168
0.5343185	1.8720863
0.51169616	1.9042752
0.42296618	1.928305
0.43502772	1.9131681
0.5706929	2.0002923
0.72029597	2.1302552
0.76303756	2.1718457
0.73184234	2.1347058
0.75573283	2.1698546
0.7851192	2.1696284
0.8193302	2.1319053
0.92362607	2.1541543
1.0559229	2.1780317
1.1517301	2.232401
1.370374	2.2852564
1.5481069	2.2979407
1.7124218	2.305142
1.7883166	2.283134
1.8413569	2.2799823
1.9290142	2.2824612
1.9654204	2.2623088
1.9998134	2.2572489
2.0415409	2.1649666
2.112041	2.1088843
2.1097226	2.150519
2.100565	2.109157
2.088453	2.1153333
2.095904	2.1102414
2.0880322	2.0941849
2.054528	2.0950253
2.0619097	2.1201792
2.0729969	2.151821
2.0946562	2.1199896
2.03522	2.112092
2.0784829	2.1121418
2.0816748	1.9691852
1.7827759	2.0296233
1.6056021	1.889644
1.5516069	1.7495584
1.5049878	1.5501312
1.462176	1.5137695
1.5739784	1.3431891
1.4641389	1.3133013
1.2159247	1.0948514
1.3813664	0.87355363
1.4386084	1.04211
1.3868306	0.8218393
1.2213266	0.7425098
1.0915438	0.6886427
1.0661294	0.7739913
1.0573461	0.8943907
1.216484	0.8304003
1.2835263	0.90937364
1.3162447	0.90829396
1.2662328	0.9346067
1.2620901	0.95265394
1.2841787	0.9664907
1.2491455	0.92715985
1.1927986	0.9385687
1.2487351	0.9523006
1.2193626	0.9260535
1.3234185	0.85719514
1.5035869	0.83801
1.585021	0.8652357
1.8799793	1.0026447
2.0842488	1.0600145
2.2657573	1.0389341
2.4181972	1.0542796
2.514848	1.0706255
2.6363394	1.0766536
2.655509	1.0506777
2.8262565	1.0894139
2.990324	1.1588129
2.9228067	1.0896461
2.9743924	1.0189636
3.0987115	1.0302918
3.0417814	1.0075053
3.0190167	0.95262766
3.055664	0.9617181
3.068281	1.0058436
3.0294566	1.0379683
3.045794	1.0632129
3.0849156	1.1020408
3.0190299	1.0380682
2.9381666	1.0646938
2.9426262	1.0833073
2.8670156	1.0773045
2.7167835	1.1669412
2.59674	1.2414523
2.544203	1.1666586
2.1090953	1.26775
1.897185	1.2203834
1.7531204	1.206716
1.4299738	1.1917515
1.3941461	1.122093
1.4012564	1.192691
1.4642581	1.2253257
1.5382738	1.2367517
1.6795495	1.2883285
1.8914856	1.3347292
1.9386929	1.3801783
2.0059557	1.3391036
2.0481853	1.2746792
2.067259	1.2896819
1.9921799	1.3051084
2.0565898	1.3198308
1.9655237	1.3553631
1.8481774	1.4342885
1.9354421	1.6698756
1.9468708	1.7773503
1.8599715	1.8695486
2.028014	1.9352535
2.0486937	1.9125707
1.8084974	2.0203547
1.8814507	2.1214032
1.9540796	2.0831769
2.0939155	2.0500922
2.1741052	2.1224594
2.1442294	2.1714342
2.093123	2.225197
1.9655727	2.1548202
2.153555	2.1474547
2.464308	1.9908061
2.319596	2.1166353
2.24114	2.0666258
2.0866477	2.1586473
1.8366379	2.2753513
1.7587783	2.2717884
1.8864833	2.279582
2.139145	2.22817
2.0700755	2.1843867
1.9368687	2.213545
2.1519926	2.171715
2.330433	2.1252282
2.4911413	2.1178453
2.4223404	2.130885
2.52875	2.1033096
2.6960795	2.1169183
2.743266	2.0691085
2.879882	2.049779
2.7952988	2.0588288
2.817645	2.0402544
2.9286654	2.0183718
2.9051902	2.0108986
2.8371217	2.040337
2.9251602	2.025643
2.955081	2.0065181
2.8328977	2.0210643
2.796778	2.0368667
2.7966948	2.013571
2.8924096	1.9979122
2.8238916	2.0000067
2.6786945	2.0107865
2.7088985	2.0148494
2.844881	2.0200164
2.6812415	2.0526674
2.5380561	2.0491583
2.4582453	2.045611
2.382521	2.0382144
2.3060672	2.0496426
1.9095505	2.1068895
2.0123715	2.0759614
2.119397	2.0553453
1.8619692	2.0932338
1.7364522	2.1093252
1.7774684	2.1076746
1.9154866	2.0878341
1.8208064	2.1120358
1.9625732	2.1482246
2.0349596	2.1615105
1.8379121	2.1535208
1.8820968	2.1633432
2.0097103	2.1404502
1.9859903	2.1281073
1.9365526	2.1268835
1.9804158	2.1330712
1.969208	2.1070375
1.9203458	2.0411932
1.9767187	1.982744
1.9971126	2.0080197
2.0358694	1.9378258
2.1076062	1.8598676
2.213712	1.7107902
2.2745109	1.6683654
2.1872659	1.5837888
2.2994597	1.4645239
2.4653955	1.3163847
2.4931853	1.3434448
2.8467803	1.2310216
2.9330637	1.1572396
2.7940648	1.0297942
2.874162	1.0952421
2.9562929	1.0787513
2.8129485	0.97475594
2.6364684	1.0936979
2.7166808	0.9851486
2.7377474	0.9704743
2.7193365	1.0215896
2.7265213	1.0010175
2.752856	0.9954809
2.767488	0.9614878
2.7955287	0.9474041
2.76913	0.9844933
2.7360637	1.0004522
2.7636192	1.012547
2.770598	1.0229017
2.7414434	1.0530897
2.7322729	1.0608488
2.6279502	1.0757861
2.5404308	1.0748699
2.3048203	1.0849617
2.141612	1.0601095
2.0283837	1.0964421
1.8977937	1.1386343
1.7984209	1.1257435
1.698211	1.1584824
1.6414859	1.1871431
1.4961698	1.196253
1.2590209	1.2762263
1.1408215	1.2577049
1.0471221	1.1422788
0.96343344	1.1545993
0.8847182	1.2053714
0.8565228	1.145682
0.8361243	1.0237956
0.8773731	0.9926077
0.8902947	0.93087894
0.91376936	0.89597344
0.9409863	0.92214453
0.95928377	1.0039338
0.99659055	1.0490714
1.033757	1.059471
1.0463816	1.0355862
1.069829	1.0291482
1.0290827	1.0097076
1.0583513	0.99967027
1.1526625	1.013874
1.2205168	1.0289066
1.3450811	1.0966799
1.5356944	1.1920854
1.6967938	1.2032665
1.8916264	1.2499906
2.0744026	1.3178849
2.1991646	1.3418694
2.431075	1.3237438
2.7142932	1.3465978
2.6537645	1.366289
2.7003534	1.3559742
2.9078052	1.3712283
2.9755511	1.2884078
3.0444694	1.2321223
2.9917307	1.1757116
2.9727879	1.1365867
3.0413985	1.1545913
3.048261	1.0445971
2.9378383	1.0075389
2.9219477	1.0206897
2.949564	0.99330235
2.9530842	0.99715894
2.8649452	0.9893865
2.8480206	0.95075345
2.8855574	0.97087073
2.8588517	0.9804976
2.8923655	1.0200741
2.8849678	1.0810248
2.9290907	1.1441313
3.010525	1.2774694
3.049504	1.3633084
3.025423	1.6166142
2.9607015	1.6404362
2.9878523	1.6719934
3.0468445	2.1019933
3.0120935	2.1455464
2.966953	1.9366566
2.902073	2.0629847
2.847668	2.1646261
2.8213425	2.1422746
2.7908187	2.1004016
2.9167964	2.1014829
2.9197485	2.0636387
2.7919426	2.1077495
2.8505092	2.0970693
2.928793	2.1084206
2.8609202	2.1607218
2.943049	2.1509616
3.0057945	2.1712472
2.837032	2.11282
2.830709	2.1235201
2.940553	2.1322663
2.8772576	2.110308
2.8576686	2.0920768
2.8863358	2.0932505
2.8224297	1.9750003
2.5883527	2.034517
2.305194	2.0083737
2.2948902	1.8674711
2.131115	1.708747
1.9046117	1.5062233
1.7874125	1.3080248
1.5474366	1.3951696
1.5104542	1.2260213
1.702531	0.97637683
1.6477051	0.906535
1.365447	0.91415447
1.2965326	0.927673
1.2750877	1.015873
1.2204303	0.9787402
1.2123803	0.9242546
1.1378138	0.8953763
1.1492286	0.8094057
1.069824	0.86437494
1.052901	0.88605773
0.977277	0.77374357
0.9181004	0.7247887
0.9941613	0.70912284
1.0148649	0.7065394
1.0306584	0.741181
0.9960696	0.7542341
1.0037861	0.7524949
1.0496603	0.7614764
1.0537668	0.76538587
1.0056275	0.7617593
1.0720131	0.7609304
1.2697937	0.79730004
1.3369668	0.8647352
1.4850755	0.9822492
1.6106987	1.0211818
1.7705516	1.0878158
1.9111098	1.0885365
1.9904864	1.0185465
2.090162	1.0603243
2.1552987	1.1300356
2.2850993	1.0771105
2.3254955	0.9461095
2.16256	1.0622715
2.2572064	1.0714741
2.3640537	0.9337315
2.2137692	0.9617022
2.12984	0.9929547
2.081201	0.97212934
2.002533	0.94757605
2.027856	0.9691503
2.0233755	0.9456536
1.9110616	0.975135
1.8818071	1.0186905
1.8848162	1.1191334
1.7320708	1.2641182
1.6332088	1.3176843
1.5433726	1.3366243
1.5119537	1.3445086
1.4073445	1.6194927
1.3803681	1.711447
1.4105295	1.7490728
1.2966906	1.9176896
1.2340598	2.0629017
1.1934886	2.189923
1.1418478	2.0883052
1.208768	2.047523
1.3534856	2.0314047
1.3872454	1.9150106
1.373353	1.9629314
1.293454	2.1601012
1.1612753	2.0649972
0.9048264	2.0194128
0.866749	1.9571568
0.87831587	1.8290621
0.934709	1.8706481
1.0061901	1.9530417
1.0136203	1.9867775
1.0171094	1.9701521
1.0604159	1.9337043
1.1120143	1.8610408
1.1448141	1.8099157
1.1619549	1.8593247
1.2998127	1.7998617
1.3746217	1.7462847
1.5660076	1.6523682
1.6767446	1.7074537
1.8034539	1.6957296
1.9327291	1.5529233
2.1653821	1.3943061
2.338444	1.3654375
2.4581363	1.2993827
2.7086546	1.3633615
2.9741607	1.2617517
3.1186202	1.0523636
3.172008	1.0747055
3.0753875	1.1463727
3.0821784	1.1053411
3.0113049	0.86858255
3.0239115	0.8967189
2.9813612	0.958224
2.9073641	0.96348023
2.9189005	0.94822025
2.9181945	0.90833926
2.9357026	0.93927854
2.904716	0.9442014
2.9024715	0.9420327
2.9643347	0.95046085
2.9266753	0.92216295
2.9223816	0.92566514
2.879629	1.0067543
2.783649	1.0558938
2.7208078	1.1504823
2.6657543	1.3130157
2.4931192	1.2731422
2.3435724	1.3910551
2.2729945	1.5204089
2.0836203	1.671934
1.9106077	1.7064837
1.7910792	1.7050691
1.5349753	1.6866153
1.3424499	1.7148472
1.1944591	1.7663192
1.0087527	1.7495903
0.9580934	1.6987239
0.9382049	1.7226058
1.0215489	1.7517215
1.0156883	1.7284786
1.0434904	1.7241318
1.0751481	1.8002417
1.0162494	1.8098513
0.93458873	1.728057
0.84496045	1.7015907
0.8722078	1.7331132
0.97951955	1.8089434
0.9753269	1.8421994
0.95644397	1.8259262
0.9828992	1.8472273
0.9921197	1.8709017
0.9953726	1.8764812
1.0424284	1.8609896
1.0086975	1.8016769
1.0575492	1.7675781
1.1609561	1.7679329
1.268157	1.7391584
1.4600135	1.7287669
1.5198983	1.7281406
1.5499141	1.6925147
1.6690831	1.5338675
1.8334572	1.4610763
2.055658	1.377201
2.1275337	1.3874713
2.2608786	1.4018846
2.4966931	1.3719448
2.6941564	1.2660571
2.758121	1.1879677
2.88972	1.1428757
3.0441067	1.1345327
2.8265395	1.2023995
2.7515087	1.1966107
2.9713504	1.125503
2.9784124	1.107544
2.928601	1.0360044
2.9780805	0.9015056
3.008629	0.80736417
2.964017	0.8615738
2.9669178	0.92863923
2.9922018	0.9591655
3.0152478	0.8992237
3.0123484	0.86149067
2.9863162	0.86197317
2.9459968	0.8056951
2.9085581	0.8456802
2.9827728	0.8800772
2.98919	0.8607803
2.9352877	0.8710377
2.8643594	0.88068944
2.7604718	0.87521684
2.6511085	0.9180681
2.5175824	0.98423576
2.3286304	1.053321
2.0416753	1.1868346
1.9052664	1.2434617
1.7421801	1.1725593
1.5561336	1.2748402
1.3833345	1.2625707
1.186847	1.3088359
1.0739542	1.3914852
0.98983294	1.2914959
0.966107	1.2443463
0.9234494	1.2358594
0.928999	1.1574941
1.0104506	1.122624
0.9974278	1.0314472
1.037432	1.0024204
1.1170623	1.0834101
1.1324286	1.0807743
1.1887422	1.1381624
1.1875664	1.1432492
1.185095	1.0952126
1.2287048	1.0968573
1.2024592	1.0819895
1.193449	1.1056461
1.1786426	1.1592897
1.2082856	1.1944803
1.1971222	1.3273885
1.2352346	1.325335
1.2798355	1.3804888
1.34573	1.4646801
1.4828814	1.5470606
1.5630904	1.729212
1.6896069	1.7337059
1.7973897	1.8390157
1.9704049	1.9024293
2.0407007	1.878039
2.10503	1.8888679
2.2791119	1.7571212
2.2668955	1.7729269
2.252101	1.8683606
2.2775276	1.8730614
2.2776692	1.8441135
2.287935	1.7805502
2.2186284	1.8364387
2.0903513	1.8820789
2.078113	1.8180918
1.9662638	1.7756127
1.8653454	1.7336136
1.9496547	1.7462381
2.021916	1.7028018
2.079829	1.6971502
2.2396708	1.7111814
2.275304	1.7696812
2.442003	1.7712829
2.594525	1.7282318
2.576724	1.8113961
2.6973858	1.8536589
2.8099148	1.7603749
2.797364	1.9537618
3.262791	1.8430506
3.1596224	1.9807788
2.9158185	2.0144935
2.9633946	1.9001267
2.9253073	1.9110873
3.0065866	1.9064316
3.0200658	1.8998656
3.0064073	1.9263589
2.9907439	1.9560397
3.022649	1.9462053
2.9593594	2.0101738
2.90577	2.017352
2.9585676	1.9733096
3.0457704	1.9877181
3.112315	1.9743024
2.9339225	1.9785453
2.904112	1.9908364
2.9705296	1.9688979
2.9403481	1.9067514
2.576062	2.0039368
2.35783	2.1428096
2.3359296	2.0482926
2.1231623	1.9519452
2.0070374	1.9134786
1.7753956	1.9474913
1.4892714	1.947721
1.4702741	1.9738469
1.4649354	1.9897928
1.3035723	1.9586928
1.1768112	1.9613327
1.1022916	2.0088716
1.2292849	2.000632
1.0445944	1.9349647
0.9114536	1.8900406
1.0015571	1.9343394
0.9502221	1.9726182
0.8392452	1.9836556
0.84004897	1.9482722
0.95405674	1.966022
0.96636486	1.9762939
0.9708647	2.0143013
0.9908121	2.07154
1.0114408	2.0419743
0.976848	2.0208604
1.0024679	2.062233
1.0259212	2.0897207
1.0097421	2.088989
1.0394226	2.1208284
1.055134	2.1164374
1.0776271	2.0882223
1.1068289	2.1004906
1.1489532	2.0813138
1.1862305	2.0054426
1.1996146	1.9532381
1.2348808	1.9262272
1.1423475	1.738919
0.9671105	1.6039395
1.0153451	1.4336913
1.0776875	1.2323588
1.017324	1.2344408
1.1889954	1.1123335
1.220904	1.1295431
1.409239	1.0070776
1.4646733	1.074172
1.3638903	1.079485
1.4383028	1.1487739
1.4622409	1.1308795
1.5563085	1.0334617
1.5336201	1.1108465
1.4434144	1.0135766
1.4153955	1.0648546
1.3129653	1.029242
1.2701992	0.9342681
1.2885846	0.96215224
1.2266902	0.9240069
1.2200472	0.8970785
1.1087984	0.8873938
1.1699429	0.9121819
1.2690309	0.8997727
1.187479	0.9095717
1.2028366	0.9608732
1.1790375	0.994117
1.1360438	1.1399982
1.2346117	1.1872172
1.3558766	1.1793677
1.3495834	1.2769176
1.4173343	1.4113406
1.4682225	1.6542573
1.5723988	1.6814481
1.6220316	1.7068896
1.8747029	1.7664893
2.0858405	1.8466165
2.1882787	1.935534
2.2913873	2.038951
2.2673423	2.0929928
2.423309	1.9365692
2.3815057	1.9184979
2.3566291	1.9457828
2.239602	1.8634801
2.0399494	1.967402
2.0742066	1.8925817
2.048809	1.7916008
2.0826442	1.8811859
2.0295193	1.8475075
2.0184484	1.8586074
2.0490437	1.860415
2.038768	1.8213916
2.0008228	1.7780151
1.9265413	1.708174
1.90943	1.6447599
1.8743999	1.5941267
1.8527149	1.617693
1.90348	1.4063212
1.987082	1.2202314
1.9625374	1.2862933
1.9209744	1.2293311
2.080488	0.99310946
2.1212735	0.9718579
1.9344774	0.80532086
1.9981068	0.88576823
2.1344225	0.9191164
2.1805792	0.7522389
2.1824546	0.9985164
2.1044874	0.87001896
2.1500678	0.7985443
2.2316809	0.8077887
2.0920365	0.81744903
1.944775	0.879954
1.97295	0.859062
2.0637696	0.77603364
2.1544838	0.7434848
2.1676958	0.77313775
2.0284019	0.76082534
1.9380178	0.8197969
1.9607575	1.0106462
1.9364547	0.9842645
2.064839	0.9856324
2.2636204	1.1474522
2.3761108	1.2995172
2.5222218	1.531291
2.4915729	1.6514292
2.4658024	1.7072716
2.4661596	1.8559089
2.4616482	1.8348268
2.7544975	1.8492146
2.9268208	2.01684
2.930953	1.9829965
2.8849573	1.9808259
2.860692	2.058419
2.8899412	2.0039458
2.9138622	2.0168824
2.938037	1.9704514
2.8731787	1.9479836
2.886042	1.9974457
3.022062	1.9235585
2.99312	1.9376636
2.951037	1.9438999
2.9152122	1.9812549
2.945424	1.976308
2.9199634	1.9778385
2.9703958	1.9985014
2.982549	1.9823847
2.879423	1.9983193
2.8303268	1.9985303
2.7454147	1.9575932
2.5772927	1.8750576
2.5203536	1.8387611
2.3860316	1.8245032
2.143708	1.7244933
2.1479194	1.5487367
2.2138617	1.3384247
1.989614	1.3822563
1.8664825	1.3945783
1.9867967	1.022914
1.8959348	1.0352607
2.0116372	0.77458763
2.0754921	0.8056113
1.8239608	0.7033148
1.8149558	0.7502523
1.8208843	0.95868987
1.8233169	0.83862174
1.8275185	0.728961
1.7990214	0.74279016
1.9330641	0.8779229
2.0159788	0.76695836
1.9813262	0.7400137
1.9660963	0.81207067
1.9961733	0.8137517
2.0174358	0.7946515
1.9712977	0.7639677
1.9851165	0.80315137
2.0147007	0.8364847
1.9764258	0.89199704
2.030078	0.9154796
2.111461	0.8168535
2.1917195	0.96516174
2.211265	1.233604
2.2303097	1.2708513
2.29925	1.4696946
2.4371886	1.7264358
2.5900407	1.9014614
2.7666597	1.8176693
2.7667704	2.0140758
2.6863427	2.16183
2.6635993	2.0630288
2.7711673	2.1261146
2.8638253	2.0746646
2.8858287	2.0798743
2.9547248	1.9038051
2.9576051	1.9843631
2.9420662	2.150264
3.026707	2.029911
3.0371351	2.019159
2.9706857	2.0782967
2.931962	2.0816402
2.9525173	2.0643988
2.9382627	2.0734491
3.0023048	2.0472345
2.8817096	2.04241
2.8643565	2.0925229
2.898877	2.100864
2.7028568	2.0863328
2.5166771	2.141848
2.4985452	2.162339
2.4477148	2.1503122
2.1464062	2.161356
2.0254014	2.1585243
2.041109	2.1606915
1.8319907	2.1993802
1.7824336	2.2152607
1.6701807	2.221993
1.5061654	2.225148
1.466594	2.2425673
1.4747773	2.2624516
1.2914711	2.2642841
1.0882951	2.2437527
1.0403852	2.2269788
0.91793513	2.2115898
0.73029625	2.1355345
0.62692046	2.094387
0.5732767	2.0488505
0.5191011	1.9829278
0.5299778	1.9488932
0.6189864	2.004087
0.6848752	2.094531
0.7347152	2.1470346
0.7741562	2.152078
0.7875432	2.1714573
0.7935992	2.1716778
0.7799929	2.1568997
0.8447732	2.1261983
0.92827016	2.0728755
1.0145235	2.0033689
1.0347749	2.0871143
1.0501271	2.064824
1.1363913	2.0013542
1.3053485	1.8596206
1.3910562	1.7240303
1.4484096	1.5371898
1.502845	1.5031253
1.6508017	1.3448255
1.8571161	1.127355
2.148037	1.2013416
2.4826655	1.223973
2.7195597	1.1446224
3.0174425	1.2528415
3.2661	1.2323955
3.200339	1.0582049
3.0617747	1.0771307
3.1068885	1.1429672
3.0966434	0.9873326
3.0278354	0.9463948
2.9322517	1.028326
2.8482814	1.0041097
2.8595002	0.95685923
2.8566015	0.92787296
2.846429	0.9026779
2.8202083	0.9103145
2.7826216	0.9347605
2.8385122	0.95009995
2.897034	0.9290239
2.7782142	0.9440173
2.803092	1.0052301
2.9184706	1.0478996
2.894063	1.2457457
2.8041308	1.4726832
2.7356064	1.4980341
2.733865	1.4606342
2.8396444	1.6609409
2.8613343	1.8649751
2.8869677	2.0433507
2.85933	2.1749887
2.8072386	2.1793816
2.917522	2.1218414
2.8748734	2.0812123
2.8068776	2.199536
2.8221495	2.124516
2.8092916	2.1207821
2.7716842	2.167274
2.9369614	1.9955314
3.0811362	1.8798379
2.9611526	1.9742808
2.9219482	2.088573
2.8592217	2.1081321
2.8229718	2.095096
2.909988	2.0918815
2.8847835	2.0833664
2.7582319	2.0756762
2.631328	2.1242974
2.5543365	2.1533322
2.474849	2.1319327
2.3862975	2.1354554
2.3277483	2.1208713
2.1629822	2.157066
2.0315542	2.1516073
1.9778929	2.1455078
1.942219	2.1616592
1.7863916	2.2051997
1.78542	2.2204552
1.8000196	2.266076
1.7532799	2.2714562
1.8760204	2.2780945
1.7885355	2.2555568
1.8171016	2.2502542
1.920703	2.2608366
2.0142772	2.2647257
1.9717689	2.252655
1.79593	2.220755
1.8760186	2.1525161
1.8550524	2.0867174
1.757025	1.8543538
1.4879081	1.6525387
1.0852312	1.7877814
1.0246218	1.5522441
1.0995971	1.2381727
1.3152481	0.99031734
1.4588672	0.8309261
1.4858158	0.6038283
1.2099955	0.7404505
1.166105	0.76380986
1.3588037	0.71108824
1.2055687	0.84094864
1.2578441	0.7090685
1.285694	0.71999454
1.2135774	0.7547164
1.2388443	0.7643527
1.3047656	0.74193555
1.3383149	0.73422635
1.2882893	0.76905537
1.2235726	0.8012087
1.2819365	0.7849488
1.2693479	0.7891353
1.2635056	0.8044044
1.2781264	0.90667367
1.2881081	1.058289
1.4075577	1.142718
1.554449	1.2376319
1.5994564	1.4268678
1.6754682	1.6467847
1.6517588	1.781685
1.5745447	1.9457108
1.8339309	1.9328922
1.9210554	1.9410791
2.1642878	1.9532686
2.534614	1.924291
2.5232356	2.0661201
2.3821213	2.0948708
2.287834	1.9924909
2.3026872	1.8910993
2.1114469	1.9026188
1.9807335	1.882757
1.951281	1.8097017
1.9321052	1.8615344
2.13012	1.863022
2.1047456	1.8349757
1.873543	1.8117185
1.9140587	1.7570708
1.9781274	1.7011787
1.9447433	1.5724584
1.9687524	1.5284927
1.8488711	1.5444846
1.7606907	1.4384654
