1.7292993	1.4625497
1.735399	1.4654645
1.7382224	1.4663775
1.7384955	1.4659944
1.7397139	1.4668
1.7414633	1.4677296
1.7417711	1.4676689
1.7423365	1.4680324
1.7424489	1.4683206
1.7421921	1.4684287
1.7399021	1.4669532
1.7371761	1.4658161
1.7282014	1.4605134
1.7165225	1.4542567
1.7059234	1.4493952
1.6833618	1.4381875
1.6600823	1.4268985
1.6292795	1.4105852
1.6312093	1.4109263
1.8436618	1.492601
2.2743561	1.6838902
2.4732823	1.8073254
2.1466887	1.8823435
2.0490646	1.9006666
1.9443722	1.8708776
1.9426076	1.7945949
1.8687382	1.8035073
1.537001	1.8781265
1.2369659	1.9662682
1.1949761	1.9122181
1.2347383	1.8679569
1.2329448	1.7827699
1.3338212	1.6848868
1.4828595	1.622064
1.6215103	1.6171201
1.6486559	1.5433447
1.6366599	1.5339111
1.8008838	1.5602529
1.8312699	1.594154
1.7947973	1.5641949
1.8109825	1.5547893
1.9465523	1.5084915
2.037266	1.404536
1.9109359	1.3985585
1.9201233	1.5575526
2.2343822	1.6102165
2.2817051	1.5722795
2.2567961	1.5191746
2.3146787	1.4615453
2.482394	1.508515
2.5427973	1.5100789
2.4547014	1.3187367
2.547922	1.373514
2.8847396	1.5371429
3.0257335	1.5114698
3.045303	1.4500662
3.1112683	1.6144668
3.2245958	1.5355431
2.9931571	1.1401404
2.8589692	1.2556791
2.9113233	1.6604301
2.7668602	1.5212727
2.5486042	1.4219795
2.4957898	1.5025165
2.506444	1.499997
2.483838	1.5339991
2.433008	1.5440687
2.4305012	1.5438509
2.3518522	1.4996028
2.3430104	1.4980234
2.4002368	1.521858
2.4460516	1.538685
2.365787	1.5354265
2.4552505	1.6082127
2.5922546	1.7024759
2.5440707	1.7181828
2.5614305	1.7799929
2.478394	1.7578971
2.4282238	1.810121
2.4737668	1.8843172
2.3663943	1.9376514
2.1456585	1.9410613
1.8442942	1.9355454
1.7398502	2.1480713
1.6523467	2.2175226
1.6985104	2.1490712
1.8433727	2.072471
2.031909	2.0120215
2.2677145	1.8062457
2.347469	1.8042419
2.1289208	1.8396136
2.178899	1.8067942
2.3287137	1.7536258
2.0569508	1.743301
2.0389802	1.7191758
1.9403586	1.6722355
2.0764115	1.6713961
1.9138151	1.649886
1.3815982	1.7212837
0.9504699	1.9028536
0.847601	2.00761
0.9945339	1.9959843
1.1030579	1.9749856
1.4198471	1.8937356
1.3162868	1.9282616
1.0095927	2.0025127
0.9736963	1.9789305
0.9435173	1.9164618
1.0094144	1.7147838
1.2010577	1.4882481
1.5722005	1.3574637
1.840443	1.3976294
1.9077446	1.4314128
1.9187433	1.4655683
1.9476528	1.491775
1.952556	1.4894564
1.9348911	1.49004
1.8600001	1.4523478
1.7915368	1.4267799
1.8289477	1.4381856
1.9336143	1.4944689
2.0680501	1.5332708
2.1328444	1.5817164
2.2144926	1.6811118
2.2869575	1.8046335
2.3095198	1.916315
2.343816	2.0045853
2.4529555	2.0619626
2.4721003	2.075127
2.578839	2.101712
2.8102095	2.1331139
2.9119568	2.0683641
3.0500975	1.989569
3.1302292	2.0289905
3.1052876	2.1013021
3.0960975	2.0621789
3.055909	2.0827518
3.0344112	2.0905688
2.9993527	1.9548838
2.6687515	1.6641912
2.5464206	1.5332563
2.425011	1.532764
2.284887	1.512687
2.1442337	1.4590943
2.1415064	1.5424281
2.0627646	1.5193342
2.1375382	1.5398214
2.1713188	1.5107524
2.0804002	1.4173654
1.9813527	1.5603418
1.7656076	1.5741099
1.6905446	1.5808934
1.7373979	1.8155752
1.6271232	1.995024
1.5262562	2.0950787
1.4745034	2.1783338
1.4639415	2.1756043
1.4899669	2.1795602
1.1689414	2.1224391
0.88481945	2.066133
0.7727419	2.0381644
0.71091354	2.0792367
0.81291497	2.1028655
0.7859117	2.167517
0.7358935	2.1949625
0.7954385	2.1129713
0.8567643	1.9647884
0.9524596	1.71921
1.1837173	1.4665858
1.5614709	1.3384125
1.8142569	1.385725
1.905424	1.4150006
1.8896393	1.414306
1.9488888	1.4587902
1.9729309	1.4665225
1.8561075	1.4301828
1.8693576	1.4751598
1.9745035	1.5121381
1.9166343	1.5025296
1.9845427	1.5514085
2.1933155	1.7152106
2.3057609	1.867741
2.2258427	1.9209793
2.2183847	2.0263753
2.2313101	2.0714722
2.292953	2.096324
2.4297712	2.1469913
2.457444	2.1300595
2.4897132	2.0948482
2.4210403	2.0336816
2.2749157	1.9301729
2.1749356	1.8822749
2.1577804	1.8496721
2.2172973	1.8820571
2.0525029	1.8261642
1.9917909	1.8006288
2.0470023	1.7984064
2.045675	1.7897705
1.9668715	1.8204323
2.5922692	1.7372494
2.5879102	1.6536902
1.0046926	1.7683028
0.7671201	1.9253411
1.8982406	1.3222758
2.0824797	1.3246645
1.9901319	1.1486604
2.251953	1.1289457
2.169003	1.0482789
2.0721014	1.0153333
2.0033832	1.077745
2.0434568	1.1680278
2.0774784	1.3375853
1.9036127	1.4501857
1.9794462	1.4655073
1.7757027	1.5121645
1.7901262	1.5139723
1.7225451	1.5195864
1.7242908	1.5200245
1.7142391	1.5173824
1.7320659	1.524333
1.7337824	1.5253781
1.7641659	1.5336788
1.7981344	1.5410329
1.8122524	1.5441716
1.8326211	1.5459656
1.8141332	1.5436696
1.7426475	1.5289692
1.7127721	1.5192733
1.6913499	1.5032512
1.6991454	1.4955603
1.7157911	1.4906492
1.727051	1.4824108
1.738181	1.4794676
1.7420423	1.4739308
1.7500308	1.4755183
1.752574	1.4748881
1.7546717	1.4748558
1.7510546	1.4726093
1.7485247	1.4710499
1.7461329	1.469629
1.7442598	1.4686607
1.7444754	1.4688481
1.7459843	1.4695647
1.746275	1.4697126
1.7466656	1.4700276
1.7440888	1.468757
1.7398844	1.4664166
1.7301666	1.4609908
1.7204609	1.4552528
1.6938927	1.439499
1.6660296	1.4221011
1.6380987	1.4049501
1.608562	1.3880011
1.5820047	1.3722382
1.5131111	1.3285891
1.5094005	1.3234211
1.586141	1.3514469
2.1813374	1.5895752
2.3017626	1.6281278
2.0180259	1.5656742
1.8716277	1.6123716
1.8827988	1.6432756
1.918018	1.6092751
1.6937586	1.662043
1.7062871	1.6393218
1.7779459	1.5848643
1.8797895	1.5577837
1.9787779	1.5908316
1.9650161	1.6778357
2.0542936	1.7486056
2.1845193	1.7632253
2.1608596	1.8295411
2.2518554	1.886759
2.269147	1.9735322
2.2783842	1.933093
2.2960904	1.9430686
2.3251696	1.9252408
2.3896015	1.8933032
2.24223	1.834688
2.1928325	1.8049128
2.3045862	1.8084562
2.153216	1.7237657
1.9607394	1.7061614
2.0134826	1.7046386
2.1018906	1.68011
1.9401479	1.6461273
1.8592855	1.6535335
1.5806187	1.7394607
1.4195114	1.7849975
1.6864403	1.7940855
1.4355688	1.8417885
1.289459	1.8979777
1.3026757	1.900916
1.1814333	1.9812074
0.92049253	2.0480988
0.9500365	1.9420755
0.8962763	1.8795888
1.0036235	1.5961319
1.2261683	1.355621
1.4948678	1.268426
1.4863448	1.2651461
1.4261681	1.2428426
1.4381996	1.2435949
1.4756552	1.2599437
1.5477861	1.285944
1.5833942	1.2963699
1.72459	1.3460231
1.7631685	1.3594519
1.875922	1.3856888
2.0329704	1.4364545
2.2090461	1.5060347
2.2747545	1.613785
2.3361433	1.7858353
2.340347	1.8727152
2.2612948	1.9488957
2.221203	1.9774262
2.2093515	2.014594
2.2564797	2.0453966
2.2904098	2.04914
2.3278234	2.0508683
2.37804	2.0020993
2.4533348	1.9758786
2.4174914	1.9538084
2.355713	1.868036
2.28898	1.8254919
2.1851895	1.7664512
2.1581905	1.7300589
2.0680823	1.6910464
2.0749192	1.7008936
2.0914774	1.7185595
2.2073534	1.7095792
2.1033583	1.6798344
2.2347412	1.7008568
2.314298	1.6158913
1.5530386	1.6136415
1.2045165	1.6266341
1.3330996	1.5423676
1.3640107	1.468108
1.4264786	1.478173
1.6405692	1.3144398
1.5576721	1.3038553
1.2816985	1.2210975
1.404084	1.197842
1.531719	1.3310732
1.5651532	1.3883877
1.592733	1.3976738
1.6767049	1.4394668
1.6928983	1.4433365
1.7280191	1.4611466
1.732053	1.4619231
1.7419565	1.4673558
1.7470053	1.4704823
1.7475281	1.4713055
1.749441	1.4728255
1.7484666	1.4723567
1.7490433	1.4729462
1.7480233	1.4725575
1.7496333	1.4734237
1.7490926	1.4727522
1.7498957	1.47348
1.7507234	1.4735125
1.7532029	1.4757632
1.752773	1.4769931
1.7519907	1.47861
1.7457528	1.4814138
1.7411377	1.4862661
1.7335094	1.4949378
1.7266812	1.506034
1.7529309	1.5236607
2.1880648	1.5719287
2.5839052	1.5601188
2.5838149	1.4429704
2.5010426	1.3545486
2.5849307	1.386413
2.4379609	1.3717015
2.3170187	1.3691345
2.3469875	1.4055501
2.3713892	1.4457027
2.3367047	1.4587597
2.3611665	1.4845837
2.4333715	1.5203438
2.3032477	1.4705158
2.2348645	1.457183
2.257352	1.4677105
2.1816716	1.4352468
2.1199644	1.4325438
2.082764	1.4282998
1.9915081	1.3646663
1.7411432	1.28532
1.5923084	1.2106999
1.5506704	1.1749011
1.4490832	1.1412908
1.4560242	1.1336446
1.5750535	1.2177633
1.7621	1.3758224
1.8400482	1.5122758
1.809388	1.5214895
1.7688806	1.5185826
1.7900748	1.5212831
1.8157684	1.5233452
1.8622435	1.5245371
1.9286246	1.5320483
1.9460344	1.5341749
2.0701022	1.5414208
2.0145893	1.5380571
2.0752335	1.5340731
2.204988	1.5573967
2.329047	1.5714101
2.394345	1.5767902
2.5850565	1.6594979
2.4617589	1.559209
1.911453	1.6415397
1.8865768	1.7524166
1.8077943	1.7166026
2.1130774	1.7535725
2.2323394	1.8009058
2.2283514	1.8562263
2.1409607	1.8614296
1.9523841	1.795
2.46156	1.811021
2.857908	1.8206595
2.71474	1.8500684
2.560468	1.8668386
2.418284	1.848557
1.797531	1.9416014
1.52823	1.8557612
1.8787384	1.7937529
2.5157807	1.8120944
2.420677	1.7578298
2.0685847	1.7309074
2.5550294	1.7876145
2.8104944	1.8427664
2.9277494	1.9027355
2.84015	1.8876363
2.8310666	1.9659706
2.9323123	2.049632
2.8769681	2.045582
2.925898	2.0541883
2.7769806	2.0281503
2.7095764	2.0046146
2.7685525	1.999605
2.6695085	1.9610469
2.4922795	1.9584134
2.5494108	1.8937231
2.5653415	1.8187016
2.2866569	1.7505618
2.181504	1.7515067
2.171014	1.6815034
2.3045952	1.6316898
2.1854162	1.6373993
1.9206693	1.6160057
1.9913944	1.6573
2.2346394	1.7131177
2.016139	1.8095382
1.8073668	1.7800546
1.8143474	1.8640145
1.7811816	1.8952228
1.8169084	1.9993801
1.5551	2.1710124
1.73642	2.1140473
2.1141953	2.0267203
1.8261495	2.1025686
1.7404109	2.0940952
1.8688421	1.9920617
2.1635435	1.8317565
1.8844248	1.7640163
2.176998	1.7806585
2.257054	1.7520837
1.7432513	1.7159985
1.8186154	1.6995504
2.1250877	1.6944555
2.055188	1.675478
1.9013702	1.6632874
1.9869046	1.6744679
1.9444764	1.6556298
1.8762741	1.6056919
2.015041	1.5809144
1.9826432	1.605574
2.0779982	1.5694643
2.2833412	1.5516621
2.5425293	1.5067528
2.6450436	1.5036623
2.5242739	1.4023005
2.6628592	1.3752837
2.734331	1.3371116
2.7127254	1.368852
2.8584175	1.3486136
2.8389525	1.2444891
2.7757914	1.07637
2.890744	1.1943531
2.8985193	1.2802944
2.7125783	1.1655011
2.4789824	1.2948993
2.357622	1.2483451
2.262244	1.2672219
2.187406	1.3234868
2.116157	1.3196492
2.1001325	1.3277152
2.0521839	1.3139373
2.052838	1.3183931
2.0483463	1.3295194
2.015943	1.3260473
2.0560832	1.3386941
2.0741906	1.3453166
2.0713208	1.3512028
2.0694816	1.351455
1.9825544	1.3220202
1.9054304	1.2937245
1.7362176	1.2268035
1.6282067	1.1793318
1.5968219	1.1565598
1.5585562	1.1397103
1.5351411	1.1251338
1.5348394	1.1319643
1.5730504	1.1638234
1.6206248	1.236459
1.6966796	1.383976
1.7400273	1.5004399
1.685114	1.4895602
1.6948242	1.488622
1.7101086	1.4816669
1.7172748	1.4739426
1.7219121	1.4670714
1.726422	1.4642305
1.7334713	1.464291
1.7370065	1.4649122
1.7428305	1.4671403
1.7450765	1.4682697
1.7458485	1.4685179
1.7428516	1.4667995
1.7413708	1.4659814
1.7395784	1.4650282
1.7402533	1.4654692
1.7398812	1.4653932
1.7409066	1.4658698
1.7410841	1.4661529
1.7406403	1.4662911
1.7393143	1.4662914
1.736466	1.4660044
1.7323388	1.4663111
1.7309066	1.4692551
1.7281975	1.4743081
1.7288994	1.4843376
1.742081	1.5023888
1.7676969	1.5188909
2.1860569	1.5528485
2.6854746	1.5977596
2.8910952	1.5714408
2.8939066	1.5241739
2.7173693	1.4579283
2.582094	1.4359818
2.60167	1.4791958
2.474805	1.4418423
2.272457	1.3957368
2.2309716	1.4086602
2.2257955	1.404702
2.2183447	1.4114624
2.1143115	1.3797787
2.0542722	1.3551252
2.1193926	1.3755077
2.0973017	1.370234
2.1656828	1.4016857
2.221261	1.4299018
2.324501	1.4828933
2.517386	1.575162
2.6168408	1.6357498
2.7572443	1.7576679
2.7374024	1.7728558
2.8070788	1.8238708
2.9646678	2.0258474
2.943922	2.0704322
2.8588192	2.0331745
2.8028545	2.1047807
2.7300844	2.15575
2.6051283	2.1504686
2.4532444	2.0851872
2.4368148	2.0614839
2.3357496	1.949395
2.0008018	1.8433473
2.0533361	1.8247545
2.149238	1.826784
2.0476782	1.9091913
2.159454	1.8624414
2.30221	1.9289361
1.9909097	1.695928
1.9895093	1.7037253
2.2233455	1.8132033
2.1242526	1.7368182
2.074441	1.667404
2.1650062	1.7156634
2.0322416	1.3851912
1.7684888	1.5990148
1.5198743	1.654865
1.5525937	1.4018822
1.4856472	1.2380102
1.3559539	1.069724
1.3769985	0.9479821
1.2059692	1.0889186
1.2488505	0.94717747
1.5716006	0.782411
1.5271481	0.81219834
1.2223727	1.0195688
1.3460895	1.1552341
1.5205206	1.3262943
1.6480469	1.4513228
1.6776565	1.4695809
1.7011338	1.4723667
1.7138764	1.4694343
1.7277398	1.469964
1.7385724	1.4717525
1.7453332	1.4723622
1.7502669	1.4737418
1.7580109	1.4763986
1.7623031	1.4781111
1.764809	1.4793931
1.7660153	1.47996
1.7650701	1.4795378
1.7648835	1.4792873
1.7646192	1.4791778
1.7641402	1.4790184
1.7637004	1.4788179
1.7633947	1.4784398
1.762557	1.4782869
1.7595803	1.4775857
1.7565126	1.4766128
1.7506344	1.4756691
1.7478236	1.4762124
1.7429123	1.4776407
1.7402244	1.4807428
1.7380462	1.4853085
1.7328072	1.490463
1.7253789	1.495094
1.7159253	1.5014666
1.713024	1.5086704
1.7175747	1.5138683
1.7570856	1.5295519
1.8169725	1.5439631
1.858655	1.5490283
1.8687282	1.547931
1.8947637	1.549485
1.8694296	1.5487295
1.8646995	1.5458158
1.8432624	1.5462023
1.8260595	1.5452439
1.7849776	1.5385057
1.7635425	1.5321332
1.7174764	1.5161762
1.7051667	1.5090135
1.7056067	1.5052947
1.7090346	1.5036852
1.7165744	1.5006875
1.7221555	1.5006621
1.7454388	1.5076827
1.8150923	1.5352291
1.8401192	1.5287206
1.9469769	1.5671561
2.098738	1.6119907
2.0823915	1.5430068
2.0368736	1.5957062
1.8686447	1.7936605
1.6676528	1.6848739
1.2699376	1.6922333
1.3452849	1.5461287
1.4972306	1.347544
1.6886268	1.319691
1.9266664	1.3768055
1.9730741	1.4060515
1.9786906	1.3929607
2.0140917	1.3771012
2.0350552	1.3496134
2.0251822	1.3331513
2.0635297	1.3767611
2.148169	1.3854762
2.1888354	1.3703953
2.2830296	1.3696268
2.4124877	1.4295521
2.470439	1.4711831
2.4944956	1.3932754
2.535691	1.3449513
2.60494	1.3760653
2.6001089	1.3426982
2.7826595	1.4372739
2.9230692	1.3895942
3.0654297	1.3331851
3.1875498	1.5145944
3.1945467	1.616486
3.0464768	1.4927212
2.7000945	1.2281462
2.549049	1.282121
2.394322	1.3615448
2.2219155	1.3572636
2.1751592	1.3631669
2.1151323	1.3470191
2.1474962	1.3745229
2.1077862	1.3683851
2.1035893	1.3702117
2.1785555	1.395592
2.1116936	1.3686882
2.106787	1.3726134
2.1332335	1.3934475
2.0770369	1.3852675
2.1054916	1.4070961
2.2032278	1.4693841
2.0282848	1.3933798
2.0381656	1.428753
2.1084824	1.4841486
2.1484556	1.5897233
2.0766125	1.6078334
2.0678117	1.6667926
1.8492153	1.602449
1.639857	1.5703351
1.3724093	1.5403616
0.97982115	1.5100335
1.0542344	1.3506656
1.0926843	1.3516111
1.2293861	1.3666761
1.3726556	1.3428335
1.5164866	1.3279794
1.7032884	1.3704227
1.7316691	1.372217
1.6511304	1.3330681
1.5616455	1.3201778
1.5381362	1.3130304
1.5450801	1.3146305
1.5234172	1.304722
1.5130926	1.2991178
1.5186123	1.2995222
1.5234901	1.3010205
1.5368408	1.3045552
1.5567058	1.3109996
1.5215793	1.2969038
1.5372334	1.3031797
1.5477017	1.3091319
1.5922569	1.326985
1.7192734	1.3699963
1.8203324	1.401158
1.9591575	1.4255226
1.9659833	1.4025834
2.1318016	1.4019983
2.1710184	1.4242927
2.3134713	1.4260303
2.3882859	1.4550434
2.5775414	1.4578775
2.6465895	1.3983674
2.6854317	1.2850547
2.8739607	1.2858319
3.103716	1.4668063
3.0466661	1.6004425
2.9201365	1.5477507
2.9666283	1.5074902
2.8400877	1.455404
2.5876527	1.375719
2.4004753	1.304112
2.2149303	1.2767401
2.1513844	1.3204925
2.1825998	1.3764467
2.230079	1.4068192
2.1882634	1.3884846
2.14306	1.3712417
2.1120777	1.3683195
2.016863	1.3286713
2.0149617	1.334449
2.1313448	1.3778509
2.1264884	1.3677571
2.0709777	1.3559617
2.0069757	1.3340864
1.9055598	1.2936289
1.847046	1.2711248
1.7937858	1.2498993
1.7073563	1.2153097
1.6097951	1.1858399
1.5763568	1.1694093
1.5147301	1.131572
1.5007039	1.1456875
1.5006722	1.1629077
1.5466099	1.2522027
1.7165959	1.4719709
1.6804563	1.4792203
1.6857173	1.4845253
1.6981298	1.4790319
1.7050408	1.470373
1.7094234	1.4630729
1.7162046	1.4604563
1.7197607	1.4593041
1.7268529	1.460881
1.7302022	1.461889
1.7296126	1.4613868
1.7315189	1.4622059
1.7293205	1.4610841
1.7300729	1.4614011
1.7313688	1.4621141
1.7315465	1.4625312
1.7319824	1.4627311
1.7306814	1.4621514
1.7267978	1.4601125
1.724524	1.459111
1.7144594	1.4535291
1.7124002	1.4531343
1.7018481	1.4479723
1.6942143	1.4462085
1.685389	1.4444269
1.6836516	1.449551
1.7345546	1.4813405
1.932036	1.5503516
2.3303115	1.6281298
2.5483387	1.6176326
2.5188625	1.5753895
2.397222	1.5917238
2.2499936	1.5631319
2.1235611	1.51834
2.2160375	1.4877955
2.171539	1.5267328
1.9697427	1.5518056
2.0736232	1.5148442
1.8320123	1.465424
1.6274384	1.4449037
1.7707162	1.4365622
1.9204564	1.4012169
2.0778482	1.4073279
2.4349437	1.4828616
2.5155814	1.5537832
2.7509155	1.6701883
2.871738	1.7387304
2.8101227	1.8547237
2.8696754	1.9424272
2.9178472	1.8813858
2.8301318	2.0403633
3.1454709	2.0764136
3.033358	2.1333315
2.5331774	1.9911923
2.5983303	1.64827
2.370363	1.542675
2.4908566	1.5346688
2.4342752	1.4834232
2.3579211	1.4931642
2.2896228	1.5390472
2.3304293	1.4996059
2.1837456	1.6009403
2.0604198	1.5670714
2.1472423	1.4501928
2.3249004	1.5393538
2.455599	1.5466858
2.0672343	1.4137969
2.0016575	1.4181055
2.1582742	1.4305491
2.1191294	1.281541
1.60309	1.4279547
1.5819888	1.8577614
1.5772547	1.7700759
1.4397893	1.6687471
1.4267795	1.713143
1.4129778	1.9345834
1.2395594	1.9971399
1.2662717	2.066036
1.1010678	1.9798466
0.8743247	1.9223047
0.7863936	1.9141747
0.71691364	2.0188143
0.98646754	1.9526805
1.0371255	1.9559879
0.93168384	1.983487
1.1861775	1.878915
1.1516116	1.8674769
1.0809249	1.8352875
1.196913	1.6914247
1.4967716	1.5497005
1.6366507	1.4667702
1.6917062	1.4822733
1.8024002	1.5084412
1.836015	1.4751276
1.8056793	1.4405056
1.8489286	1.489282
1.9203156	1.5103288
1.8621125	1.5186355
1.8845079	1.5657884
1.8894423	1.569236
1.8784478	1.5599678
1.8898803	1.5885793
1.925741	1.5888976
1.9506238	1.5295099
1.9384991	1.4916316
1.9799031	1.4755862
1.8318162	1.2859693
1.5604103	1.2178856
1.5575601	1.2453123
1.4336436	1.2793621
1.4290402	1.2773023
1.4637444	1.2968441
1.4878215	1.3109866
1.5594766	1.356803
1.578314	1.368283
1.6437832	1.4097961
1.6470419	1.4124322
1.6833178	1.4343374
1.683139	1.4349202
1.7043511	1.4483576
1.7114552	1.4534416
1.7178377	1.4579462
1.7264388	1.4624007
1.7287462	1.4638476
1.734648	1.4662433
1.7402382	1.4689595
1.7422305	1.4698437
1.7465687	1.4716711
1.7482854	1.4725479
1.7509407	1.4730654
1.7505425	1.473286
1.7514575	1.4739522
1.7507219	1.4733591
1.7477734	1.4722308
1.7456954	1.4708933
1.7384716	1.4669564
1.7345049	1.4655231
1.7299316	1.4641017
1.7208277	1.4604796
1.7123163	1.4582056
1.6944067	1.4515078
1.6989534	1.4600451
1.7320653	1.4815962
1.9417657	1.5591694
2.493766	1.7069352
2.5987043	1.7645673
2.4892275	1.6294394
2.302037	1.5897367
2.4401848	1.6603098
2.338794	1.5880861
2.0113025	1.6596321
2.1546466	1.6090713
2.2096164	1.5133251
2.246416	1.602891
2.1171038	1.5483756
2.1467323	1.5656085
2.1551013	1.5579332
2.1957796	1.5297003
2.0882156	1.4776044
1.9332159	1.4134368
1.8514602	1.360308
1.7255315	1.327538
1.5939349	1.3572205
1.7637428	1.2009287
1.9593449	1.1040697
1.8429935	1.1116235
1.7701443	1.0628301
2.0393605	0.97085613
2.077996	0.96902317
1.8337327	0.98166335
1.9828904	1.041801
2.0589724	1.339197
2.0607672	1.3642098
2.080206	1.5021178
1.9611862	1.5201336
1.9817854	1.5151457
1.9575803	1.5425141
1.9289237	1.5374329
1.9033635	1.5349568
1.8828603	1.5434773
1.8680266	1.5463455
1.8806686	1.5490454
1.900681	1.5512956
1.8823489	1.5456512
1.8847016	1.5408933
1.889093	1.5520413
1.8615069	1.5502561
1.9299906	1.5505741
2.0169945	1.5616071
2.2150676	1.5529962
2.488373	1.5439982
2.579886	1.5297946
2.6154554	1.5553112
2.7442482	1.7089709
2.7422218	1.8016747
2.976749	1.9472044
3.0622718	2.075193
2.9884062	2.1194403
2.8573341	2.1559963
2.751466	2.1879733
2.6700025	2.1383576
2.5834007	2.1021125
2.532573	1.9848812
2.3017144	1.7776983
2.2701013	1.8224612
2.466359	1.6727856
2.3523932	1.5974722
2.2632506	1.5654893
2.1398232	1.5741968
2.2061534	1.5859119
2.1111846	1.5154009
2.2107408	1.5975124
2.2187057	1.5350747
1.9920355	1.4865414
1.9118717	1.4635468
1.7946101	1.3533084
1.6116588	1.1939944
1.5851184	1.1698942
1.5126252	1.2304335
1.3678308	1.1530447
1.4539957	0.99307156
1.6905279	0.8607673
1.4690458	0.9294479
1.4160343	0.97517127
1.9045998	0.8278605
1.814385	0.8442946
2.1172755	0.93993837
2.1728077	0.9476964
1.5834454	1.05175
1.5986259	1.0642046
1.7712238	1.282379
1.7453922	1.2829363
1.8465773	1.4868085
1.832369	1.5172018
1.7613662	1.5326592
1.7334557	1.5257728
1.7277552	1.524714
1.7251251	1.5252662
1.7207927	1.5239207
1.7266574	1.5258166
1.7214606	1.5244992
1.7337126	1.5286775
1.7271897	1.5265027
1.7422124	1.5311521
1.7585502	1.5351981
1.7736555	1.5378631
1.8598808	1.5521057
1.9571263	1.5632071
2.1112525	1.5530407
2.2988741	1.5325718
2.5716434	1.5602952
2.873227	1.6570629
2.9862788	1.7292619
3.0295713	1.9704351
2.94082	2.0942714
2.791302	2.1707022
2.743868	2.2471259
2.7140965	2.2427983
2.5713155	2.2108011
2.5819907	1.9438682
2.449439	1.910576
2.4021845	2.151424
2.4409575	1.8555964
2.38533	1.7108014
2.2123682	1.7734915
2.1035306	1.704148
2.1312041	1.6279025
2.1108255	1.6351795
2.2125545	1.5738333
2.011437	1.5180542
1.9718348	1.6366178
2.097252	1.7241038
1.8200895	1.6562568
1.712106	1.8891486
1.7789159	2.0280824
1.8200961	2.072999
1.630299	2.167254
1.6245918	2.1916196
1.8303449	2.1707478
1.7232871	2.2043695
1.754478	2.1800911
1.6366656	2.0798635
1.1411469	2.0235696
0.962707	1.9635535
0.9314636	1.9192626
0.8602844	2.0180354
0.8151945	2.0952535
1.11174	2.045312
1.1296165	2.068782
0.9376013	2.1124346
0.857538	2.10593
0.837646	2.0284011
0.8907722	1.8462927
1.0901961	1.5422143
1.4116397	1.3494859
1.7191889	1.3541809
1.8637869	1.399418
1.9273875	1.4109861
1.9444089	1.4302387
1.9443521	1.4327517
1.8990996	1.4176533
1.9580613	1.4162848
2.0307245	1.4009728
2.0782638	1.3783559
2.1087492	1.4594887
2.090796	1.4590733
2.1213899	1.4336843
2.2520242	1.3694152
2.2402372	1.2956403
2.1332822	1.2293161
2.127601	1.2446145
1.9778991	1.3078247
1.864313	1.3116859
1.9848987	1.4067959
2.0979593	1.4792973
2.284341	1.4724691
2.643469	1.4800403
2.9200723	1.4728912
3.1993866	1.58174
3.1231875	1.5622252
3.0241191	1.5472896
2.7766361	1.3992281
2.5248652	1.3518366
2.366459	1.3937666
2.185426	1.3615404
2.123785	1.3429691
2.079775	1.3308768
2.0314486	1.3176475
2.0086474	1.3147206
1.9890311	1.3138986
2.062888	1.3398708
2.1107569	1.3477364
1.9926126	1.3147635
2.0673664	1.3555702
2.2409673	1.4119228
2.3737075	1.502923
2.4589887	1.5923457
2.4568877	1.6144847
2.4875498	1.6222774
2.7240036	1.7760569
2.8290567	1.8966228
2.893464	2.0231369
2.887419	2.1147916
2.794813	2.158985
2.7643683	2.1722462
2.6351717	2.1453915
2.4115818	2.176688
2.2947152	2.0667481
2.0629246	1.9315245
2.012122	1.9971157
2.1552086	1.5456347
2.4430833	1.3179238
2.1770654	1.468937
2.10961	1.7570322
2.0188534	1.7720141
1.9389572	1.6816587
2.117214	1.7104939
2.0871027	1.682117
1.9000204	1.6382532
1.8164	1.8295103
1.8100885	1.9798152
1.7991464	2.000532
1.792974	2.0699563
1.8236116	2.0863209
1.784204	2.174247
1.7560592	2.181845
1.8595498	2.1427922
1.9288661	2.1297555
1.8204848	2.1323597
1.8653075	2.071902
1.8579534	1.9238687
1.6486912	1.865893
1.9337375	1.7846497
1.593674	1.7373809
1.6794834	1.718735
1.874803	1.7278656
2.1169627	1.7613428
2.0027893	1.743232
1.6308467	1.7011197
1.8480694	1.6682154
1.878049	1.6532255
1.7991499	1.5150146
1.5222292	1.4886663
0.81494373	1.8928157
0.91687244	1.7420757
1.2477401	1.4245672
1.4973767	1.17547
1.4362383	1.2498136
1.482954	1.3479327
1.5786265	1.3872077
1.6810424	1.4415747
1.6905444	1.4409825
1.7254763	1.460438
1.7362266	1.4658731
1.7453163	1.4700985
1.7554288	1.4757934
1.7582189	1.4772604
1.7606409	1.4784517
1.761156	1.4788886
1.7621318	1.4798077
1.7622895	1.4802165
1.7616438	1.4798635
1.760746	1.4793179
1.7608426	1.4796733
1.7597307	1.4790486
1.7581329	1.478625
1.7534733	1.4765179
1.7468408	1.473908
1.7401605	1.472254
1.732186	1.4713672
1.7213641	1.4694855
1.7123195	1.4722266
1.7287011	1.4859855
1.8218558	1.525426
2.2270465	1.6094042
2.691808	1.7353951
2.73905	1.7574677
2.354673	1.6756257
2.3157384	1.6650125
2.497862	1.6548431
