1.9462334	1.4845135
1.9533502	1.4866924
1.9610459	1.4890823
1.9691143	1.4916056
1.9734473	1.4930016
1.9788088	1.4946936
1.9825964	1.4959146
1.9848118	1.4966197
1.9867325	1.497242
1.9868882	1.4972908
1.9886271	1.4978471
1.9877967	1.4975575
1.9880747	1.4976448
1.9888543	1.4978751
1.989022	1.4979196
1.9899944	1.4982175
1.9895339	1.4980258
1.988781	1.4976575
1.9862139	1.4966995
1.9855516	1.4963254
1.9766991	1.4934244
1.9799402	1.4941489
1.9714314	1.4913938
1.9817796	1.4941086
1.9758668	1.492117
1.9863178	1.4949145
1.9805031	1.492825
1.9922737	1.495985
1.9891757	1.4946135
2.0055091	1.4990749
2.00202	1.497625
2.0133407	1.5007215
2.0163462	1.5013568
2.0217783	1.5028281
2.023508	1.5032238
2.0268118	1.5041552
2.028003	1.5044518
2.0276597	1.5042882
2.0285404	1.5045623
2.02959	1.5048823
2.0295618	1.5048463
2.0300286	1.5050102
2.0302596	1.5050875
2.0303745	1.5051574
2.0287147	1.5045732
2.0274477	1.5042018
2.021831	1.5024462
2.0154767	1.5005442
2.0105817	1.4991552
2.0002398	1.4961985
1.9896258	1.4932295
1.9719062	1.4883175
1.959856	1.4851345
1.9344327	1.4784997
1.9325222	1.4781923
1.9138374	1.4735405
1.9068658	1.472041
1.8997041	1.470358
1.8888061	1.4677871
1.8859762	1.4671652
1.8804516	1.46587
1.8818337	1.4662129
1.8751678	1.4646311
1.8681227	1.462887
1.8572915	1.4603217
1.8544239	1.4595661
1.8485773	1.458205
1.8466356	1.457665
1.8450458	1.4572887
1.8428046	1.4567546
1.8417671	1.4565395
1.8412604	1.4563715
1.8407471	1.4562691
1.8406998	1.4562753
1.8402677	1.4561889
1.8419396	1.456517
1.8451009	1.4571993
1.8498608	1.45826
1.8581412	1.4601654
1.8586287	1.4602307
1.8583171	1.4601989
1.8664881	1.4621093
1.874975	1.4641374
1.8875778	1.4671696
1.902801	1.4710063
1.9227896	1.47624
1.9356924	1.4797798
1.9594736	1.4864489
1.9676867	1.4889684
1.9823606	1.4935683
1.994107	1.4973645
2.0060885	1.5013021
2.0145555	1.5043314
2.026168	1.5082672
2.0346477	1.5112956
2.0379534	1.5124962
2.0394697	1.513234
2.0431302	1.5144708
2.0438123	1.5147514
2.0453455	1.5152426
2.0462925	1.5156193
2.0465958	1.5156835
2.0465255	1.5156411
2.0467615	1.5157098
2.0469782	1.5157491
2.047076	1.5157714
2.0472398	1.5158187
2.0473576	1.515886
2.0462022	1.5154171
2.045107	1.5150576
2.0428429	1.5142796
2.0408561	1.5135329
2.037451	1.5123466
2.0350063	1.5114206
2.029615	1.5095499
2.0259585	1.508301
2.018019	1.505654
2.0097048	1.50294
1.9976681	1.499146
1.9855464	1.4954864
1.9728491	1.4916948
1.964318	1.4892151
1.9558308	1.486752
1.9505455	1.4852836
1.9497677	1.485014
1.9461719	1.4840376
1.9397001	1.4821975
1.9376141	1.4816222
1.9345788	1.4807932
1.9297311	1.4794363
1.92809	1.4789835
1.9247007	1.4780309
1.9233953	1.4776835
1.9182783	1.4762778
1.9102927	1.474158
1.8981713	1.4709426
1.8878341	1.4682655
1.8798133	1.4661667
1.8725058	1.4642543
1.8687696	1.4632764
1.8606211	1.461228
1.8537261	1.4594902
1.8466276	1.4577734
1.8396674	1.4561337
1.8367636	1.4553827
1.8342682	1.4547758
1.8345257	1.4548073
1.8326458	1.454405
1.8313733	1.4541501
1.8295505	1.4537399
1.8293248	1.4537209
1.8303114	1.4539413
1.8311871	1.4541354
1.8320537	1.4543036
1.8324986	1.4543867
1.8330752	1.4545051
1.8343717	1.4548159
1.8388134	1.4557868
1.8431218	1.4568003
1.849013	1.458193
1.8551906	1.4597111
1.8628924	1.4616172
1.8709745	1.4637067
1.8848318	1.4672674
1.8928713	1.4693533
1.9017097	1.4718052
1.9141142	1.4751996
1.9260132	1.4785372
1.9355973	1.4812717
1.9530904	1.4864138
1.9603759	1.4886863
1.9758341	1.4934667
1.9793774	1.4946975
1.988979	1.4978243
1.9926969	1.4990569
1.9963527	1.5002574
1.998676	1.5010216
2.0000405	1.5014876
2.0006008	1.5016778
2.0008278	1.5017427
2.0005202	1.5016779
2.0003037	1.5015848
2.0005393	1.501695
2.000556	1.5016788
2.0003185	1.5015815
1.9977657	1.500752
1.994442	1.499627
1.9905629	1.4983386
1.9848278	1.4964964
1.976271	1.4937464
1.9671389	1.4908705
1.9551156	1.4871662
1.9449549	1.4840931
1.9319804	1.4803313
1.9201691	1.4769553
1.9045365	1.4727015
1.8909469	1.4690926
1.8779415	1.4657472
1.8656876	1.4626982
1.8515527	1.45923
1.8397765	1.4564289
1.8333269	1.4548624
1.8300387	1.4540201
1.8278304	1.4534401
1.8253176	1.452839
1.8247339	1.4527055
1.8233228	1.4524025
1.8223877	1.4521886
1.8212768	1.4519862
1.8205172	1.4518147
1.8209672	1.4519539
1.8202934	1.4517671
1.8204104	1.4518191
1.8226012	1.4522915
1.8245281	1.4527224
1.8297217	1.4538387
1.8347657	1.4550308
1.8416145	1.4566848
1.8469007	1.4579511
1.8534514	1.4596012
1.8584882	1.4608605
1.8672392	1.4630435
1.8748555	1.4650205
1.8803666	1.4664265
1.8850698	1.4676839
1.8869504	1.4681618
1.8895054	1.4688156
1.8899866	1.4689227
1.8928657	1.4696413
1.8931875	1.469766
1.8937072	1.4698694
1.8940243	1.4699606
1.8950008	1.4701813
1.9010007	1.4716597
1.8991641	1.471177
1.9210804	1.4768783
1.9246433	1.4777415
1.9179534	1.4757168
1.9155606	1.4749265
1.9417306	1.481754
1.9488214	1.4835907
1.9664619	1.4884635
1.9795533	1.4922818
1.9924291	1.4960139
2.0047235	1.4997556
2.0135477	1.5024244
2.0230896	1.5054257
2.0245311	1.5059032
2.0334377	1.5086511
2.034945	1.5091977
2.043396	1.5118262
2.0434859	1.5118475
2.0451334	1.5123526
2.0459673	1.5126821
2.046834	1.5129737
2.0468342	1.513057
2.0473473	1.5132583
2.0479653	1.5134987
2.0483165	1.5136871
2.0479307	1.5135232
2.0473692	1.5132601
2.046488	1.512891
2.0453322	1.5122668
2.041161	1.5106585
2.0412962	1.5104026
2.0368257	1.5085255
2.038005	1.5085875
2.0345955	1.5070705
2.0379267	1.507885
2.037833	1.5076183
2.0380547	1.5074899
2.0353293	1.5065702
2.0334716	1.5059676
2.0317862	1.5054435
2.0306606	1.505109
2.0308864	1.5051888
2.0317044	1.5054269
2.0318873	1.5054729
2.0322857	1.5055914
2.030726	1.5050974
2.0279284	1.5041906
2.0220847	1.5023371
2.016092	1.5004138
2.0011353	1.4959565
1.9859221	1.491527
1.9723552	1.487703
1.9590657	1.484037
1.9485344	1.4812913
1.9193878	1.4739077
1.9078398	1.4711655
1.8887988	1.4666952
1.8730775	1.4632277
1.8718164	1.4630766
1.8606573	1.4607018
1.8617985	1.4610015
1.8552002	1.4595025
1.852374	1.4588764
1.8494911	1.4582851
1.850819	1.458562
1.8454115	1.4573693
1.8479698	1.4578992
1.8489615	1.4581345
1.8530846	1.4590816
1.8554255	1.4596317
1.8563256	1.4598523
1.8597758	1.4607327
1.867335	1.4625505
1.8695259	1.4631584
1.8789399	1.4655178
1.8796442	1.4658291
1.8899411	1.4684135
1.892936	1.4692452
1.899278	1.4709095
1.9057587	1.4726257
1.9054168	1.4725577
1.9086047	1.4734396
1.911509	1.4742235
1.9130936	1.4746302
1.9121479	1.4744025
1.9141287	1.4749346
1.9166282	1.4755995
1.9145952	1.4750812
1.9141659	1.4749737
1.9055647	1.4726902
1.9018266	1.4717155
1.8950099	1.4699534
1.8890715	1.4683731
1.8802078	1.4660906
1.8745267	1.4646113
1.863738	1.4619473
1.8541862	1.4595989
1.8511107	1.4587636
1.8395149	1.456058
1.8366245	1.4552968
1.8298934	1.4537716
1.8269626	1.4530418
1.8208967	1.4516914
1.8218247	1.4518379
1.8218282	1.4518496
1.8228432	1.452121
1.8221449	1.4520092
1.8225478	1.4520968
1.8215109	1.4518862
1.8231074	1.4522313
1.8255783	1.4527977
1.8286375	1.4534693
1.8334314	1.4545629
1.8356428	1.455128
1.8418366	1.456625
1.8474014	1.4579855
1.854263	1.4596713
1.8602556	1.4611466
1.8658128	1.4625485
1.8712623	1.4639496
1.8775078	1.465523
1.8828124	1.4668815
1.8909974	1.4689556
1.8985201	1.4709066
1.90063	1.4714874
1.9065253	1.4730339
1.9078348	1.473405
1.9113542	1.4743729
1.9128234	1.474768
1.9141464	1.4751382
1.9146756	1.4753058
1.9142629	1.4752238
1.9168708	1.4759355
1.9172934	1.4760166
1.9177948	1.476167
1.9235988	1.4776342
1.9165534	1.4756751
1.9217578	1.47686
1.9208347	1.4764692
1.9300612	1.4786954
1.9284853	1.4781208
1.9421364	1.4815857
1.9430199	1.4816105
1.9547608	1.4844782
1.9721332	1.4891121
1.9753892	1.4898198
1.9989268	1.4963388
2.0040941	1.4975466
2.022009	1.5026815
2.0232806	1.50293
2.029327	1.504752
2.0329733	1.505953
2.0337408	1.5062522
2.0355499	1.5068952
2.0349889	1.5067238
2.0355747	1.5069504
2.0350428	1.5067928
2.0361257	1.507133
2.035423	1.5068684
2.0362422	1.5072064
2.0364978	1.5072583
2.0389981	1.5081892
2.0398564	1.5086349
2.0405858	1.5090559
2.039558	1.5090965
2.0398977	1.5094997
2.0411115	1.5102594
2.042111	1.51092
2.0434978	1.5117167
2.044812	1.5125299
2.0462487	1.5133055
2.047518	1.5141319
2.0483105	1.5147835
2.0494857	1.515437
2.0507524	1.5161494
2.0516105	1.5167081
2.0520132	1.5169812
2.0526352	1.5173345
2.052778	1.517487
2.0525897	1.5175124
2.052139	1.5174048
2.051924	1.5173838
2.0515428	1.5173007
2.0516922	1.5173298
2.0510323	1.5170808
2.0509522	1.5170245
2.0503886	1.5167648
2.0491233	1.5162389
2.0477374	1.5156168
2.0475636	1.5154227
2.043756	1.5137837
2.0430143	1.5132394
2.039988	1.5119157
2.0376182	1.5106915
2.0365815	1.5101013
2.034223	1.50905
2.0335636	1.5087147
2.0323343	1.5081743
2.0317929	1.508008
2.0315087	1.5079429
2.0308292	1.5077703
2.0316727	1.5080909
2.0323505	1.5083481
2.0328279	1.5085733
2.032549	1.5084587
2.0327854	1.5086242
2.0309517	1.50799
2.0287585	1.5073085
2.023149	1.5055907
2.0190506	1.5043902
2.01104	1.5019374
2.0061033	1.5005924
1.9982823	1.498282
1.9871378	1.4950187
1.9767711	1.4921259
1.9671526	1.4894427
1.9598228	1.4875093
1.9496188	1.4847647
1.9422737	1.482817
1.9334089	1.4804696
1.932393	1.4801669
1.9299934	1.4796315
1.9409169	1.4826651
1.9319376	1.4802533
1.9368305	1.4815967
1.9253372	1.4784517
1.9185804	1.4766119
1.9119848	1.4748064
1.9104409	1.4743954
1.9129871	1.4750884
1.9141955	1.4753661
1.9129442	1.4750135
1.9201101	1.4769601
1.9243133	1.4781265
1.9327415	1.4805312
1.9340699	1.4809161
1.94363	1.4837117
1.9480575	1.4850571
1.9565251	1.4875895
1.963306	1.4896885
1.9673856	1.4909546
1.9729435	1.4927025
1.9777224	1.4942218
1.9815859	1.495464
1.9829051	1.4959143
1.9868037	1.4971768
1.9885604	1.4977484
1.9889789	1.497878
1.9895772	1.4980847
1.9902765	1.4982828
1.9920633	1.498868
1.9914159	1.4986337
1.9906296	1.4983679
1.989777	1.4980874
1.9907204	1.4984138
1.9864864	1.4970326
1.9848393	1.4964755
1.9802257	1.4949793
1.9761913	1.4936612
1.9716609	1.492229
1.959553	1.4884713
1.9581386	1.4880228
1.9515051	1.486
1.943974	1.4837539
1.9366074	1.4815834
1.9314483	1.4800818
1.9299811	1.4796433
1.923614	1.4778513
1.9229187	1.477689
1.9193678	1.4767066
1.9164257	1.4758657
1.9146947	1.4754066
1.9157029	1.4756519
1.9147959	1.4753969
1.9145108	1.4752965
1.9146518	1.4753379
1.9157188	1.475574
1.9173156	1.4759518
1.9215788	1.4770588
1.922235	1.477222
1.9292337	1.4790648
1.9341841	1.4804034
1.9450457	1.4833733
1.951451	1.4851828
1.9602826	1.4876268
1.9694635	1.4903134
1.98313	1.4943761
1.989094	1.4962529
2.0050006	1.5013208
2.011293	1.5034274
2.0220447	1.5069504
2.025701	1.5082887
2.033347	1.5108856
2.0361788	1.5118349
2.038905	1.5127314
2.0423522	1.5138948
2.0443974	1.5145687
2.045922	1.5150754
2.0473657	1.5155425
2.0483832	1.5158962
2.0495257	1.5162656
2.0502627	1.5165234
2.0503652	1.5165275
2.0504615	1.5165474
2.0504904	1.5165606
2.050453	1.5165486
2.0500894	1.5163956
2.0500042	1.5163393
2.049334	1.5160068
2.0489967	1.5158008
2.0476074	1.5151074
2.046972	1.5147028
2.045347	1.513939
2.043814	1.513198
2.0424936	1.5125283
2.040605	1.5116563
2.0388627	1.5108405
2.0366862	1.5098255
2.032839	1.5082173
2.0308483	1.5072296
2.029589	1.506421
2.0273616	1.5053585
2.024765	1.5041531
2.0240924	1.5036329
2.0252883	1.5036503
2.0261111	1.5037276
2.028557	1.5042825
2.0297863	1.5045888
2.0300786	1.5046315
2.0281217	1.5040382
2.0272603	1.5037934
2.0262873	1.5035317
2.0267868	1.5036871
2.0267668	1.5037224
2.027338	1.5038848
2.0278866	1.5041102
2.0281923	1.5043081
2.028253	1.5044528
2.0276077	1.5044453
2.0265625	1.5043801
2.0269854	1.5047631
2.0267165	1.5049939
2.0270352	1.5054289
2.0276232	1.5059533
2.0297418	1.5069883
2.0317125	1.5080743
2.0332088	1.5088309
2.0357156	1.5100393
2.037876	1.5111206
2.0410676	1.5125061
2.0433817	1.5135877
2.0454078	1.5144838
2.046938	1.51521
2.0480273	1.51574
2.0497334	1.5164258
2.0500915	1.5165786
2.0506678	1.5168228
2.0511653	1.516996
2.0514162	1.5171087
2.051382	1.5170491
2.0517476	1.5171535
2.0516844	1.5171459
2.0516236	1.5171026
2.0513206	1.5170413
2.0506802	1.5168258
2.0500946	1.5167035
2.0488493	1.5163648
2.0479958	1.5161567
2.0450618	1.5152646
2.0436444	1.5148352
2.0415459	1.5142379
2.0358667	1.5125248
2.0330083	1.5116546
2.0309746	1.5110481
2.025798	1.5094255
2.0213442	1.5080403
2.0166755	1.5066075
2.0131705	1.5055054
2.009875	1.5045604
2.0079052	1.5039412
2.0027165	1.5023284
2.0017347	1.502044
1.9987872	1.5011805
1.9957731	1.5002545
1.9950284	1.5000564
1.9932905	1.49956
1.9923612	1.4991881
1.9908679	1.4987347
1.9915073	1.4989436
1.9903548	1.4985485
1.9914709	1.4988632
1.9900482	1.4983959
1.9923364	1.4989703
1.9868135	1.4971619
1.9846386	1.4962648
1.9848275	1.4961355
1.9851426	1.4959168
1.985579	1.4957248
1.9892505	1.4964701
1.985616	1.4950861
1.9924477	1.4967937
1.9976648	1.4980872
2.0044866	1.4998516
2.006397	1.5000454
2.0124621	1.5016136
2.013046	1.50148
2.0195835	1.5031891
2.0224986	1.5037973
2.027751	1.5051278
2.032223	1.5062912
2.0341485	1.506636
2.0361295	1.5071027
2.0398881	1.5080681
2.042151	1.5086334
2.0438766	1.5091672
2.0445738	1.5093396
2.0440342	1.5091982
2.043716	1.5090548
2.0435877	1.5090369
2.0433345	1.508976
2.043175	1.508949
2.0429742	1.508883
2.0428662	1.5089401
2.0419786	1.5088634
2.0405211	1.5085323
2.038247	1.5080714
2.0376287	1.5080591
2.0366335	1.5080116
2.0371578	1.5084007
2.0385666	1.5090694
2.0389903	1.5094514
2.039507	1.5098454
2.0411503	1.5106039
2.0438972	1.5116911
2.042966	1.5115079
2.0447068	1.5122766
2.0465615	1.5130091
2.0466325	1.5131013
2.0468862	1.5132213
2.0470238	1.5132873
2.047205	1.5133288
2.0470426	1.5132881
2.0473485	1.5133624
2.04633	1.5129763
2.0455549	1.5126609
2.0435994	1.5119771
2.0403142	1.5107718
2.0376983	1.5098257
2.033919	1.5084274
2.0313802	1.5075125
2.021651	1.5042906
2.0158043	1.5023868
2.0048096	1.4989591
1.9900842	1.4945123
1.9712105	1.489042
1.948056	1.482646
1.9328058	1.4785014
1.9153067	1.4739987
1.9063582	1.471768
1.8967539	1.469418
1.8887414	1.4674947
1.8715857	1.4634593
1.867844	1.4625129
1.8545822	1.4593754
1.854097	1.4592179
1.8534819	1.4589957
1.8531728	1.4589053
1.8520334	1.4586416
1.8513479	1.4584843
1.8525622	1.4587262
1.8556935	1.4594176
1.8605007	1.4605079
1.8663728	1.4618528
1.8679973	1.4622192
1.8790685	1.4648083
1.8841875	1.466054
1.8993384	1.4698329
1.9040954	1.471077
1.9176956	1.4746103
1.9298569	1.4778689
1.9493032	1.4832538
1.9603035	1.4864928
1.9767874	1.4913931
1.98672	1.4946268
2.0029497	1.4998368
2.015568	1.5041009
2.0247781	1.507365
2.0307372	1.5095444
2.0369022	1.5118431
2.0428827	1.5139251
2.0458415	1.5151007
2.0482054	1.5159193
2.0492783	1.5163336
2.0506096	1.5167975
2.0514684	1.5170895
2.0518625	1.5172385
2.0520597	1.5172956
2.0522406	1.517355
2.0524747	1.5174752
2.0526206	1.5174887
2.0526605	1.517503
2.0518377	1.5171772
2.0510108	1.5168474
2.0496757	1.5163321
2.047597	1.5155834
2.046414	1.5150357
2.0430813	1.5138073
2.0402308	1.5127194
2.034103	1.5105426
2.0293977	1.5087991
2.022565	1.5064436
2.015242	1.503825
2.004692	1.5003331
1.9936405	1.4966955
1.9791656	1.4921669
1.9684699	1.488848
1.9514779	1.4838953
1.9411907	1.480958
1.9250256	1.4765264
1.916584	1.4742439
1.9022473	1.470564
1.8943251	1.4685019
1.8861805	1.4664229
1.8804857	1.4649796
1.8758289	1.4638467
1.8735046	1.4632959
1.8699708	1.4624581
1.868798	1.462169
1.8669443	1.461757
1.8661937	1.4615813
1.8653178	1.4613835
1.867452	1.461889
1.8691512	1.4622428
1.8737584	1.4633169
1.8791473	1.4645932
1.8858621	1.4662397
1.8942819	1.4683518
1.9010084	1.4700537
1.9085034	1.471968
1.9234515	1.4758312
1.9342198	1.4787793
1.9509618	1.4834242
1.9582946	1.4855957
1.9711149	1.4893903
1.9805217	1.4923496
1.9949372	1.4968681
2.0038273	1.4998208
2.0147755	1.503485
2.0222735	1.5061818
2.0270696	1.5079
2.0317483	1.5096606
2.0373564	1.5117514
2.0406082	1.5130249
2.0444694	1.514454
2.0477912	1.5156872
2.050841	1.5168005
2.0514987	1.5170659
2.0522273	1.5173573
2.0523174	1.5174296
2.0532231	1.5177631
2.053655	1.5179076
2.0538645	1.5179648
2.054379	1.5181166
2.0539558	1.5179386
2.0541205	1.5180304
2.054182	1.5180265
2.053968	1.5179186
2.0536616	1.5177425
2.0532658	1.5175077
2.0523982	1.5170982
2.0512004	1.5165191
2.049458	1.5157385
2.046374	1.5144103
2.043888	1.5133433
2.0419855	1.5123652
2.037561	1.5106106
2.035131	1.5094271
2.0298252	1.5073515
2.0255642	1.5056217
2.0230882	1.5044622
2.0208862	1.5034305
2.0187533	1.5024321
2.019301	1.5022933
2.0193677	1.5021139
2.021843	1.502648
2.0231059	1.502935
2.0226336	1.5027604
2.0235436	1.503001
2.0223217	1.5026642
2.0227418	1.502783
2.0234177	1.5029908
2.0238404	1.5031483
2.0240843	1.5032012
2.023498	1.5030421
2.0213394	1.5023657
2.0202456	1.5020773
2.0146787	1.5003984
2.0141406	1.500305
2.0088203	1.4987706
2.0056574	1.4979655
2.000851	1.496716
1.9928111	1.4945974
1.9898115	1.4939483
1.9803344	1.4914844
1.9770161	1.4908346
1.9709215	1.4892851
1.9676205	1.4885919
1.9676176	1.4887736
1.9639015	1.4879104
1.9609357	1.4872456
1.9587144	1.486772
1.9569838	1.4864051
1.9572031	1.4865682
1.9540768	1.4857682
1.9511487	1.4849768
1.9510106	1.4849473
1.9489064	1.4843212
1.9491746	1.4843498
1.948684	1.4842281
1.9516778	1.4850588
1.952274	1.4852679
1.9570501	1.4867013
1.9573658	1.4868615
1.9630375	1.48864
1.9676199	1.4900874
1.9705731	1.491109
1.9737009	1.4922183
1.9830761	1.4951894
1.9794431	1.494312
1.9949805	1.4993435
1.989338	1.4977452
1.9956498	1.4998065
1.9960345	1.4999728
1.9995128	1.5011244
2.0008957	1.5016232
2.0034013	1.5024592
2.0037553	1.5026144
2.004324	1.5028278
2.0050895	1.5030968
2.0036125	1.5026493
2.00349	1.502614
2.0043094	1.5028937
2.0045767	1.5030049
2.0062056	1.5035571
2.004341	1.5029033
2.0050466	1.5031279
2.0038693	1.5027071
2.0042722	1.50278
1.99657	1.5002022
1.9894638	1.4979101
1.9854972	1.4965355
1.9785004	1.4941964
1.9733144	1.4924558
1.9619591	1.4889023
1.9516778	1.4857072
1.9408572	1.4825141
1.9309912	1.4796392
1.9193043	1.4763204
1.9090185	1.4734714
1.8952326	1.4697888
1.8902864	1.4684904
1.8787594	1.4654881
1.8727309	1.4639524
1.8648804	1.4620075
1.8581957	1.4603773
1.8507057	1.4585681
1.8487504	1.4580675
1.8478098	1.4578542
1.8465455	1.45754
1.8450078	1.457184
1.8427789	1.4566871
1.8438531	1.4569243
1.8426381	1.4566394
1.8421309	1.4565395
1.8412243	1.4563472
1.8406183	1.4562186
1.8401325	1.4561331
1.8406844	1.4562681
1.842654	1.4566946
1.8439573	1.4569744
1.8473576	1.4577323
1.8524876	1.4588856
1.8574775	1.4600065
1.8617307	1.4609588
1.8708981	1.462937
1.876149	1.4640163
1.8902228	1.4672338
1.909447	1.4717634
1.9166708	1.4734355
1.9445238	1.4805685
1.9504802	1.4820853
1.9788501	1.4899305
1.9807378	1.490492
1.9976012	1.495337
1.9979547	1.4955308
2.0095127	1.4990017
2.0139306	1.5004181
2.0181367	1.5017534
2.0228992	1.503177
2.0242856	1.5036327
2.0272787	1.5044811
2.0305228	1.5054556
2.0315907	1.5057728
2.0339081	1.5064154
2.0350692	1.5067792
2.0359597	1.5069488
2.036068	1.5070286
2.0369065	1.5073183
2.036244	1.5070667
2.0348015	1.5066419
2.0333014	1.5061469
2.0287135	1.5047376
2.0269413	1.5042535
2.0249426	1.503734
2.0203264	1.5023822
2.0162132	1.5012802
2.0065246	1.4985114
2.0038567	1.4979334
1.9954652	1.4956179
1.9934804	1.4953986
1.9846902	1.4931544
1.9804235	1.4922571
1.9709996	1.4898716
1.965029	1.4883949
1.9637324	1.488268
1.9593728	1.4871633
1.9565256	1.4865383
1.9552383	1.4861796
1.9481322	1.4842652
1.949794	1.4847319
1.9482203	1.4842756
1.9468404	1.4839454
1.9460905	1.483688
1.9451792	1.4834659
1.9449868	1.4833852
1.9458784	1.4836257
1.9467072	1.483803
1.9484015	1.4841955
1.950003	1.4845793
1.953331	1.4854149
1.9545317	1.4856795
1.9631406	1.4880116
1.971174	1.490233
1.9763441	1.4916643
1.9834598	1.4936546
1.9965777	1.4974838
2.0023973	1.4992164
2.015018	1.5029155
2.0187702	1.5041476
2.0279071	1.5070008
2.0341947	1.5090535
2.0364728	1.5098495
2.0419993	1.5116365
2.044506	1.5125057
2.0475917	1.5135652
2.0482328	1.513731
2.0484722	1.5137842
2.0491543	1.514014
2.050608	1.5145277
2.051654	1.5149122
2.051852	1.5150044
2.0517797	1.5149183
2.05083	1.5145706
2.0484607	1.513807
2.0480988	1.5136701
2.047304	1.5135242
2.0456269	1.5131419
2.0437832	1.5127127
2.0406682	1.5119526
2.03761	1.511094
2.0347476	1.5103495
2.0301862	1.5090744
2.028035	1.5085669
2.0264585	1.5083967
2.0228474	1.507538
2.0218477	1.5074607
2.018283	1.5065178
2.0154524	1.5058026
2.0137944	1.5054071
2.011273	1.5047319
2.0109677	1.5047177
2.0092216	1.5042078
2.0080206	1.5038959
2.009677	1.5044761
2.0080464	1.5039836
2.0087583	1.5042245
2.0062912	1.503449
2.0073414	1.5038095
2.0052638	1.5031428
2.0059593	1.5034004
2.0048444	1.5030324
2.0037293	1.5026445
2.0022323	1.5021137
2.0012517	1.501718
1.9995677	1.5010288
1.9986994	1.5006322
1.9965119	1.4997785
1.9958458	1.4993339
1.9973147	1.4995903
2.0014758	1.5006671
2.0007198	1.500196
2.00216	1.5004487
2.0115566	1.5031037
2.011756	1.5030044
2.0253556	1.5070418
2.0254683	1.5070188
2.0359917	1.510021
2.0355823	1.5098538
2.0403943	1.5111986
2.0418916	1.5116252
2.0463982	1.5129296
2.0470872	1.5131079
2.047924	1.5133839
2.0499172	1.5140485
2.0505483	1.5142344
2.0503619	1.5141902
2.0507402	1.5143247
2.0509367	1.5144169
2.0513053	1.5145054
2.0508494	1.5143955
2.0505836	1.5143149
2.049726	1.5140567
2.049319	1.5139922
2.0502133	1.5143338
2.0483985	1.5138673
2.0454028	1.5129856
2.0438857	1.5126303
2.0398133	1.5114841
2.0362813	1.5106076
2.0312066	1.5092638
2.031167	1.5095364
2.0237324	1.5074477
2.019217	1.5062413
2.0149658	1.5051067
2.0101926	1.5038723
2.0092626	1.5037593
2.0049238	1.5026
2.0081892	1.5037159
2.0040298	1.5025599
2.0025141	1.5022025
2.0031245	1.5024563
2.0025022	1.5023161
2.0008366	1.5018207
1.9998041	1.5015049
1.9997175	1.5014976
1.9983423	1.5010525
1.9995304	1.5014536
1.9971113	1.5006329
1.9959551	1.5002804
1.9936272	1.4995258
1.9901571	1.4983555
1.9836221	1.4962726
1.9788038	1.4947324
1.9731888	1.4929485
1.9637035	1.4899656
1.9560229	1.4876068
1.9491299	1.4855162
1.9369942	1.4819472
1.9295074	1.4797843
1.9180145	1.4765327
1.908632	1.4739296
1.8978926	1.4710414
1.8895457	1.4688365
1.8773555	1.4657078
1.8664249	1.4629436
1.8571508	1.4606566
1.8467505	1.4581764
1.838171	1.4560972
1.8303462	1.4542594
1.8255363	1.4530892
1.8225421	1.4523678
1.821845	1.4521189
1.8214223	1.4519787
1.8201637	1.4517162
1.8196695	1.4516432
1.8205262	1.4518011
1.8198897	1.4516788
1.8208872	1.4518853
1.8216882	1.4520494
1.8265903	1.4530685
1.8312365	1.45406
1.8388572	1.4557215
1.8388011	1.4557172
1.8451596	1.4570814
1.8518916	1.4585955
1.867282	1.4621
1.8790103	1.4648441
1.89837	1.4694716
1.9103615	1.4724588
1.9320927	1.478093
1.9551232	1.4843847
1.9697007	1.4886659
1.9862769	1.4937669
2.000614	1.4983734
2.010506	1.5018735
2.0217915	1.505853
2.030325	1.5089332
2.035815	1.5110219
2.0403008	1.5128126
2.0450525	1.5145812
2.0473633	1.5154921
2.0484986	1.5159316
2.0494928	1.5163034
2.050549	1.5166706
2.0512495	1.5168984
2.051907	1.5171155
2.0520327	1.5171478
2.051965	1.5171056
2.0520935	1.5171584
2.0524597	1.5173098
2.0518925	1.517067
2.0514545	1.51696
2.0511577	1.516915
2.049171	1.5162704
2.0468013	1.5154883
2.045039	1.5149139
2.0437627	1.5145266
2.0409212	1.5137128
2.0375018	1.5126654
2.0327837	1.5112811
2.0272021	1.5095911
2.022345	1.5081269
2.0189528	1.5071976
2.015055	1.5059963
2.0081651	1.5039241
2.0064292	1.5033867
2.0016432	1.5019495
1.9993098	1.5012368
2.001724	1.5020161
2.0040877	1.5027887
2.0018487	1.5020766
2.0002508	1.5016227
1.9974327	1.5007236
1.996207	1.5003343
1.99525	1.500048
1.9936746	1.4995261
1.9909582	1.4986209
1.9862435	1.4971095
1.9817052	1.4956615
1.9775991	1.494321
1.9717944	1.4924918
1.9677675	1.4911929
1.9589312	1.4884803
1.9532253	1.4867104
1.94521	1.4843112
1.9394779	1.4826107
1.9282893	1.4794092
1.9232748	1.477992
1.9146142	1.4755979
1.9097075	1.4742287
1.9069202	1.473497
1.9031123	1.4724244
1.9027638	1.4723337
1.901322	1.47194
