1.1293033	1.2281857
1.0481336	1.695309
1.1724994	1.7224824
1.2468857	1.9172509
1.2217836	1.9858241
1.0977237	2.0173457
1.0898019	2.0285048
1.0553819	2.0470104
1.1609927	2.0469575
1.247841	2.0561721
1.3621824	2.0714083
1.5822909	2.0365462
1.391113	2.064814
1.4682763	2.0534322
1.4818369	2.0348978
1.5139945	2.001639
1.4171946	2.0045877
1.145284	2.046281
1.0092936	2.0648608
0.9690212	2.0381851
0.9744995	2.0223162
0.9548484	2.0100574
0.98054826	1.9860003
1.0231564	2.0140789
1.0786004	2.0263007
1.0628325	2.0144153
1.0597959	2.009388
1.1313289	2.0212238
1.1542002	2.0279164
1.1423893	2.018666
1.1799448	2.004735
1.2851886	1.973476
1.4107745	1.8759116
1.2286066	1.9154128
1.1763334	2.0152533
1.5018872	1.9821486
1.7143365	1.9239542
1.7819822	1.8570683
1.9875398	1.6801498
2.3122334	1.5540997
2.403463	1.4969177
2.403832	1.0983875
2.521151	1.1753917
2.7436643	1.45224
2.8744988	1.2480814
2.9591155	1.1491262
3.1245737	1.241576
3.1046784	1.0385919
3.0973258	1.0113571
3.1065655	0.98911214
3.191398	1.1366656
3.1139345	1.024114
3.014093	0.98981535
2.968544	1.0119226
3.0008543	1.0054426
2.9630563	1.0293893
2.8482556	1.0482805
2.8610609	1.0542771
2.8131092	1.0238539
2.8081756	1.0264381
2.8859496	1.0443143
2.9391544	1.0503762
2.73581	1.0995634
2.6882682	1.2729359
2.714703	1.6315415
2.4749033	1.7127359
2.3764424	1.841123
2.2261794	1.8212693
2.1231072	1.9010069
2.2594619	1.9768257
2.2265964	2.0136795
2.0786858	2.031773
2.030769	2.0603068
2.0785136	2.087913
2.0085738	2.0882406
1.9554613	2.0649111
1.9464014	2.0509458
2.0252576	2.041895
2.1055713	1.9997889
2.153869	2.0023303
1.9797275	2.0296292
1.9800118	2.023396
2.0933049	2.0155132
1.9030695	2.0260282
1.8941026	2.0241385
1.8649342	2.0197303
1.9483521	2.0147603
1.9033169	2.0153227
1.6337171	2.037279
1.3859682	2.0605006
1.2541393	2.0695302
1.1605607	2.063012
1.0597569	2.0400374
1.0595661	2.0186393
0.9938686	2.0125604
0.9031582	1.9937638
0.8832135	1.9985329
0.8618308	2.0115044
0.82966286	1.9664912
0.8422032	1.9514325
0.9287181	1.9875474
1.0092081	2.0185945
1.0145282	2.0355687
1.0258021	2.0445533
1.058901	2.0442622
1.1039405	2.0314012
1.1232467	2.0244129
1.0866791	2.0161488
1.0494331	2.0112734
1.0498463	2.0198839
1.11443	2.0270097
1.2455887	2.0136282
1.3738987	2.0013776
1.5507776	1.9966234
1.7767323	1.9932687
1.9718384	1.9933417
2.1827743	1.9891177
2.4331095	1.9751812
2.4321892	1.9748098
2.4386225	1.9906209
2.636083	1.9945362
2.7181387	1.998095
2.7570364	2.0050898
2.9473197	2.0148954
3.015133	2.0350976
3.100435	2.0400162
3.1157362	2.0689826
3.1410007	2.0813096
3.140136	2.066244
3.0659316	2.0455408
3.0427117	2.0279217
3.0189836	2.0301883
2.9781084	2.024615
2.9178858	2.0101943
2.9216256	2.0265396
2.880299	2.0196762
2.9183612	2.0267005
2.9350014	2.0219557
2.8859031	2.000712
2.8233213	2.0241017
2.590003	2.0118778
2.4558163	2.0045404
2.4188354	2.0266411
2.1415222	2.0317953
1.9385699	2.0323339
1.7969079	2.0359545
1.7071729	2.032484
1.6358849	2.0405114
1.5088379	2.0426793
1.3746008	2.0586233
1.2444907	2.0704815
1.1260471	2.0651827
1.0398873	2.0628643
0.94068533	2.063161
0.8802898	2.0620635
0.85052234	2.0262277
0.82457954	1.9490314
0.804022	1.8944031
0.83132225	1.955187
0.89641315	2.0070083
0.9636102	2.0317233
0.985932	2.0422711
0.98185974	2.043493
1.0219097	2.0497174
1.0502242	2.0449228
1.0051664	2.0406706
1.0314058	2.0467193
1.1080585	2.0413947
1.1116918	2.0333674
1.2163062	2.0227323
1.4906957	2.016883
1.7684685	2.0102782
1.8619738	2.004751
1.9974841	2.0076997
2.040337	2.0096943
2.1465273	2.0003603
2.3238363	1.9972986
2.2763302	1.9989543
2.2144449	2.0035803
2.0940063	2.0104644
1.954875	2.0171587
1.8686881	2.0212138
1.9086283	2.016605
1.9785237	2.0164719
1.8487327	2.0237648
1.8126523	2.0252464
1.8569449	2.0184634
1.8658181	2.0165317
1.785446	2.030361
2.460025	1.8727932
2.473607	1.6131924
1.2764045	1.990668
1.1094645	2.0009503
1.6691872	1.1817127
1.8969568	1.0878884
1.8569345	1.0545448
2.2361212	1.0087825
2.1791165	0.96936893
2.1682885	0.9459018
2.120303	0.9306651
2.1145015	0.9252264
2.0347502	0.94615924
1.7762363	0.9464977
1.9475621	0.9397688
1.9080156	0.94051695
1.7220141	0.949461
1.676755	0.9635437
1.861566	0.9567116
1.9512831	0.9585908
2.0265446	0.9671003
2.085307	0.9682679
2.089722	0.9575998
2.2380598	0.95723665
2.1048303	0.9695011
1.8243572	0.97725904
1.7578123	0.9830382
1.3929702	0.9679339
1.229399	1.0671736
1.0995234	0.9795046
0.965998	0.9596573
0.9165321	0.94400716
0.8696066	0.9497371
0.89643323	0.9572551
0.9423671	0.977708
0.9173491	0.9743027
0.9465394	0.9841519
1.0772163	1.0205475
1.1218947	1.0282398
1.1728595	1.0400379
1.1617937	1.0140779
1.0875974	0.9935062
1.0683525	0.99100167
1.0925176	0.9904453
1.1162431	0.99972034
1.1305552	1.0486435
1.0759836	1.1854897
0.94851506	1.3062376
0.88099915	1.9508164
0.9119638	2.0200646
0.8363287	2.0230587
0.7598945	2.0051107
0.78569067	2.0071158
0.85914224	2.0479164
0.8606784	2.054492
0.8881509	2.0712986
0.981332	2.0849192
1.1770455	2.0731826
1.293839	2.0698857
1.2945482	2.0502086
1.1716832	2.028221
1.0843555	2.0511646
1.169361	2.03646
1.2298454	2.016474
1.1184103	2.0361474
1.1222486	2.0292509
1.201407	1.9955543
1.2805005	1.9772147
1.3785977	1.978163
1.3541915	2.0092278
1.5071734	2.0057588
1.7786912	1.9741023
1.8330495	1.9819818
2.0334992	1.9739021
2.0899804	1.9882509
2.125622	1.9730238
2.144259	1.9706167
2.1634207	1.973826
2.2639983	1.9516841
2.0161939	1.982697
1.9918488	1.9940525
2.156052	1.9756563
2.0185595	1.9782583
1.8519175	2.0010307
1.9568863	1.996607
2.053527	1.9753734
1.9210647	1.9847803
1.8850611	1.9973524
1.5841508	2.030324
1.4768964	2.040032
1.4959549	2.0371392
1.2687286	2.0423274
1.1267723	2.0386763
1.055992	2.0219865
0.99108815	2.039788
0.90283585	2.033542
0.85495335	1.9325842
0.8256186	1.976463
0.7795773	1.9376276
0.78400564	1.921023
0.77815956	1.9633089
0.7568621	1.9786625
0.754594	1.961285
0.843722	1.9973426
0.96472406	2.0404017
1.0015272	2.0478208
0.9636799	2.042918
0.98457164	2.0500727
1.0101944	2.046086
1.0466768	2.0274553
1.14725	2.0250962
1.2931654	2.017905
1.3725224	2.0258334
1.5985466	2.0198724
1.8154873	2.0057218
1.9655795	1.9992993
2.0243607	1.9941612
2.028076	1.9963825
2.083279	1.9972941
2.101467	1.9956943
2.111941	1.9972495
2.1877606	1.9814614
2.2754471	1.9700929
2.1996076	1.9894236
2.1789603	1.9885522
2.1550481	1.9923595
2.1438296	1.9967362
2.1431334	1.9947332
2.083142	2.000306
2.0799665	2.006638
2.0775301	2.013295
2.1302235	2.006334
2.0484622	2.0076032
2.108464	2.0077796
2.1637597	1.970292
1.6653469	2.0071418
1.4207916	1.9705765
1.335629	1.842068
1.2948651	1.5793653
1.2529956	1.5324982
1.4154085	1.2565233
1.2840251	1.212647
1.0661212	1.0625861
1.1999767	1.040239
1.1273885	1.0012285
1.0904716	1.005164
1.035604	1.0209334
1.0132768	1.0161055
0.98377836	1.004064
0.9547886	0.9835537
1.0868124	0.98592687
1.234111	0.9828786
1.305055	0.983311
1.2366611	0.98925865
1.2402455	0.99504447
1.2652544	0.99705964
1.192363	0.9899562
1.1182104	0.99089485
1.2091647	0.9956153
1.1686064	0.9901774
1.2527975	0.982006
1.5009916	0.970311
1.6240145	0.9687651
2.0575244	0.9787436
2.2662086	0.9905264
2.2811108	0.96152014
2.3678603	0.9560294
2.4404943	0.9558645
2.5412939	0.9521691
2.6069388	0.9497528
2.7843125	0.9626816
2.9366283	0.9952795
2.9789767	0.9978575
3.0095634	0.992746
3.0507972	1.005398
3.0426383	1.011069
3.016453	1.0011898
3.0205598	1.0047836
3.018893	1.0178505
2.9853668	1.0266353
2.9816573	1.0315949
3.010551	1.0444527
2.9402642	1.01127
2.8358173	1.0093433
2.8449178	1.0196539
2.7607098	1.009538
2.4676726	1.0530407
2.2932956	1.114832
2.2926128	1.0356339
1.8598118	1.1045055
1.751632	1.0465252
1.7058941	1.0342144
1.5760039	1.0116954
1.5142493	0.94850373
1.3933547	1.0061194
1.3330864	1.0464745
1.2888231	1.0605013
1.4238905	1.1396687
1.7757967	1.2002318
1.8858889	1.2813877
1.9897699	1.1855009
2.0204248	1.0899329
2.0805726	1.1103187
1.9644569	1.1435446
2.108398	1.1607281
1.9518731	1.236377
1.7432066	1.4676855
1.9214694	1.8977214
1.9763726	1.9663863
1.8681622	2.0102434
2.1711655	2.013588
2.1893637	2.0172734
1.907841	2.0630918
2.0016057	2.0794659
2.0361469	2.0750687
2.1931376	2.053709
2.2367501	2.0516186
2.193896	2.0508373
2.093606	2.049978
1.9331913	2.0406666
2.2027545	2.0235186
2.6341698	1.9949722
2.4500108	2.0141218
2.3707054	2.0154636
2.1166387	2.027077
1.7583902	2.0561895
1.639368	2.0547936
1.7839404	2.0457394
2.1773283	2.0199635
2.104046	2.014484
1.8796422	2.0295138
2.2191453	2.0122418
2.4780748	2.0000474
2.6432765	2.009117
2.5738363	2.0132852
2.7062001	2.0220115
2.8368003	2.0354817
2.9024389	2.0433905
2.9954069	2.0557992
2.9519022	2.057938
2.9656746	2.0601795
3.0304856	2.0668945
3.0115068	2.0628724
2.9467063	2.0603113
2.99881	2.0635755
3.0117667	2.0589144
2.8948529	2.043784
2.8450305	2.0406117
2.8405733	2.0326
2.9289992	2.0369859
2.866	2.0306156
2.6640494	2.012787
2.723868	2.0212595
2.8981571	2.0430853
2.715571	2.0350542
2.4720523	2.0184176
2.3948684	2.0178254
2.3072882	2.015135
2.2430146	2.019845
1.8483548	2.0355744
1.9391514	2.0268445
2.1184149	2.0214853
1.815316	2.0323808
1.6977367	2.0375001
1.7095578	2.0356882
1.8679147	2.0253398
1.729318	2.031979
1.9266438	2.0301917
2.026557	2.0242755
1.7371352	2.0339227
1.797925	2.0303612
2.0005338	2.0159748
1.9711018	2.0136888
1.8899854	2.0177627
1.9551331	2.0154724
1.9446611	2.011053
1.8867953	1.9981116
1.9916972	1.978177
2.0104525	1.9889901
2.0787265	1.971489
2.2102382	1.9349043
2.3748891	1.840503
2.4548619	1.8157057
2.3393998	1.7480705
2.5459404	1.5348164
2.7734432	1.2709984
2.8224792	1.347381
3.0572135	1.1836905
3.081646	1.1177543
3.0534804	1.0232288
3.1073852	1.0300537
3.1189833	1.0055385
3.0545506	0.9825163
2.903292	0.97678393
2.9374864	0.96754426
2.925873	0.96711546
2.8584967	0.9717749
2.8377032	0.9717457
2.84016	0.97440964
2.835681	0.97235376
2.8520222	0.9740728
2.7964065	0.98162234
2.7210534	0.98487926
2.7724054	0.9921952
2.7822497	0.9972675
2.734131	1.0086163
2.7247074	1.0115561
2.5410857	1.0102187
2.3663828	1.0025305
2.0282354	0.9855316
1.8813187	0.9584344
1.833175	0.97614604
1.7623608	1.0063007
1.7030216	0.98746824
1.6348087	1.0090879
1.5707757	1.0370508
1.4342785	1.0295562
1.2718488	1.1193101
1.1258672	1.0680209
0.9988468	0.9591441
0.92203945	0.968516
0.8582413	1.009749
0.8395115	0.9833379
0.8532177	0.96412694
0.8629468	0.9701494
0.8900779	0.97656685
0.9182619	0.9807774
0.96080387	0.9844677
1.0124421	1.0061207
1.0981508	1.0402958
1.1173466	1.0400366
1.0971943	1.0180362
1.0944232	1.0112865
1.0452633	1.0029784
1.0579784	0.9988665
1.1936332	1.0052301
1.283344	1.0105324
1.4846933	1.046675
1.832896	1.1332879
1.9609488	1.1111534
2.1277945	1.133678
2.3091152	1.1969928
2.3610973	1.1966904
2.486345	1.1194053
2.6607738	1.0983349
2.6651363	1.113276
2.7599728	1.0935833
2.9123714	1.0876949
2.985493	1.0373977
3.0460508	1.0242397
3.058287	1.0246933
3.0588884	1.024206
3.0806022	1.0407003
3.0471356	1.007831
2.9793837	0.9950045
2.9344745	0.9987823
2.9464998	0.9943873
2.9316611	0.99539065
2.8223782	0.9880185
2.7853966	0.9772467
2.8540049	0.98679537
2.8158565	0.98902595
2.8539712	1.002757
2.856581	1.0297239
2.907935	1.0645591
3.0172744	1.1829846
3.0402	1.2886361
2.9426863	1.7598219
2.8718016	1.774277
2.9393973	1.7674525
3.0357323	2.0230203
3.0307791	2.0359874
3.0250764	1.9841726
3.014382	2.0441222
2.981347	2.0742958
2.9674923	2.0766692
2.916265	2.0626404
3.0020552	2.065483
2.9829621	2.05268
2.8016572	2.0485187
2.8628998	2.0496988
2.9299963	2.0608478
2.8550286	2.065289
2.9140759	2.0674353
2.97093	2.0789037
2.7673607	2.0404303
2.7388654	2.038498
2.9103386	2.063079
2.833627	2.047643
2.801588	2.0381522
2.8560736	2.0468028
2.7663505	1.9833621
2.436337	1.9950973
2.08052	1.9832364
2.0596485	1.8772135
1.9127285	1.7076023
1.7382605	1.3823842
1.7289759	1.1634028
1.5291083	1.3429236
1.5522081	1.1289285
1.7307779	1.0200557
1.6286219	0.9966086
1.345402	0.99589455
1.2182585	0.97799057
1.0779079	0.9715599
1.0250669	0.9686989
1.004302	0.975906
0.97514874	0.97642624
0.9914896	0.98607093
0.9485793	0.97837055
0.9432339	0.97677356
0.9626271	0.98543036
0.96713	0.9895657
1.0400515	0.9891986
1.1117978	0.9868705
1.165365	0.9844643
1.1591641	0.9847375
1.149309	0.9846568
1.2221042	0.98334205
1.2185367	0.98357916
1.1399964	0.9848129
1.2105278	0.9833982
1.5253174	0.9732334
1.635408	0.9792548
1.8311292	1.0110327
1.9307349	1.0142556
2.0157316	1.0314815
2.080949	1.0114281
1.9800795	0.9704844
2.0775352	0.97739315
2.1919284	1.006217
2.2445104	0.9699334
2.2137487	0.93794
2.1287599	0.9783729
2.3103364	0.98360157
2.3625348	0.9389347
2.2737997	0.9572712
2.2096772	0.97661155
2.122103	0.9716638
1.9685799	0.9677156
2.0260515	0.9740209
2.0145135	0.9680354
1.7903373	0.9753164
1.7522057	0.99484694
1.7909752	1.0534763
1.5798637	1.2585411
1.4276319	1.3369538
1.2976922	1.3118187
1.2451761	1.2912748
1.100394	1.8888099
1.0855486	1.9594778
1.087535	1.9803141
1.0306756	2.025994
1.0013641	2.044983
0.9775558	2.0632942
0.9083237	2.0844812
0.9246517	2.0986924
1.0278469	2.0856645
1.1121101	2.040706
1.1329697	2.045414
1.0768936	2.0887852
1.0163658	2.0713358
0.9104692	2.0576625
0.89159125	2.0330327
0.9186746	1.9034575
0.9672192	1.9411131
1.0431616	1.989874
1.0533955	2.0063012
1.0638422	1.9950448
1.1165421	1.9670138
1.1722785	1.9101422
1.1977781	1.8604755
1.1824827	1.9253953
1.3400495	1.8703601
1.4548851	1.7961458
1.7067093	1.6465746
1.8103932	1.7576642
1.8726046	1.7865572
2.086165	1.511395
2.3150506	1.2081599
2.4299753	1.1913284
2.4824998	1.1324878
2.677363	1.2507435
2.7940052	1.1008946
2.8128161	0.99939054
2.9598725	0.99116623
3.075041	1.0063573
3.1019573	0.99687093
3.0643408	0.970878
3.0627165	0.9760617
3.0298274	0.9830164
2.9661715	0.9802777
2.946694	0.98121905
2.925979	0.9764716
2.918551	0.9829625
2.8696268	0.98256344
2.8565001	0.9824656
2.9215386	0.9907011
2.8824909	0.98253435
2.8624454	0.9820901
2.806316	1.0020106
2.6188014	1.01722
2.5425668	1.0722051
2.48691	1.2773952
2.236207	1.1750846
2.085468	1.3561707
2.0532708	1.6716508
1.9674277	1.870296
1.8968649	1.8939468
1.8680372	1.9189198
1.718564	1.9003148
1.6211237	1.9308923
1.4719007	1.9777318
1.275214	1.9955046
1.0613724	1.992966
0.9327711	2.0298135
0.8831666	2.0492418
0.8357696	2.0354612
0.8286335	2.023864
0.8561486	2.042197
0.8354128	2.0406427
0.8026363	1.9656839
0.76792955	1.9241829
0.79579335	1.9319708
0.8898217	1.972107
0.9101086	1.9839675
0.9015189	1.9691523
0.943543	1.9713906
0.9605971	1.9827665
0.97258943	1.9813538
1.0230836	1.9625438
0.9863424	1.915544
1.0225171	1.8774383
1.1481088	1.867542
1.2710997	1.8293141
1.5408064	1.7978163
1.571269	1.8149962
1.5365331	1.8000021
1.7452581	1.4647998
1.9709071	1.2964032
2.175996	1.1584278
2.2101135	1.2136375
2.2956576	1.2904267
2.5044641	1.2297289
2.6036289	1.0770181
2.6426554	1.0160016
2.7502282	0.9822353
2.8770554	0.9793836
2.9579813	1.0130447
3.011539	1.0227954
3.0571558	0.9921347
3.0721385	0.9953741
3.043851	0.9862016
3.0351238	0.9752383
3.0247495	0.97371423
2.9847503	0.97658175
2.95302	0.9860386
2.9583318	0.9939217
2.9580662	0.9861052
2.949065	0.980374
2.9128137	0.9785663
2.8742156	0.97038615
2.821068	0.97087646
2.8985968	0.9843045
2.9200866	0.98211944
2.853086	0.9780775
2.7547722	0.9741338
2.5907726	0.9633831
2.3912377	0.96324253
2.186789	0.97513753
1.985229	0.98999214
1.8171176	1.0842396
1.7709541	1.1522791
1.6852622	1.0294403
1.600698	1.158423
1.4759254	1.1205752
1.3190423	1.165477
1.1335962	1.335315
0.9978083	1.0904294
0.91671956	1.0283555
0.86303693	1.0288264
0.8513939	0.9868404
0.86037254	0.9873106
0.87783325	0.97580844
0.9018917	0.9790481
0.9678612	1.0096371
1.0103936	1.016256
1.1000766	1.0638266
1.1289638	1.0763495
1.0720854	1.0253695
1.1330237	1.0283248
1.1018859	1.0216737
1.09408	1.0369946
1.1190315	1.096909
1.1613331	1.1479133
1.1483104	1.5030771
1.1753873	1.4669816
1.169882	1.5863339
1.2471087	1.7647861
1.4198213	1.8381671
1.5348252	1.9405513
1.6188889	1.9305027
1.6703898	1.9607277
1.8429837	1.9610494
1.8335437	1.9721369
1.8831775	1.9852067
2.12631	1.921287
2.1474662	1.9413116
2.1431835	1.9858475
2.220403	1.9865236
2.279896	1.9779253
2.3553364	1.9559057
2.2924025	1.9777703
2.1374013	1.9970659
2.1378698	1.9748474
1.960693	1.9595045
1.7914757	1.9397088
1.9258456	1.9413621
2.0415888	1.9139687
2.1380458	1.9057076
2.3717237	1.9162655
2.415807	1.9470836
2.6195753	1.9556049
2.7641952	1.9393911
2.7852855	1.9868612
2.8877943	2.0131538
2.978148	1.9886994
2.9750636	2.05299
3.145019	2.0329282
3.1244419	2.078721
3.0356467	2.0730755
3.0332634	2.0304785
2.991422	2.018665
3.0356808	2.0181916
3.0306988	2.001687
3.0099075	2.0066864
2.9903512	2.0126288
3.0018325	2.002064
2.9486275	2.0270982
2.8831768	2.018146
2.921742	1.9971739
3.0008516	2.0186515
3.0422692	2.0133257
2.8747103	1.9848233
2.8243635	1.978169
2.9240286	1.9894356
2.8811796	1.9188796
2.3933969	1.9741211
2.172475	2.042872
2.1849265	2.0155647
1.9324529	1.9598297
1.8574063	1.9485817
1.7381653	1.983936
1.603714	1.9894459
1.5504714	2.0109098
1.4754823	2.0258276
1.3082446	2.0143294
1.1796776	2.0198202
1.0832113	2.0449557
1.0914918	2.0377686
0.97831345	2.00859
0.9133442	1.9839338
0.9570493	2.004608
0.9402717	2.024841
0.8978313	2.02958
0.90424734	2.0022645
1.0062855	1.9886397
1.0268724	1.9919108
1.0378622	2.0093257
1.060621	2.0292022
1.0940292	2.0114682
1.0737964	2.0016956
1.0901282	2.01931
1.1211821	2.023792
1.1062756	2.024285
1.1404749	2.0303335
1.1617264	2.0253892
1.197184	2.0108411
1.2252961	2.012944
1.268123	2.0042086
1.3227261	1.9682016
1.322871	1.9426055
1.3333381	1.9354562
1.1761241	1.7557623
1.007874	1.5084898
1.0732853	1.1897854
1.1261264	1.0387529
1.0047882	1.0354646
1.0754954	0.9962655
1.0786254	0.98705137
1.1736592	0.9732106
1.2302924	0.9666538
1.0769469	0.982302
1.1590328	0.99893856
1.2162821	1.003004
1.2634783	0.9746898
1.3098811	1.0014864
1.159971	0.98386794
1.153522	0.996587
1.0861225	0.9924921
1.0479008	0.9833023
1.10054	0.9865221
1.0771419	0.985016
1.0824546	0.98411906
1.0274296	0.98408026
1.0967693	0.98735553
1.2663088	0.9863342
1.149778	0.98870903
1.1945661	1.0006875
1.1886744	1.0119873
1.1865045	1.1487052
1.3567883	1.218431
1.4304924	1.1381091
1.4116017	1.3252293
1.4672918	1.6439552
1.5227998	1.9206601
1.5772941	1.9184672
1.4988693	1.9355521
1.8178464	1.918102
2.0090766	1.9241005
2.0602813	1.9548128
2.1098912	1.9928919
2.0885248	2.0291758
2.3398488	1.9986994
2.3689632	1.9972061
2.413652	2.007063
2.339053	1.9875706
2.0825028	2.017678
2.1417735	1.9976875
2.102738	1.9543302
2.152464	1.9881909
2.0693471	1.9776396
2.0522103	1.9800023
2.0957572	1.9787401
2.084711	1.9621596
2.0198066	1.9428414
1.8876053	1.9008313
1.8495575	1.8477906
1.7843789	1.798751
1.7454727	1.8457938
1.878053	1.4598354
2.0634146	1.1230384
2.0027685	1.2298318
1.9191371	1.1370258
2.1276338	0.9761227
2.1552866	0.9569983
1.8354654	0.9534521
1.9192477	0.9400167
2.0352547	0.9311135
2.13284	0.92568874
2.1389685	0.94246006
2.04531	0.9392764
2.1539645	0.93361616
2.3056107	0.9322128
2.114975	0.9420105
1.853213	0.9534723
1.9182948	0.9527262
2.1066842	0.94302523
2.2796474	0.9375473
2.324971	0.94208485
2.0829556	0.9454876
1.8878517	0.9520946
1.9972786	1.0364884
1.913455	1.0062187
2.1307726	0.98527765
2.5367427	1.0721354
2.7374094	1.2467713
2.814028	1.6609359
2.766505	1.8510952
2.7562306	1.9126945
2.7798262	1.9830092
2.8009596	1.987547
2.9939249	1.9753292
3.0609102	2.0181394
3.09565	2.0316954
3.105729	2.0518756
3.0974526	2.0757906
3.093348	2.064737
3.0789618	2.0649226
3.0599077	2.0422862
2.972585	2.016513
2.9655797	2.033434
3.0401604	1.999053
3.001629	1.996956
2.950381	1.9810092
2.9102063	2.0022137
2.9350004	1.9990364
2.903275	1.999546
2.9483602	2.0133698
2.9584715	2.0097752
2.8327446	1.9964428
2.7778494	1.9941059
2.6667805	1.9611849
2.3977458	1.8661449
2.3555007	1.8414884
2.2337525	1.8650109
1.9360569	1.7303227
2.0132961	1.439229
2.2603586	1.1379666
1.9788164	1.2393749
1.8799456	1.2960658
2.1392293	0.99505776
2.0310507	0.98931557
2.2684255	0.96687216
2.3623095	0.9526189
1.8940758	0.95506024
1.8558064	0.9502647
1.6561123	0.9433492
1.6782632	0.9418712
1.6518075	0.9473264
1.5937454	0.9470334
1.8125457	0.95692897
1.9771848	0.94503987
1.9283401	0.94552964
1.9317657	0.953919
2.005523	0.9545128
2.0416088	0.9505083
1.9560504	0.94955033
1.9916692	0.95360726
2.0624888	0.9596668
1.98713	0.97177964
2.0945778	0.9754326
2.202205	0.9480473
2.3597965	0.97754544
2.5624077	1.2505223
2.5632315	1.2709215
2.6040525	1.6272398
2.710261	1.9105464
2.8249702	1.9592541
2.934988	1.9173129
2.9789608	2.006619
2.9736166	2.040653
3.0125394	2.065764
3.0667143	2.08949
3.0980113	2.0889962
3.083888	2.0915658
3.0818508	2.0355458
3.0518026	2.0576043
3.0473826	2.093586
3.0490181	2.061067
3.0264895	2.0486112
2.9640229	2.056147
2.9071558	2.0474677
2.9166431	2.0413134
2.9001746	2.0428236
2.9510674	2.0386002
2.8248153	2.0217128
2.7978065	2.0361595
2.8719678	2.0507925
2.5962038	2.02286
2.3399534	2.03332
2.3774412	2.0418437
2.340366	2.0375
1.9911928	2.037706
1.9037455	2.0378
1.9520962	2.0380561
1.7805051	2.046326
1.7355374	2.0490975
1.6140903	2.050882
1.4751139	2.0540934
1.3824458	2.0577033
1.3384266	2.059765
1.1893824	2.065326
1.0768143	2.067526
1.0287963	2.0632036
0.97253144	2.0627763
0.9023739	2.045192
0.86627173	2.0290446
0.8442217	2.0087278
0.8188685	1.9613932
0.8203762	1.935383
0.8756442	1.9777133
0.92621815	2.0266695
0.9660655	2.0424137
1.0048529	2.0369768
1.019014	2.0408108
1.0194976	2.04218
1.011188	2.0370383
1.0718602	2.0193558
1.1652547	1.9879104
1.2464577	1.9490036
1.2244053	2.000137
1.1854202	2.0049522
1.3097081	1.9613774
1.5387391	1.8439589
1.655201	1.6510562
1.6761252	1.3158442
1.6580204	1.3018526
1.7376326	1.0914919
1.8691853	0.9800013
2.1403534	0.984268
2.3932648	1.0010264
2.4756856	0.9620662
2.7161248	1.0351995
2.8201623	1.0018816
2.8642151	0.94782096
2.989775	0.9625207
3.071731	0.9938518
3.058881	0.97551465
3.047709	0.97917074
3.012461	0.9957277
2.9280474	0.98810047
2.9100761	0.9801384
2.8907921	0.97675675
2.861756	0.9734185
2.8153932	0.9735079
2.7407084	0.9759713
2.8255568	0.9855505
2.900511	0.9862449
2.7343833	0.97908014
2.7407687	1.0009786
2.9310484	1.0246834
2.9192371	1.1830724
2.7007852	1.6242429
2.6221545	1.6132891
2.7206829	1.4694955
2.8727353	1.8348659
2.9277806	1.9789641
2.9861224	2.025146
3.0030568	2.05158
2.9968674	2.0716705
3.08938	2.0760825
3.0553055	2.072151
2.9692001	2.0975063
2.9474082	2.0748827
2.8656936	2.0630264
2.8181148	2.07074
2.9333389	2.0231454
3.0298467	1.9486755
2.939136	2.008487
2.9110646	2.0505118
2.8445811	2.050776
2.7734435	2.0384712
2.8863971	2.050588
2.859757	2.0450678
2.6837823	2.0256922
2.520114	2.0339887
2.4486809	2.040521
2.358385	2.0335555
2.2648761	2.033449
2.2270339	2.030804
2.0543702	2.0377824
1.9383363	2.0378833
1.897344	2.0350697
1.8806393	2.0394883
1.7297827	2.048103
1.7153689	2.0493276
1.7028494	2.051639
1.6370131	2.052854
1.774551	2.0434895
1.6586853	2.0428696
1.7004805	2.038787
1.8512894	2.0308254
1.9932193	2.0246084
1.9358763	2.0246217
1.6815493	2.032824
1.8279855	2.0130112
1.8193067	1.9969746
1.661651	1.8914771
1.3035309	1.6224008
1.0010655	1.8977214
0.924517	1.6174985
1.0772978	1.1116554
1.2315884	1.053982
1.3106124	1.0326205
1.2062074	1.0307007
1.0347154	1.0240053
1.0074385	1.0048572
1.0936447	0.99966156
1.0276631	0.98744464
1.105122	0.9919322
1.1776589	0.98576915
1.1794071	0.98339283
1.2395755	0.9815719
1.3489792	0.9774291
1.383014	0.9755936
1.3383855	0.9796564
1.2586396	0.9839744
1.314101	0.98116255
1.2922273	0.9816081
1.2781653	0.98296535
1.3523222	0.99775594
1.4835249	1.0916584
1.6621372	1.1590356
1.8354434	1.245505
1.8301115	1.6229975
1.8518747	1.863373
1.706772	1.939788
1.473073	1.9971601
1.7426678	1.9748266
1.737045	1.9892074
2.0019765	1.9819174
2.338341	1.9578754
2.3567958	2.0173473
2.3066308	2.0422926
2.3374348	2.0213487
2.4186993	1.9936059
2.1947598	1.9995646
2.0092418	1.9998553
1.9476786	1.9710034
1.913241	1.9881235
2.219846	1.9787052
2.1809297	1.9657192
1.81174	1.9681641
1.8685807	1.9368478
1.9717484	1.8974576
1.9138603	1.7549443
1.9630744	1.6925122
1.7351476	1.7593743
1.6079576	1.5606166
