1.0670398	1.1376991
1.1348886	1.7478623
1.2004987	1.9928128
1.1154789	2.0272949
1.1100776	2.0312216
1.048205	2.031129
1.175234	2.0136805
1.2421129	2.0080628
1.3824258	2.0094442
1.5769484	2.0109408
1.3619106	2.0069706
1.4340063	2.006828
1.4260554	2.0063326
1.4514487	2.0051003
1.3540405	2.0045712
1.0884683	2.0075827
0.9622176	2.0141644
0.9299768	2.0150237
0.9248603	2.0152657
0.9047392	2.0160294
0.9162169	2.0142703
0.93188256	2.0153644
0.96207875	2.0151167
0.9484017	2.0149322
0.94521564	2.0146954
0.9885387	2.0141969
1.0054015	2.014315
0.99554235	2.013932
1.0281924	2.012692
1.1215012	2.0105186
1.2613003	2.007809
1.1039543	2.0071878
1.0512236	2.0111544
1.3566387	2.0106702
1.5672224	2.0129857
1.6584347	2.0116875
1.8460349	2.0072722
2.0837924	1.9990857
2.1532736	1.9855269
2.1482022	1.6788214
2.2280443	1.7752272
2.4300673	1.8674883
2.5435903	1.4561648
2.7169812	1.1320201
2.890548	1.1318334
2.9801373	1.0161427
3.0685468	1.0267398
3.0612388	0.99721146
3.044043	1.0111327
3.041985	1.0007275
2.9839592	0.99568564
2.9545684	0.99894154
2.990329	0.9991833
2.9607995	1.0011129
2.8997216	1.0024973
2.904118	1.0026408
2.8800855	0.9986821
2.8761337	0.99843794
2.9153316	1.0001066
2.9478045	1.001678
2.8105261	1.0046442
2.774456	1.0253068
2.8049133	1.1264627
2.654314	1.2659142
2.5776703	1.7283719
2.4315877	1.7720954
2.3648965	1.9703591
2.4475963	2.0067706
2.3382714	2.015122
2.107539	1.99923
2.0361488	2.017363
2.0472205	2.0262718
2.021197	2.0201633
1.9929101	2.0065515
1.9583168	1.9950287
2.0008595	1.987315
2.0887384	1.9808437
2.1250565	1.9808457
1.955495	1.9819019
1.9627204	1.980981
2.0502384	1.9813958
1.8868316	1.9805051
1.8775835	1.9804262
1.8469018	1.9806424
1.9166744	1.9811677
1.871612	1.9819537
1.6308898	1.9833436
1.3971955	1.9921578
1.2640295	1.998568
1.1572938	2.001884
1.0572425	2.0059834
1.0438879	2.0050147
0.9738718	2.0100346
0.9010632	2.015523
0.87403965	2.0182245
0.84945995	2.0215864
0.82863766	2.0214167
0.8287278	2.01942
0.86131305	2.0176022
0.8920612	2.0177357
0.89240384	2.0187073
0.89687365	2.0195143
0.91464	2.0185628
0.94229865	2.0168607
0.9562573	2.0156915
0.9343157	2.0161169
0.9154221	2.0164378
0.91661066	2.0168488
0.95503354	2.0158794
1.0522269	2.0132976
1.1721755	2.0120828
1.3612285	2.012799
1.596709	2.016097
1.7733561	2.0193007
1.9270732	2.0214958
2.0950253	2.0230918
2.1196206	2.021002
2.1725664	2.0174785
2.3309371	2.0186658
2.44434	2.0170784
2.5444558	2.0139651
2.743789	2.0155814
2.841766	2.0151136
2.9848478	2.012287
3.0249581	2.0132387
3.0812516	2.0128813
3.1009808	2.0115895
3.0652876	2.0113242
3.0600195	2.0097322
3.042508	2.0109625
3.0124507	2.0106916
2.9758158	2.0095973
2.9700267	2.0115151
2.9394512	2.0103498
2.9682996	2.0114446
2.9832006	2.0111437
2.9597085	2.009013
2.8887472	2.0093374
2.708695	2.0051932
2.5913455	2.0018766
2.5127697	2.000004
2.289843	2.0030856
2.1306932	2.0078952
1.9997852	2.011536
1.9095862	2.0110366
1.8092433	2.006881
1.6659663	2.006745
1.4893602	2.0077856
1.312631	2.0081387
1.1563019	2.0078895
1.0445288	2.0108738
0.9400255	2.019038
0.879216	2.024961
0.8462642	2.0248764
0.8290531	2.022512
0.8140803	2.0209732
0.8161347	2.0219421
0.83475775	2.0216293
0.8581809	2.0210488
0.865865	2.0212746
0.86311376	2.0216353
0.88139474	2.020962
0.8960838	2.0199714
0.87455213	2.0208986
0.8892989	2.02045
0.93002725	2.0185027
0.93612736	2.0174623
1.0141996	2.0149271
1.270381	2.0130637
1.5742123	2.0165586
1.6656433	2.017597
1.7905809	2.019005
1.8339609	2.0184567
1.9122075	2.017834
2.0361187	2.0188234
2.037591	2.0151603
2.0287178	2.0095148
1.9605025	2.0033665
1.8579893	1.9953114
1.7862351	1.9923384
1.8229254	1.9920282
1.8861022	1.9939837
1.7794932	1.9897566
1.7476215	1.9882545
1.7849699	1.9896854
1.7931565	1.9899832
1.7271773	1.9885011
2.2864127	2.00681
2.2800417	1.9979551
1.3314824	1.9905545
1.1779176	2.0023658
1.5428622	1.8730279
1.7132359	1.7072067
1.7035756	1.3739778
2.0904765	1.1082976
2.0470068	0.99008507
2.071047	0.9610241
2.0799124	0.9567421
2.1354373	0.9601942
2.0163376	0.972883
1.8273501	1.0160006
2.0009544	1.0069356
2.0441186	1.0207281
1.8607426	1.0372436
1.7933607	1.0382185
1.9469434	1.031048
2.012764	1.0267252
2.064295	1.0222013
2.1152084	1.0188366
2.1533287	1.0164167
2.2914588	1.007076
2.1423202	1.0155386
1.9255114	1.0210397
1.8733128	1.0225563
1.6591185	1.0168961
1.5007889	0.99285203
1.3582989	1.0037707
1.1566403	0.9884504
1.0634896	0.9913101
0.96109706	0.98288035
0.9464354	0.99830925
0.94248986	1.0146898
0.91969115	1.0087339
0.9204898	1.0162781
0.9508806	1.0275682
0.9749753	1.0286076
1.0036592	1.0282552
1.0242403	1.0278254
1.000044	1.0262444
0.98954433	1.0260317
1.0066617	1.028682
1.0080231	1.0278327
0.9789306	1.0244884
0.9322078	1.0195441
0.891569	1.0158411
0.7628024	1.7429079
0.8076543	2.023429
0.7734885	2.043424
0.7208237	2.0350559
0.7664129	2.0133297
0.84003675	2.051939
0.8464337	2.0464082
0.8611226	2.0315948
0.9339594	2.0262694
1.1154448	2.0130107
1.2157966	2.011956
1.1820401	2.0112782
1.0438359	2.012116
0.97703725	2.0146585
1.0398475	2.0131793
1.0892422	2.0115936
0.9961849	2.014195
1.0000366	2.0137658
1.0597374	2.011392
1.1369873	2.0101268
1.2289134	2.0099735
1.2108234	2.0106723
1.3697973	2.0112638
1.6232548	2.0150561
1.6805193	2.0156245
1.8483791	2.0182266
1.8937091	2.0181007
1.9364473	2.0167727
1.956788	2.0148501
1.9935025	2.0128846
2.075189	2.0130725
1.9141092	2.0041337
1.9093846	2.000649
2.036095	2.0049984
1.9388041	1.9982735
1.8032076	1.9919856
1.8952407	1.9943123
1.9767455	1.9970231
1.8698837	1.9917817
1.8408684	1.9904574
1.5609745	1.987961
1.4586297	1.9893147
1.468105	1.9904689
1.2535865	1.9953964
1.1170936	2.0014763
1.047225	2.0049393
0.9727516	2.0113196
0.89721644	2.0184188
0.86897975	2.0152721
0.83375967	2.0217922
0.8082425	2.0229998
0.8015216	2.0217357
0.7916853	2.0239127
0.77897865	2.0273402
0.775283	2.0240648
0.79913634	2.0207705
0.8404707	2.0210142
0.85698754	2.0210214
0.8431824	2.021826
0.85436165	2.0220773
0.8667811	2.0210915
0.8866289	2.0185668
0.9471481	2.0162027
1.0616366	2.01364
1.1534585	2.01314
1.4127712	2.013894
1.6266254	2.0174358
1.7598677	2.0194054
1.8096409	2.0192628
1.828982	2.0173607
1.8810612	2.0167825
1.9082708	2.015031
1.930034	2.0128384
1.9937327	2.0121157
2.0714555	2.012116
2.044177	2.007728
2.0491862	2.0037742
2.0390294	2.000907
2.0445874	1.9983433
2.0460367	1.9964337
2.0053945	1.9926715
2.00658	1.9915694
2.008398	1.990335
2.0527532	1.9910171
1.9832119	1.9876037
2.0389082	1.9882278
2.0919135	1.9907765
1.6680484	1.9819257
1.481784	1.984418
1.411843	1.9797355
1.3338653	1.9613156
1.2668293	1.957405
1.3254979	1.8764689
1.1776276	1.8292694
1.0793589	1.0561037
1.1610403	0.99861467
1.1295453	0.9939162
1.1188207	0.99498737
1.0604889	0.99843013
1.0099223	0.9921679
0.977818	0.9889316
0.9463641	1.0062915
1.0778128	1.0214965
1.1661155	1.0268891
1.2025398	1.0311179
1.1237159	1.0350642
1.1046331	1.037777
1.12449	1.0366026
1.0845685	1.0393841
1.0284711	1.0363973
1.0812548	1.0391623
1.0645055	1.0382318
1.16483	1.0409385
1.4169376	1.0249972
1.4962467	1.0225892
1.815045	0.99652386
1.9727758	0.98781776
2.0678372	0.9874737
2.1769493	0.9864636
2.2960923	0.98754066
2.458178	0.9865096
2.6115296	0.9857044
2.8298843	0.9836644
2.9575605	0.9878432
2.997446	0.99115044
3.0284812	0.9946871
3.0565143	0.99862236
3.0413764	0.9983423
3.0317667	0.99760586
3.0380082	0.99883133
3.0323272	0.9998512
3.008749	0.9991759
3.0095809	1.0000768
3.0223167	1.0024096
2.999802	0.9987443
2.9460928	0.9966318
2.9459221	0.9972163
2.8878846	0.99446034
2.665023	0.9970524
2.4605668	1.0043626
2.4321241	1.0009159
2.0158854	0.9910041
1.9381752	0.97186375
1.8877506	0.9703201
1.7861651	0.9355252
1.7444947	0.95395184
1.629987	0.97527516
1.5418329	0.99576604
1.4220561	1.022337
1.4524832	1.037295
1.6278883	1.03895
1.6993808	1.0382314
1.7928725	1.0294948
1.8585764	1.0230267
1.9062614	1.0224756
1.8067544	1.0304904
1.9259183	1.0255063
1.7888854	1.0350702
1.6834726	1.0550996
1.9659069	1.5481452
2.0572023	1.9087338
2.0069406	2.0023932
2.1933417	2.0069273
2.1766553	2.0125177
1.9191742	2.0247047
1.9327062	2.0184367
1.9460777	2.0033376
2.075369	1.9945613
2.1215036	1.9926167
2.090707	1.9879004
2.0165045	1.984222
1.8918825	1.9820367
2.1361585	1.9845048
2.5163445	2.0043097
2.3616052	1.9926311
2.3000147	1.9860462
2.06771	1.9792193
1.7726912	1.9852939
1.6579041	1.9854071
1.7622674	1.9797887
2.0967634	1.986275
2.0264115	1.9842757
1.8366741	1.9795061
2.1334925	1.987725
2.3464181	1.9997056
2.504565	2.004386
2.4615788	1.9989959
2.601383	2.001002
2.716685	2.0075085
2.8065794	2.007778
2.900277	2.0112615
2.885353	2.0066676
2.914798	2.006652
2.982611	2.010876
2.9778173	2.0094607
2.9204342	2.005095
2.97862	2.0091782
2.9990194	2.0101862
2.9001708	2.0043402
2.8572543	2.002662
2.8624394	2.0025165
2.9485629	2.0068352
2.890594	2.0040476
2.726042	1.998653
2.7667735	1.9997836
2.907188	2.005715
2.731318	1.9984795
2.549081	1.9965761
2.4694028	1.9940627
2.3957283	1.9939818
2.3277242	1.9927365
2.0315418	2.0076635
2.0826933	1.9984181
2.1655362	1.9847251
1.9446312	1.9952259
1.8302374	1.9968836
1.8047969	1.9897244
1.8881259	1.9803765
1.7573462	1.9821707
1.9019481	1.9792885
1.9764527	1.9812285
1.7315696	1.9808137
1.7747097	1.980341
1.9440649	1.9837065
1.9179101	1.9839498
1.8487016	1.9825819
1.9034249	1.9843875
1.8938367	1.9847479
1.8507072	1.9838603
1.9444774	1.9866425
1.9571115	1.9881299
2.024437	1.9894654
2.14019	1.9934921
2.2969098	1.9941517
2.371108	1.9938111
2.2956605	1.9788008
2.4401443	1.954756
2.5631952	1.8240982
2.6386397	1.8334036
2.8741443	1.2437923
2.9246814	1.0763886
2.9593797	0.9966159
3.0040839	0.99783933
3.0394545	0.99292165
3.0016954	0.98527473
2.8419995	0.98832464
2.911021	0.9874247
2.9174702	0.9883498
2.8684735	0.98940045
2.863486	0.98925346
2.8742487	0.9896537
2.8829308	0.98925275
2.904357	0.98979765
2.8595183	0.9896275
2.8027735	0.98945075
2.834181	0.9900521
2.8401349	0.9903117
2.7934368	0.99081975
2.7803948	0.9908962
2.6185486	0.9932538
2.4652374	0.9968253
2.1667466	0.99915326
2.0617948	0.99265885
2.006118	0.989322
1.9443676	0.98148984
1.9028809	0.97998613
1.8448923	0.97722864
1.7875469	0.9799936
1.6802635	0.9779937
1.5316243	0.96259004
1.3589363	0.97030985
1.1547543	0.98560596
1.0377523	0.98352516
0.9629392	0.9782264
0.926338	0.97515225
0.9059724	0.97378284
0.8981828	0.9806701
0.8991533	0.9910493
0.9082499	1.0003273
0.9236379	1.0112625
0.93056816	1.01479
0.9575753	1.0190119
0.97715247	1.0178211
0.9828936	1.0173794
0.99101835	1.0164014
0.96278316	1.0152587
0.97848076	1.0171322
1.0703926	1.0204922
1.1373163	1.0198089
1.2752753	1.0125849
1.524278	0.9970904
1.6614666	0.988174
1.81179	0.9811759
1.9597777	0.9800999
2.031743	0.9793938
2.1692417	0.97570026
2.332327	0.9766722
2.4090834	0.9795945
2.5825253	0.98196894
2.7672467	0.9840147
2.9185512	0.9865839
3.0014122	0.99179435
3.0176122	0.9948135
3.0179899	0.996283
3.0323315	0.999475
3.0380309	0.99853086
2.9922225	0.99530274
2.9684453	0.9950689
2.985734	0.9953665
2.9814525	0.99550766
2.916811	0.9922931
2.9055004	0.9911992
2.9391758	0.9926407
2.910785	0.99192995
2.929626	0.9937071
2.915033	0.99500483
2.938104	0.9988325
2.9791818	1.0091158
2.993149	1.0198128
2.9953315	1.1761078
2.9614785	1.2528105
2.9828835	1.346363
3.0500002	1.9742162
3.0334249	1.9759161
3.037109	1.9754174
3.0115101	1.9877617
2.9618874	1.9889578
2.9570448	2.0052
2.944516	2.0182116
2.9941797	2.0198398
2.9900584	2.0198247
2.8612733	2.016712
2.903824	2.0157018
2.9410613	2.0130544
2.8645837	2.0093572
2.9201672	2.0099757
2.9590604	2.0100672
2.823484	2.0042887
2.8022099	2.0023963
2.9208448	2.0076652
2.8672855	2.004207
2.853079	2.0036256
2.887951	2.0048165
2.8620892	1.9997946
2.5679257	1.9948679
2.301455	2.0024512
2.305497	1.9902555
2.1821404	1.9774306
1.9738557	1.9169284
1.8358759	1.5856792
1.7442107	1.9042219
1.6407242	1.4477803
1.7056336	0.998135
1.6185927	0.986261
1.3769372	0.9949051
1.2471503	0.992848
1.1193547	0.9855244
1.055988	0.9921213
1.0255007	0.9943074
0.9890995	1.0016234
0.99126375	1.0117071
0.9541499	1.0104107
0.9465864	1.0163417
0.9406571	1.0183561
0.9323436	1.0175903
0.97201735	1.0371847
1.0069917	1.0445219
1.0227649	1.0467176
1.005205	1.0453025
1.0039755	1.0448834
1.0513101	1.0471425
1.049154	1.0467508
1.0018194	1.0440751
1.0547783	1.0470016
1.316794	1.0342878
1.3762718	1.0288446
1.4964216	1.0181664
1.6079103	1.0086927
1.7092246	1.0011284
1.8130482	0.9954137
1.8300958	0.99924135
1.9103681	0.9971088
1.9728084	0.9977481
2.100163	0.9951062
2.1836638	0.9967016
2.0295372	1.0155598
2.2308638	1.006739
2.4044273	0.9961298
2.3106453	1.0054817
2.2225413	1.0110427
2.156724	1.0146787
2.0419207	1.019754
2.07575	1.017627
2.0766973	1.0180174
1.9084731	1.0220414
1.8594685	1.0215595
1.8221	1.024173
1.6357617	1.0182451
1.5324312	1.0158737
1.3954161	1.0232328
1.3177612	1.0298394
1.2504534	1.3165547
1.1825455	1.7405543
1.1689663	1.9090903
1.095784	2.0028617
1.0141032	2.0239034
0.96882904	2.0426054
0.9521258	2.0340466
0.953729	2.0211418
1.0190222	2.0122888
1.0721452	2.0059822
1.0794059	2.0074675
1.022323	2.0135298
0.96262497	2.0148685
0.8789625	2.0200627
0.86673594	2.0188851
0.8833895	2.0092998
0.90423036	2.0102792
0.9373589	2.0121708
0.93905884	2.0133972
0.9464083	2.0125496
0.9868248	2.0097015
1.0387719	2.0053506
1.067519	2.001929
1.0525744	2.0050209
1.2102294	2.0013819
1.3284681	1.9993483
1.5845455	1.9937627
1.698231	2.002964
1.7763388	2.002367
1.9206978	1.9799845
2.0560117	1.8730853
2.135321	1.809691
2.1919258	1.5796071
2.3393655	1.6613723
2.5050583	1.0896473
2.619341	0.98205584
2.8192458	0.9889712
2.9703503	0.9935859
3.0399258	0.99632144
3.0628576	0.9980133
3.0577111	0.9972613
3.030623	0.9958519
2.9875276	0.9936569
2.9855378	0.99396455
2.984067	0.99358165
2.9826045	0.99438244
2.9558663	0.9931143
2.9508383	0.9928643
2.9894295	0.9954389
2.9700782	0.99378276
2.9631653	0.9935295
2.9116104	0.99287957
2.7842855	0.99209136
2.6817815	0.9958972
2.571742	1.0083361
2.3203645	1.0069199
2.1704118	1.018027
2.166939	1.0818604
2.1004035	1.7358541
2.0085425	1.8577604
1.9807994	1.9219459
1.8188149	1.9231889
1.7110821	1.9677596
1.5564641	2.0080326
1.3787915	2.0450916
1.2028141	2.0412235
1.062336	2.0280788
0.9870903	2.017952
0.918699	2.0130045
0.89761126	2.0095897
0.8922039	2.0120752
0.86962235	2.014128
0.84278536	2.0069916
0.8163909	2.0045238
0.82228	2.003056
0.8602991	2.0050464
0.8648703	2.0069668
0.85822845	2.0052803
0.87569094	2.0055425
0.8833721	2.00712
0.8891616	2.007297
0.9188883	2.004554
0.89984435	1.9983001
0.92580783	1.9932386
1.0104438	1.9920557
1.1251842	1.9895948
1.4024348	1.9943653
1.451727	1.9956676
1.4412713	1.9918389
1.5976439	1.9528754
1.7757467	1.9125776
1.9220021	1.7690188
1.95628	1.7909726
2.0326235	1.7714078
2.1879284	1.6404437
2.328736	1.1346006
2.399331	1.0064042
2.535283	0.9654054
2.6983705	0.9716319
2.8275754	0.9740193
2.9069798	0.9789569
3.0022945	0.9901988
3.0235903	0.99316615
3.018196	0.9937665
3.04151	0.9957857
3.0532925	0.99744534
3.0230536	0.99533856
3.002473	0.9956038
3.0061142	0.9965767
3.020823	0.99684733
3.023823	0.99669135
3.0074263	0.9956861
2.993439	0.9937596
2.9590032	0.9921524
2.9981086	0.99547905
3.0085964	0.9958885
2.9743097	0.99366176
2.9130483	0.9905735
2.795389	0.9878762
2.609757	0.9904033
2.3702126	0.99719083
2.153283	0.9967394
1.9848931	0.98011506
1.9314967	0.9709129
1.8828378	0.96734804
1.7997389	0.95208925
1.7148268	0.9462034
1.5810074	0.9538876
1.3988775	0.98428315
1.1625713	0.9834272
1.0270226	0.98655206
0.96052784	0.9825366
0.92786115	0.9767867
0.9149761	0.9809721
0.911085	0.98471874
0.9192552	0.99163944
0.94452107	1.0040815
0.9627889	1.0089077
1.0030887	1.0107863
1.0125998	1.01273
0.99964297	1.0105412
1.0434551	1.0125749
1.020776	1.0135663
1.0056664	1.0134039
1.0014712	1.0136689
1.0216594	1.0140418
1.0296447	1.0420072
1.0530221	1.0328617
1.0963508	1.0546147
1.1946801	1.2003618
1.3709035	1.4921987
1.5286489	1.9534471
1.6187196	1.9516723
1.6899885	2.0011027
1.8311335	2.0116446
1.8470306	2.0068953
1.8880283	2.0059419
2.0851223	1.9960285
2.0949204	1.9995241
2.084235	2.0042303
2.1438935	2.0039806
2.1943352	2.002388
2.2678025	1.9996334
2.2098653	1.9964586
2.0645998	1.9892293
2.0817144	1.9868957
1.9422195	1.9815248
1.8152708	1.9779798
1.9181724	1.9806197
2.0216236	1.9822251
2.1052887	1.984699
2.3041518	1.9933498
2.3380806	1.9964523
2.5304346	2.0018363
2.665109	2.0042636
2.7038708	2.0045967
2.8076248	2.0074074
2.9151015	2.0053275
2.9037511	2.0077913
3.081795	2.0005264
3.0603335	2.0115938
2.9865522	2.0107865
3.0329235	2.0082672
3.005032	2.0075104
3.049483	2.0077865
3.0545416	2.006122
3.0396404	2.0084727
3.0249104	2.0114114
3.040728	2.0099947
2.989537	2.0139883
2.9487016	2.0137544
2.9910371	2.0106118
3.0391092	2.012747
3.0749	2.0113542
2.968197	2.0105407
2.940233	2.0120902
2.9981065	2.0106597
2.987053	2.001595
2.6012974	2.0078337
2.368237	2.013513
2.3561873	2.005312
2.1809192	2.0045536
2.109672	2.0041637
1.9787155	2.00941
1.8515991	2.0170767
1.7566098	2.0101845
1.6306708	2.003086
1.4427497	2.00382
1.2769265	2.005812
1.13133	2.0083153
1.1028103	2.0032244
0.9880574	2.0082808
0.9334873	2.0120053
0.9414016	2.0118048
0.91430926	2.0150502
0.87550193	2.0186818
0.874846	2.0170937
0.9292911	2.0134876
0.9344247	2.0134008
0.9356183	2.0145106
0.94235003	2.0155673
0.9640273	2.0139863
0.9483808	2.0138273
0.9591366	2.014832
0.97712356	2.014788
0.9673378	2.015033
0.9902967	2.0148098
1.0061988	2.0141306
1.0369527	2.0128734
1.0619565	2.0127003
1.1068437	2.0118537
1.1662879	2.0102084
1.1786151	2.0089457
1.1984551	2.0079625
1.0869111	1.9981563
0.9163044	1.9757706
0.90559995	1.8470924
1.0476577	1.153972
0.9908932	1.0787357
1.0625641	1.004606
1.0688272	1.0004356
1.1958514	0.9937295
1.2338145	0.9876428
1.09937	0.9771444
1.1469774	0.97275484
1.1928687	0.9763202
1.2782166	0.9808493
1.2737591	0.98804975
1.1687568	1.0021794
1.1334614	1.0078228
1.0586247	1.017443
1.038647	1.0217187
1.0632396	1.0269188
1.0344359	1.0313631
1.0379578	1.0338064
0.9807279	1.0307562
1.0186543	1.0360827
1.1404678	1.0382075
1.0467186	1.0386447
1.0539474	1.0385787
1.0370661	1.0360276
0.989609	1.0294071
1.0810335	1.0319424
1.1906562	1.0199771
1.1700494	1.0252998
1.287722	1.0799273
1.4228117	1.8345656
1.5228646	1.8579677
1.5089887	1.9150512
1.7953268	1.9516815
1.9544353	1.9955517
1.9983684	2.0103948
2.0389802	2.018756
2.0241604	2.0151098
2.2492979	2.009941
2.2713585	2.006911
2.3118556	2.0031497
2.2517462	1.996231
2.0108333	1.9856912
2.077759	1.9859595
2.0765865	1.9828485
2.09912	1.9855772
2.0330427	1.9833771
2.0237262	1.982678
2.0561202	1.9846996
2.0585115	1.9830393
2.0102336	1.9811674
1.9169064	1.976177
1.8903017	1.9721651
1.8329855	1.9671091
1.7893716	1.9706093
1.83069	1.9165165
1.8759902	1.6266514
1.8349053	1.7446892
1.7479241	1.4420018
1.9737654	0.9775906
2.0251288	0.96259755
1.8248705	0.97082007
1.9096931	0.9659504
2.0742195	0.9775789
2.2390347	0.9812898
2.1580756	1.001211
2.127607	1.0152457
2.2647693	1.0079592
2.4250646	0.99884367
2.2321076	1.0114902
1.9953599	1.018466
2.0403452	1.0180542
2.2170162	1.0113854
2.3877323	1.0009507
2.4008107	0.9992797
2.1633215	1.0102792
2.0140574	1.0113678
1.9732208	1.0115944
1.9516966	1.0143977
2.1351204	1.0128076
2.4313824	0.99820656
2.578711	0.9963875
2.7684884	1.0426048
2.7681146	1.2321594
2.706995	1.5373664
2.7830706	1.953894
2.78515	1.9629601
2.9454107	1.9443793
3.0002694	1.9746312
3.018282	1.9829082
3.015794	1.9980439
2.9979427	2.0043929
3.017326	2.0128691
3.0195558	2.0162954
3.0298266	2.0167024
2.9900184	2.0164232
2.9821525	2.018167
3.056216	2.010048
3.0358965	2.0114484
3.0121276	2.013048
2.976914	2.0148737
2.9963388	2.014983
2.9733856	2.013028
3.0028648	2.0151606
3.009723	2.0131016
2.9289808	2.012998
2.8861256	2.011431
2.8135824	2.0067
2.6303148	1.9968319
2.5830743	1.9932711
2.4589584	1.9957111
2.2337267	1.9921664
2.2037184	1.9190482
2.265257	1.4379419
2.0454326	1.7408236
1.9815607	1.8147559
2.1015377	0.99897885
1.9988534	1.0052077
2.2586017	0.9825899
2.3390934	0.9732715
1.9707036	1.0214928
1.9322568	1.0226263
1.8239721	1.0258944
1.8554779	1.0292026
1.8711808	1.0326494
1.8283926	1.033135
1.9414165	1.0282365
2.1041102	1.0213228
2.0683954	1.0233387
2.0328975	1.0227766
2.0834846	1.0199502
2.1269076	1.0176914
2.06486	1.0210656
2.0764961	1.0191799
2.1117158	1.017334
2.0290587	1.0200412
2.1077201	1.0161968
2.2794416	1.0079832
2.3639076	1.0015851
2.3429132	1.0037637
2.348901	1.00394
2.4660025	1.0246462
2.7259188	1.5456601
2.8615391	1.9311206
2.9072778	1.8035524
2.948274	1.9715343
2.8950524	1.9790558
2.9067893	1.9963624
2.9379134	2.002062
2.9859295	2.0095835
2.9846015	2.0131397
3.0440502	2.0110726
3.0203862	2.0145419
2.9770117	2.0140352
3.033908	2.0155597
3.034115	2.0146081
2.977632	2.0144832
2.9422886	2.0129755
2.9570892	2.012575
2.9433672	2.0113652
2.992377	2.0126507
2.8990479	2.0081298
2.866309	2.0082383
2.8995948	2.0085118
2.690483	2.0012019
2.4634418	2.000444
2.4549408	1.9979314
2.410263	1.9941784
2.1522982	2.0026443
2.0744364	2.0039504
2.0736403	1.9955224
1.9243035	2.0008097
1.8640133	1.9984328
1.724092	1.9961238
1.5807608	2.0001433
1.4453173	1.9971782
1.3629581	1.9944236
1.1977139	2.0012026
1.0803295	2.00876
1.0104963	2.0104876
0.9447636	2.0155988
0.88462317	2.0210762
0.8521182	2.0239217
0.8318651	2.0250373
0.8161273	2.02436
0.8120615	2.0221722
0.8266428	2.021287
0.84002113	2.0225153
0.8537475	2.022283
0.87036276	2.0206013
0.87744045	2.0207841
0.87836576	2.0207
0.87484044	2.020609
0.9087952	2.017647
0.9689308	2.0140336
1.0406404	2.0106936
1.0274315	2.0131724
1.0100683	2.01288
1.1227767	2.0103247
1.3691915	2.0078034
1.5058643	2.0023413
1.509121	1.966588
1.5014408	1.9537913
1.5675782	1.7556058
1.8118079	1.1009003
1.9942634	1.1610146
2.1583416	1.081527
2.2307487	0.9839006
2.3888545	0.9836015
2.514419	0.96616626
2.7349315	0.9801401
2.9468277	0.99091995
3.02933	0.9943885
3.0602787	0.99741423
3.0503712	0.9969779
3.0038464	0.99510616
2.9466474	0.99237204
2.9504874	0.9918955
2.9460976	0.99153376
2.9356391	0.9907117
2.9046555	0.9899165
2.8507807	0.9889711
2.9060788	0.9907146
2.9614465	0.9929378
2.8408422	0.9890731
2.8445792	0.99086726
2.9550767	0.9954032
2.900639	1.003226
2.7832656	1.0500101
2.7173953	1.0635958
2.752186	1.0461837
2.9005673	1.3644117
2.9608006	1.9387721
3.0075233	1.9787444
2.966377	1.9775769
2.9374886	1.9826316
3.0061047	1.9958367
3.000419	2.0112
2.9207277	2.014306
2.9330251	2.018918
2.878267	2.0146909
2.8210077	2.0114255
2.975829	2.0116448
3.0757384	1.9964098
2.9956293	2.0105424
2.940602	2.013964
2.876994	2.010197
2.8342612	2.0079746
2.9163296	2.0093703
2.8954887	2.0075998
2.7609088	2.0021615
2.6008625	1.9991488
2.5145473	1.9974147
2.437662	1.9951527
2.3529243	1.99456
2.3119133	1.9928561
2.1676445	1.9959044
2.074753	1.9985194
2.0233114	1.9945135
1.9826753	1.991783
1.839618	1.9945108
1.801038	1.9912082
1.7379603	1.985377
1.6664864	1.9857107
1.7519957	1.9792715
1.6408159	1.9814677
1.6706465	1.9807115
1.7955121	1.9826297
1.9211648	1.9852394
1.8670796	1.9850781
1.6443663	1.9825261
1.7722757	1.9840695
1.7649466	1.985949
1.6753621	1.9818763
1.3405874	1.970917
1.0776334	2.0002477
0.98525	1.9799011
0.9796375	1.4881649
1.1603833	1.0143473
1.2974827	1.00455
1.3104982	1.00929
1.0603307	1.0005363
1.0162389	0.99050504
1.1427441	0.9996736
1.0250845	1.016641
1.1041254	1.0308628
1.1612175	1.0368171
1.0942899	1.0468075
1.1259421	1.0485169
1.2138368	1.0473926
1.2462839	1.0469362
1.1711526	1.0515498
1.0936905	1.0524933
1.1471	1.0527158
1.1359147	1.0519181
1.1204963	1.0524412
1.1306478	1.0486642
1.1365497	1.0440459
1.2604289	1.035656
1.4326179	1.021621
1.5338299	1.0706011
1.697076	1.6296979
1.6512849	1.9325444
1.5160319	2.0092363
1.7470056	2.0034971
1.7557465	2.012469
1.9692106	2.0126781
2.2387342	2.0125418
2.2491345	2.015899
2.207837	2.0088506
2.2350478	2.0001082
2.3239892	1.9986674
2.1212265	1.9877644
1.9707222	1.9827892
1.9396749	1.9803733
1.8996283	1.981685
2.1593237	1.9884194
2.1328592	1.9877553
1.8326861	1.9795772
1.8884376	1.9783114
1.9764947	1.9789957
1.9390248	1.9665684
1.9692584	1.9606489
1.7762762	1.9602969
1.629138	1.9274647
1.890984	1.5163338
2.000523	1.4025043
