1.036621	0.97184056
0.9783672	0.99146736
0.87447447	1.0412142
0.9534504	0.9278265
0.9973328	0.9458493
1.0543963	0.953044
1.0814419	0.98326737
1.1236124	1.0116713
1.1436411	1.0224757
1.1282401	1.0971768
1.2265294	1.1193031
1.2882903	1.0736421
1.231851	1.0922382
1.2581875	1.1076332
1.3510674	1.0943105
1.400421	1.1013184
1.2637291	1.1526755
1.2686924	1.1967703
1.2517965	1.7027079
1.2021652	2.026866
1.3861647	2.0051928
1.4409875	2.0665138
1.3362992	2.0604482
1.1387188	2.020867
1.0927929	2.0012717
0.97125626	1.9827272
1.0567473	1.977462
1.2075908	1.9547715
1.3200684	1.9666505
1.5667208	1.9817178
1.3561432	1.9986556
1.4124331	2.0002453
1.4391443	2.0069816
1.5382997	2.0046756
1.4422451	2.009304
1.1501241	2.0276964
1.00357	2.0382895
0.97796637	2.0374365
0.99800664	2.0304704
0.99304265	2.0232227
1.0419054	2.003178
1.0747993	2.0172067
1.1126372	2.0184934
1.1120411	2.013171
1.1132423	2.0111375
1.1570551	2.0134122
1.1641748	2.0150442
1.169126	2.0124924
1.2188964	2.004664
1.3617266	1.9740597
1.6398344	1.7735252
1.4040177	1.8731214
1.2249506	2.005406
1.5431658	1.9814868
1.8938524	1.8972783
2.1076899	1.7225466
2.4719605	1.2785555
2.8531766	1.105933
2.9151719	1.074898
2.7718022	0.94586915
2.8611064	0.93948007
3.0780044	1.2668194
3.08555	1.019975
3.063159	0.9861918
3.2027879	1.2277354
3.160139	1.0558617
3.1614604	1.0774821
3.1644897	1.0807502
3.3464963	1.3402692
3.1856332	1.02852
3.068522	0.9841681
2.9871292	1.0099307
3.0177908	1.0005418
2.9530752	1.0520896
2.8013237	1.1108029
2.8129728	1.1315416
2.7659712	1.056924
2.7545335	1.0658755
2.8364387	1.1098493
2.9020734	1.1326584
2.6461446	1.2763076
2.6196203	1.710808
2.7530947	1.995407
2.4934113	1.9822391
2.4039721	1.9838055
2.2079866	1.9397601
2.044765	1.9308429
2.2571685	1.9530175
2.2165596	1.9445233
1.9990764	1.9655254
1.9463352	2.0006382
2.0181258	2.0069153
1.9592588	2.0101736
1.9174231	2.0069394
1.9120355	2.0001726
1.9955117	1.9897156
2.0911212	1.9789946
2.1480954	1.9798634
1.9561573	1.992515
1.9632576	1.9942667
2.0849695	1.9889172
1.8838828	1.9983655
1.8776108	1.9991459
1.8512695	2.0010784
1.943507	1.9968396
1.8978194	1.9992054
1.5987079	2.0147402
1.323199	2.0295222
1.1795723	2.03907
1.0837469	2.0456505
0.9551807	2.0485456
0.98463774	2.0297267
0.93718266	2.0298643
0.82413644	2.0176103
0.8445909	2.0280387
0.84956896	2.0386963
0.83405477	2.0089037
0.88220793	1.9906166
0.9990144	2.0045412
1.0518702	2.014899
1.0381938	2.0198326
1.0346677	2.0220244
1.0546408	2.0209136
1.1045908	2.016739
1.1298308	2.0145016
1.1141835	2.012371
1.0902674	2.0119054
1.0828226	2.0149755
1.1230911	2.0149193
1.238741	2.006669
1.3592004	1.9996378
1.511392	1.997544
1.7169311	1.9986933
1.9180814	2.0011895
2.1922803	2.0069904
2.625669	2.0354786
2.6146715	2.0334485
2.5248232	2.0227118
2.769253	2.0598726
2.849033	2.067032
2.840256	2.055026
3.033345	2.0461192
3.046872	2.066968
3.1144392	2.024084
3.065279	2.0838313
3.0518103	2.092727
3.0804005	2.0525331
2.97304	1.9724591
2.9348001	1.9004512
2.9083388	1.9454913
2.867213	1.9474676
2.807273	1.9081177
2.8214798	1.9677413
2.786331	1.9543322
2.8181746	1.9653984
2.8276074	1.949172
2.76951	1.8679988
2.7467568	1.9660211
2.5611868	1.9447495
2.413892	1.909512
2.420392	1.9707764
2.094879	1.9905419
1.7277249	2.0059679
1.4556485	2.02331
1.3111693	2.019334
1.3212025	2.039435
1.1933978	2.0453513
1.123783	2.059063
1.0615298	2.0604155
0.9781452	2.0602646
0.9193705	2.060393
0.8171918	2.0670888
0.7654157	2.06992
0.7700783	2.0564504
0.77361757	1.9969339
0.7877787	1.9312356
0.86114115	2.0037944
0.9418245	2.0217998
0.9871693	2.023891
0.99448335	2.0242946
0.9894216	2.0251367
1.008991	2.0245512
1.0344117	2.022717
1.0081912	2.0248005
1.017921	2.0252717
1.0768148	2.020389
1.095932	2.0192058
1.1893867	2.012961
1.3858023	2.0077431
1.6230588	2.0049088
1.7440825	2.0046554
1.8882377	2.0026677
1.9334148	1.9993957
2.1045105	2.0037644
2.3511987	2.012171
2.2917569	2.0049446
2.21119	1.9983792
2.0657125	1.9942296
1.9237298	1.9991608
1.8341088	2.0025482
1.8866901	2.0032291
1.9524262	1.9978118
1.8129523	2.0018709
1.7818439	2.004481
1.8377479	2.0051775
1.8502331	2.0054293
1.7398897	2.0016186
2.6978087	1.343503
2.6625323	0.9585621
1.1431701	1.9468524
0.9145667	1.9860415
1.6525542	0.9661825
2.0042465	0.9826768
1.9362029	0.9715773
2.461132	0.9723291
2.3816426	0.97801954
2.3623009	0.9864373
2.2763517	1.0160517
2.1634903	1.0502821
1.9643302	1.0080578
1.762698	1.0071526
1.9118273	1.0003844
1.8940936	0.99768966
1.7903155	1.0110409
1.7148722	1.0232815
1.8684977	1.0137824
1.9391825	1.011486
2.0092351	1.0234319
2.063798	1.0234196
2.0579247	1.0107471
2.2090418	1.002573
2.0516796	1.0323759
1.7654502	1.0442415
1.7047882	1.0544912
1.4305774	1.0170788
1.0776856	1.3733901
1.0791728	1.0955888
0.98356396	1.0275478
0.96788853	0.97990924
0.9337269	0.96673936
1.0057285	0.9445214
1.0648822	0.9633449
1.0412548	0.9742562
1.0589132	1.0729166
1.1910267	1.2746426
1.2679129	1.2701721
1.3497739	1.2952701
1.3569795	1.1682646
1.2591767	1.0802642
1.2337615	1.0706466
1.2648846	1.0653567
1.2992214	1.1097295
1.2806996	1.3298672
1.160979	1.6845506
1.0017545	1.8111968
0.9559833	2.0459702
0.89831984	2.014062
0.8181181	1.9945158
0.74224	1.9707787
0.76620114	1.9651169
0.7556359	1.9709766
0.7331355	1.9704887
0.7007868	1.9568667
0.76900053	1.9534297
1.068847	1.9672425
1.220681	1.9940139
1.2593601	1.9994057
1.2022861	2.008749
1.1051927	2.0182426
1.1811683	2.0147545
1.2568864	2.0071926
1.1344064	2.01919
1.1490107	2.0170205
1.2575697	1.9983659
1.3585039	1.9788344
1.4410086	1.9805644
1.363026	2.0040739
1.4853847	2.002654
1.8086977	1.986169
1.841206	1.9947304
2.089662	1.9951094
2.0926828	2.0021431
2.202379	2.0000813
2.246153	2.000782
2.2477732	2.001414
2.450366	1.9765958
2.0650718	1.9987853
2.0082026	1.9997523
2.2350385	1.995089
2.0774274	1.989068
1.860021	2.0021107
1.9734745	1.9987688
2.1201136	1.983001
1.9592313	1.9886041
1.9022554	1.9985023
1.5599147	2.013995
1.4453485	2.0197604
1.4632889	2.0185032
1.2334456	2.033015
1.0680578	2.0411024
0.99521345	2.0327039
0.9407335	2.0470426
0.8421317	2.0501838
0.78525794	1.9220537
0.79467005	2.0175061
0.7573084	1.9856637
0.8009327	1.9736435
0.8086096	2.0093517
0.7751651	2.023239
0.7854857	2.007781
0.88508505	2.0081058
0.9526763	2.0130262
0.97396827	2.0146997
0.9602174	2.0171561
0.97085553	2.0205317
0.9934494	2.018704
1.0468758	2.0134687
1.1250478	2.0097132
1.2371888	2.0050423
1.2828574	2.0077646
1.466624	2.0049076
1.6933995	2.0032299
1.877766	2.003693
1.9736443	2.0045722
1.9811332	2.0051348
2.0457108	2.00424
2.0880373	2.0056021
2.10012	2.0041735
2.2630858	2.0096545
2.421175	2.002575
2.2503464	2.0053685
2.2307703	2.0022864
2.1976676	2.00104
2.1713836	1.9983153
2.1760252	1.9977031
2.1004505	1.9968094
2.084852	1.9952836
2.0675225	1.991017
2.137752	1.9939638
2.058373	1.9961355
2.1187382	1.9936824
2.2264526	1.9294059
1.6365309	1.9930295
1.2901086	1.8450018
1.1912457	1.194795
1.2106602	0.96644247
1.192374	0.9673924
1.3843932	0.94811493
1.2521211	0.949277
0.99391025	0.977375
1.2017964	0.9893801
1.146109	1.019043
1.0094507	1.0623064
0.8846351	1.045303
0.9964497	0.9470608
1.0571691	0.9564726
1.1035501	0.9924065
1.2193989	1.0098413
1.4252518	1.0152534
1.5279853	1.0090632
1.4500585	1.0430241
1.4570498	1.071803
1.4984478	1.0736074
1.3816563	1.0549761
1.2848376	1.0690295
1.4120123	1.0794036
1.3534257	1.059324
1.4245393	1.0125023
1.7264689	0.9408246
1.917632	0.9145543
2.4659314	0.8895304
2.6285102	0.91522807
2.5601757	0.8130809
2.5843565	0.7995772
2.6102006	0.8154223
2.6554713	0.825385
2.6857057	0.8651492
2.883497	0.9293275
3.1143377	1.0854262
3.0992737	1.0550007
3.0692368	1.0040789
3.1271439	1.0285847
3.0855036	1.0398802
3.0057654	1.0099819
3.0052145	1.0194037
2.9944012	1.0869387
2.9104462	1.1600696
2.8955355	1.1917878
2.9642031	1.2587337
2.8323917	1.0770842
2.6672792	1.0861079
2.667988	1.1337519
2.5814996	1.0823377
2.201765	1.2404355
1.9930782	1.4073659
2.0949464	1.1169199
1.6017914	1.1358482
1.6033993	0.99467796
1.6583232	0.9489196
1.6279151	0.9122905
1.6905415	0.8735463
1.4992226	0.9562076
1.3736455	1.0629727
1.2932581	1.1395755
1.3640655	1.3562682
1.7695371	1.5259135
1.9087653	1.675016
2.020079	1.4875442
2.0464723	1.2378813
2.1076105	1.2954605
1.9641877	1.3819263
2.120911	1.4344788
1.9430692	1.5844951
1.7373172	1.8624305
1.9961847	2.0632575
2.0175114	2.0568197
1.8676205	2.0339515
2.167757	2.0218613
2.1610308	1.9861718
1.8458943	1.9797636
1.8844291	1.978618
1.9051627	1.975162
2.0605707	1.9648423
2.1006083	1.9591197
2.076163	1.962292
1.9996847	1.9687846
1.8860058	1.9875429
2.1749864	1.9773074
2.6784499	2.007711
2.445674	1.9879098
2.3605082	1.9827864
2.1062737	1.9863431
1.7106259	2.0043302
1.583649	2.014576
1.7459564	2.000402
2.171436	1.9863435
2.1091838	1.9946524
1.8586886	2.0006275
2.2288775	1.9915688
2.5292358	2.005388
2.6775002	2.019194
2.5835316	2.0030255
2.6975927	2.0132952
2.8090599	2.0347788
2.8634892	2.041357
2.9486375	2.058527
2.8816023	2.039595
2.892807	2.035579
2.9528046	2.0466926
2.9294002	2.0297508
2.863379	2.021788
2.9061544	2.0277538
2.9206078	2.0104997
2.814107	1.9828817
2.7739706	1.9825815
2.7660701	1.9555979
2.835347	1.9538189
2.7816577	1.9476897
2.614083	1.9137503
2.6718302	1.943066
2.815166	1.9903711
2.6785798	1.9816866
2.4623287	1.9482174
2.3874223	1.9443194
2.282857	1.9376467
2.2236595	1.9578407
1.6067334	2.0211027
1.8019255	1.9946969
2.0924933	1.9746433
1.6712573	2.0130913
1.523731	2.0271127
1.597592	2.019318
1.8329711	2.0007386
1.681621	2.0116267
1.9092613	1.9969093
2.0105624	1.990364
1.7061371	2.0098662
1.7747463	2.0050902
1.995647	1.9962978
1.9705706	1.9981804
1.8827293	2.0011547
1.9524399	1.9984609
1.9475166	1.999383
1.8987055	1.9862336
2.0292816	1.9455714
2.043439	1.983941
2.1346016	1.9458649
2.3056018	1.794195
2.50915	1.3305451
2.5951464	1.2804232
2.4159827	1.1640531
2.6028643	0.99336785
2.796843	0.9587395
2.8302479	0.9869594
3.0553029	0.9925212
3.083807	0.99626046
3.0733478	1.0313035
3.1026027	1.0501407
3.137887	1.0790308
3.1022308	1.0701642
2.9809535	0.9935865
3.0310588	0.9839559
3.004169	0.9758158
2.9007256	0.97954565
2.8531885	0.98290265
2.8318672	0.986916
2.8085272	0.98748547
2.8070068	0.9887831
2.7086978	1.0032934
2.5895214	1.0157785
2.641566	1.0261524
2.6530771	1.0370138
2.579619	1.0675576
2.5632727	1.0747145
2.3621912	1.0729939
2.1886125	1.0557382
1.8904678	1.0025971
1.8181983	0.94438964
1.7693577	0.9579916
1.6626098	0.9890914
1.6755658	0.957869
1.6075025	0.9828989
1.5314056	1.0371543
1.4536036	1.0279256
1.231924	1.1901863
1.1242286	1.1357502
1.1122245	0.95621014
0.96923065	0.9853995
0.8147469	1.1147639
0.86470973	1.0390221
0.96601963	0.95246005
0.99345666	0.96823525
1.0341609	0.9792981
1.0651786	0.98973966
1.1083696	1.0360014
1.1459728	1.163078
1.2366029	1.3032793
1.274381	1.2750993
1.2665193	1.1794513
1.2724946	1.1441368
1.2069025	1.123997
1.2272168	1.1028754
1.4109797	1.1087289
1.5360129	1.1090108
1.8151492	1.1832974
2.2273982	1.3225138
2.361829	1.2128484
2.5009975	1.1986331
2.649012	1.2981913
2.667735	1.294274
2.7124183	1.12336
2.803594	1.080565
2.815552	1.1943183
2.8923893	1.2414224
3.0705063	1.3042157
3.1473918	1.1850864
3.1862354	1.1221253
3.1538994	1.0834737
3.116537	1.0572368
3.159586	1.112947
3.0622234	1.0089269
2.955525	0.9981398
2.8703043	1.0177982
2.8850749	1.0074779
2.8535469	1.014213
2.6888201	1.0187312
2.6424296	1.0048348
2.7308104	1.0125145
2.6596715	1.0241972
2.7031145	1.0547267
2.6989062	1.1615608
2.7908432	1.3389502
3.0048301	1.7930244
3.0552354	1.9424393
2.9976876	2.0691347
2.9163916	2.05669
3.0486114	2.0400853
3.0596957	2.0120225
3.050821	1.9913981
3.0833786	1.9718449
2.9845803	1.9398364
2.8987522	1.9261435
2.8318136	1.9534167
2.7804573	1.973399
2.8348985	1.9962152
2.8358526	2.0074978
2.7179873	1.9920694
2.7656248	2.0004628
2.8184686	2.0137153
2.7618713	2.000171
2.8123333	2.0141497
2.849417	2.0232856
2.7147112	1.9817847
2.6935706	1.9720373
2.823306	2.0166695
2.7687037	1.9878759
2.7348814	1.9580637
2.782701	1.981178
2.6251683	1.6330252
2.342822	1.7807665
1.8336325	1.781662
1.7587287	1.2180048
1.6357969	1.0153128
1.4433588	0.9725402
1.4623889	0.9745137
1.1534785	0.97714406
1.2388574	0.9655894
1.5844017	0.9707496
1.5215261	0.97351044
1.1981484	0.9794222
1.1089351	1.0101749
0.97479963	0.99010444
1.0296202	0.9382639
1.0467815	0.94137174
1.0715184	0.9423196
1.0846697	0.9514457
1.0724666	0.95957816
1.0765554	0.98435766
1.0795945	0.968729
1.0717145	0.9612854
1.1389512	0.99825644
1.2013571	1.0124161
1.2628264	1.0255021
1.2559365	1.0343375
1.2467717	1.0310463
1.3315839	1.0276014
1.3312707	1.0292673
1.243389	1.0319043
1.323725	1.025243
1.788184	0.953392
2.0013654	0.96890104
2.2776325	1.0939071
2.385174	1.0672498
2.449778	1.0821705
2.4894161	0.98782665
2.3165948	0.86787534
2.399645	0.88119227
2.5133288	0.9718196
2.4781163	0.8683979
2.284337	0.84624255
2.2746043	0.96473134
2.4561493	0.990009
2.3744354	0.909248
2.2882028	0.9830822
2.1933086	1.036753
2.0856433	1.0325068
1.9331192	1.0278375
1.975708	1.0377619
1.9700626	1.0292574
1.7631985	1.0347775
1.6851999	1.080341
1.666377	1.2803707
1.4161091	1.8137065
1.290266	1.8708606
1.1747402	1.8067487
1.131038	1.7530496
1.1090862	2.042084
1.0945271	2.0398722
1.1209021	2.0261192
1.0088456	2.0003886
0.9348262	1.9820145
0.84486955	1.9785761
0.8282129	1.9750868
0.9624535	2.0031056
1.0852377	1.9993811
1.2048724	1.9986945
1.2048992	2.0047157
1.0888029	2.0156784
1.0539296	2.0226197
0.9435478	2.0355213
0.9403718	2.0286717
1.0401008	1.8790485
1.0925959	1.9370663
1.1358757	1.9876829
1.1275216	1.9989531
1.1476547	1.9905931
1.2291226	1.9593598
1.3531055	1.8604822
1.4248708	1.7557284
1.3509725	1.8879213
1.5828599	1.7633953
1.7637922	1.5915395
2.0954394	1.3113569
2.21552	1.5223547
2.2719212	1.6112471
2.5565302	1.157099
2.7414763	0.9620285
2.841701	0.963722
2.8381011	0.9630667
2.9963818	1.050713
3.003953	0.97079176
2.9515698	0.9439048
3.0474203	1.0076866
3.1566114	1.1065578
3.1920025	1.0797548
3.1460502	1.0212297
3.1171987	0.98433346
3.044954	0.97907907
2.9645267	0.98089397
2.9185996	0.9850894
2.8871453	0.9828816
2.8468916	0.99355817
2.7558622	1.0028517
2.7247143	1.0062925
2.8144784	1.0106475
2.75857	1.0028836
2.7206664	1.0062671
2.5998614	1.0732447
2.332832	1.1538776
2.2565722	1.3629457
2.2559755	1.8454729
1.9458901	1.5206282
1.8093421	1.7060425
1.8414942	1.9518012
1.7408862	1.9881508
1.6461116	1.9776595
1.6863278	1.9530926
1.4946815	1.9189557
1.3765898	1.9422736
1.283692	2.0022137
1.062655	2.0306659
0.8710822	2.019573
0.8102722	2.0327604
0.8535756	2.028221
0.8525966	2.0141244
0.8846287	2.0014062
0.9461514	2.0082686
0.9265384	2.0077975
0.90748656	1.951082
0.8654631	1.9047396
0.91687965	1.9100726
1.0201095	1.946322
1.0253711	1.9576747
1.0254234	1.9435804
1.0614445	1.9457096
1.0663803	1.9567049
1.078846	1.9561884
1.143126	1.9339391
1.1445935	1.8665919
1.2123317	1.7941794
1.3461574	1.7622854
1.5053164	1.6789525
1.8150942	1.6178274
1.8506922	1.6597706
1.8459439	1.6271578
2.0933642	1.1526685
2.3332071	1.0318211
2.5554693	0.9875387
2.5963993	1.0188205
2.6790133	1.1098461
2.8662033	1.0753342
2.8889196	0.98914385
2.8709433	0.96778387
2.8876486	0.9815809
2.9655414	1.005779
3.048641	1.0916717
3.1056106	1.0919633
3.1601906	1.0402489
3.1572654	1.0185785
3.0883954	0.98989946
3.058956	0.97612137
3.0297174	0.96879095
2.9741771	0.9740306
2.8949838	0.99248725
2.8872743	1.008395
2.8828502	0.99268746
2.8755593	0.98512757
2.7966342	0.9920154
2.7380264	0.98605156
2.6289268	0.9959771
2.7230825	1.0113974
2.786932	0.99800676
2.6604977	1.0057502
2.50664	1.011226
2.324816	0.99978775
2.1317375	1.0027951
1.921412	1.0294416
1.7327178	1.0496079
1.4843578	1.2329168
1.4397924	1.3096874
1.580968	1.0011177
1.4213394	1.1719207
1.3879396	1.1176088
1.2841622	1.1607311
1.0358512	1.5256547
0.9541586	1.149406
0.8874586	1.0700337
0.83583826	1.0956073
0.9076483	1.007188
0.9585532	1.0149493
1.0147071	0.9825898
1.0508128	0.9940806
1.1168722	1.1166154
1.1701208	1.1431986
1.2696118	1.2647005
1.3015846	1.3008132
1.2487813	1.1556839
1.3322672	1.1556305
1.2874372	1.1468222
1.2689697	1.1980267
1.2840636	1.3626847
1.3297905	1.4596932
1.3323735	1.8662347
1.3698008	1.8164923
1.3847237	1.847915
1.4985132	1.9689877
1.7072158	1.9879223
1.773935	2.055581
1.8761868	2.0352733
1.8651502	2.0378778
2.0303564	2.038579
1.9065588	1.9948617
1.908501	1.9409187
2.2798765	1.9186026
2.2545493	1.9384347
2.1499615	1.9558266
2.2084496	1.963423
2.2752986	1.9695935
2.3923285	1.9701757
2.2843716	1.9765756
2.097901	1.9810737
2.1382608	1.975121
1.9668729	1.9447596
1.7662506	1.8719515
1.9384624	1.897508
2.0859144	1.8281877
2.1998653	1.80838
2.460275	1.8784817
2.4730113	1.9520457
2.671345	1.9731243
2.8540614	1.9383379
2.782906	2.003574
2.8411791	2.024335
2.9723434	1.9964111
2.8628209	2.026536
3.08969	2.0929568
3.004673	2.0801516
2.8894339	2.0296867
2.9407585	1.9595902
2.884882	1.9466314
2.9282904	1.9368773
2.9147966	1.9063184
2.8921342	1.9260794
2.8745797	1.9635276
2.8796732	1.930574
2.842209	1.9921515
2.789535	1.9755429
2.8047166	1.9006991
2.8818402	1.9609798
2.922661	1.9565276
2.7540953	1.8614378
2.7071638	1.8582236
2.799015	1.8768942
2.7112608	1.6270815
2.3019283	1.8409432
2.1111796	2.002748
2.1122525	1.9620659
1.4974687	1.6581941
1.3517542	1.5943084
1.2204089	1.8170782
0.999443	1.8482398
1.1182531	1.9697932
1.1983057	2.023478
1.0074478	1.9973973
0.9275291	2.0181372
0.9305475	2.0536077
1.0228553	2.0423067
0.89970994	2.0218656
0.81402546	1.9926094
0.9582936	2.0203977
0.95686954	2.0323315
0.91397977	2.0364606
0.94544077	2.0195067
1.0850477	1.9990757
1.1070954	1.998019
1.1010447	2.0091798
1.0999782	2.016177
1.1453767	2.007404
1.1367592	2.0027425
1.1321617	2.0116138
1.1461334	2.0123453
1.1355909	2.013578
1.1503607	2.015115
1.1720947	2.013411
1.2213243	2.0073938
1.2417231	2.0078068
1.2954265	2.0018852
1.4076059	1.967392
1.4539856	1.9269005
1.4841218	1.9122652
1.4498525	1.4756045
1.1547409	1.1141704
1.135847	0.96787333
1.1537827	0.99960744
1.0243671	1.0080606
1.0789769	1.04979
1.0554762	1.0629838
1.0943059	1.0783107
1.1571627	1.0624237
1.1467834	1.0242981
1.2284219	1.0421659
1.3539414	1.0436261
1.3658774	1.0138663
1.4989179	1.0335032
1.3191637	1.0230225
1.3396071	1.0490155
1.2653592	1.0527316
1.2008653	1.0194399
1.2711023	1.0374177
1.2374086	1.0354193
1.2365808	1.0296133
1.172906	1.032405
1.2558913	1.0527705
1.4730172	1.0298345
1.3210382	1.0556672
1.3912121	1.1117715
1.383551	1.1696435
1.3169045	1.6346171
1.5645553	1.7051226
1.7100407	1.439005
1.6571504	1.7337781
1.7573907	1.963387
1.7665663	2.08023
1.8468802	2.0657458
1.7325923	2.043184
2.105104	2.0283349
2.288889	2.0247831
2.2399855	2.0381875
2.105906	1.9688599
2.00836	1.9348998
2.310225	1.9529204
2.324784	1.9629413
2.3405747	1.9641832
2.3092515	1.9761561
2.0258255	1.9824075
2.1149542	1.9832942
2.1205778	1.9188522
2.1487014	1.9812354
2.0736501	1.9705116
2.0560355	1.9698142
2.1057782	1.9721507
2.1016157	1.9323343
2.0307877	1.8665575
1.8523895	1.6414099
1.8092939	1.4199145
1.7390994	1.2950037
1.7118312	1.5030564
1.8447461	0.97946423
2.0451865	0.954645
1.9642384	0.9519301
1.8572716	0.9495918
2.189692	0.97296405
2.2380793	0.97903484
1.9085487	1.0046256
1.970538	1.0327234
1.960765	1.0027508
2.0639699	0.98265827
2.105318	0.9935798
2.057197	1.0010892
2.1626475	0.9928733
2.292652	0.9784706
2.1213682	1.0006077
1.8618402	1.0037446
1.9014766	1.0072663
2.0673656	1.0005438
2.218187	0.9876288
2.2392645	0.9910447
1.9900615	1.0017663
1.8121908	0.99908483
1.7512727	1.2674961
1.7374045	1.1339123
2.03927	1.064062
2.5609617	1.4386667
2.8103085	1.8967133
2.9449217	2.0749032
2.8640559	2.0783412
2.81598	2.0675616
2.7990932	2.044112
2.8452053	2.0398753
3.1451957	2.0489056
3.1783237	2.028732
3.1133554	1.9936968
2.9938118	1.9854989
2.9358675	1.9772537
2.911363	1.9991385
2.89318	2.0069714
2.8980584	2.0207458
2.845616	2.0063436
2.838013	2.0099478
2.9153166	1.9979627
2.8794143	1.9724171
2.830074	1.9458017
2.8035295	1.9671146
2.820425	1.9650601
2.7962074	1.9463742
2.837002	1.9813387
2.8432758	1.9587855
2.7376373	1.9283919
2.6918046	1.9140009
2.5561898	1.7903887
2.2047658	1.4039516
2.1503286	1.3328453
1.9820334	1.4051727
1.5199312	1.1345927
1.7756208	0.9857897
2.1843388	0.9706136
1.7235193	0.9730025
1.5190582	0.9998056
2.064604	0.98734987
1.9213566	0.9839367
2.3604798	1.0105252
2.4873044	1.0224569
2.070159	0.9804401
2.043978	0.97505444
1.8641182	0.98124707
1.8997322	0.9899641
1.8287212	0.9978019
1.7702683	0.9934852
1.8201479	1.0152787
1.9513215	1.00107
1.9049023	1.0027318
1.8708624	1.0132259
1.9252938	1.0133188
1.9630499	1.0071459
1.8848884	1.0080512
1.9058142	1.012951
1.9623858	1.0202417
1.8832161	1.0436856
1.9945952	1.0495335
2.13061	0.99752223
2.3281953	1.0425721
2.544263	1.9402896
2.5357451	1.9284351
2.649153	2.0692647
2.7810564	2.0701828
2.9299498	2.0568933
3.110634	2.0749078
3.1040714	2.0445607
3.0096078	1.9942187
2.9421003	1.9498492
2.9024956	1.96651
2.8972766	1.9899598
2.8733258	1.9972631
2.9327292	2.0362928
2.902904	2.032141
2.8500094	1.9990662
2.9095385	2.0370886
2.9067638	2.0279424
2.8474798	2.0202143
2.8107252	2.0091028
2.8212802	1.9988575
2.8103359	1.9982694
2.8468745	1.9835271
2.7422655	1.9348977
2.73759	1.9849601
2.7912288	2.0054717
2.5690105	1.9499578
2.3434932	1.9779936
2.4035614	1.9863191
2.3646753	1.9834025
1.8642402	2.0059378
1.7102923	2.0135922
1.8568505	2.007424
1.6009337	2.032103
1.5752332	2.0323567
1.4445903	2.0372293
1.264898	2.0479155
1.2317026	2.045812
1.2393854	2.0401058
1.0865679	2.048864
0.9554189	2.058979
0.93803114	2.0560243
0.89259416	2.0574656
0.81385684	2.0603015
0.7921435	2.056309
0.801075	2.0464983
0.79834414	2.0187907
0.83867776	1.9935143
0.9229834	2.0132313
0.95424	2.0262895
0.9752471	2.0261183
1.0103947	2.0222504
1.0148954	2.023081
1.014827	2.0231388
1.0156362	2.0228028
1.0825083	2.0144384
1.199813	1.991508
1.335993	1.9415085
1.2412633	1.9976119
1.2138497	1.9997711
1.392158	1.9569392
1.8108263	1.6925687
2.0356336	1.2590866
1.9551206	0.98053056
1.9310713	0.9849947
1.9909686	0.96605885
2.2663574	1.0083561
2.522884	0.992356
2.7235181	0.99449754
2.7427278	0.99801224
2.8701665	0.9943934
2.8499138	0.95931584
2.881334	1.0022693
3.0684896	1.0256344
3.16927	1.02849
3.0946515	0.98629105
3.0677516	0.9799179
3.0158777	0.9938119
2.8991563	0.9948894
2.870317	0.98930806
2.8353863	0.9887726
2.780376	0.98907334
2.7022915	0.9952517
2.5796077	1.0073224
2.6776617	1.0159805
2.793532	1.0048053
2.557766	1.0133991
2.5280163	1.0742028
2.8246465	1.1310792
2.8220623	1.7861147
2.602631	2.0479438
2.565285	2.025126
2.7148337	1.9253781
2.955721	2.0524673
2.9724367	2.0416002
3.0142808	2.0063367
3.0027308	1.9623891
2.952087	1.9235095
2.9586856	1.957126
2.881932	1.9784628
2.7859497	1.9682904
2.7889497	1.9851217
2.7554865	1.9935004
2.7175946	1.9855235
2.8293035	1.9714197
2.886147	1.6155664
2.8257453	1.9197278
2.8102698	2.0109248
2.7631533	2.0035338
2.7178478	1.9904624
2.8032718	2.0069096
2.783361	1.9964732
2.644563	1.9526078
2.526182	1.9769801
2.4689493	1.9847133
2.3745747	1.9776034
2.2747717	1.9795182
2.2200763	1.9763186
2.0009513	1.9993014
1.8216071	2.009831
1.7754006	2.006905
1.7898287	2.0120976
1.5997763	2.0279114
1.6181456	2.0238814
1.6411656	2.015305
1.5710603	2.0189457
1.7376667	2.0040708
1.6146455	2.0138776
1.6632636	2.0113535
1.8216783	1.9996439
1.9685587	1.9922519
1.9123844	1.9967268
1.6489394	2.0131164
1.8217329	2.0040193
1.8288457	1.9838228
1.6149335	1.323983
1.2151891	0.95698476
0.72838336	1.535227
0.7997067	1.0290347
0.9942601	0.974171
1.2542323	0.99315304
1.5147554	0.9859185
1.3929291	0.97081226
0.8947432	1.0504141
1.0402895	0.9592722
1.137195	0.9947279
1.1574453	0.99943763
1.1948681	0.99909836
1.274779	1.0020497
1.2895999	1.0120559
1.3613667	1.0106982
1.4770871	0.9893564
1.5136774	0.9812156
1.4831216	1.0045364
1.3950953	1.0363322
1.4574472	1.0147951
1.4340366	1.0170134
1.4241416	1.0271528
1.5793413	1.0981102
1.7282759	1.5346749
1.9730344	1.6243135
2.1876762	1.6753632
2.1787806	1.9781748
2.1660156	2.070806
