1.4774137	1.1931674
1.6631556	1.3311086
1.8618836	1.3794987
2.0362017	1.434044
2.1001904	1.4580523
2.048216	1.5659074
2.145486	1.5702126
2.2297466	1.531464
2.1771166	1.5600541
2.1952474	1.5731081
2.2607613	1.5573161
2.2845755	1.5593629
2.176978	1.5993047
2.160004	1.6136786
1.9973059	1.7242643
1.8296694	1.8346491
1.8898559	1.7935365
1.8138878	1.8631434
1.690387	1.9647338
1.4993368	2.0215771
1.4771001	2.0468757
1.458632	2.1132808
1.7032531	1.9289681
1.9249536	1.8298572
2.0635645	1.9580591
2.2708402	1.804113
2.115933	1.8284725
2.153396	1.8156307
2.128692	1.7317613
2.1071026	1.6074163
2.0266826	1.5892678
1.7576036	1.6519048
1.547766	1.6689223
1.5158561	1.5583835
1.5910691	1.4992574
1.6141987	1.4528197
1.717938	1.3943696
1.824381	1.4379095
1.9209235	1.4725853
1.9122993	1.4286655
1.9112898	1.4149536
2.0119991	1.4577566
2.041129	1.4856752
2.0235696	1.4547213
2.0662513	1.4255776
2.1668575	1.3815078
2.2498205	1.267646
2.0971026	1.2996066
2.0279596	1.4821304
2.3089375	1.4830443
2.434956	1.4037222
2.4384272	1.3374882
2.5182233	1.2425344
2.698622	1.2385371
2.7243993	1.2486205
2.6296597	1.0301626
2.6670914	1.1219901
2.8545332	1.3732805
2.969336	1.2623641
2.8822021	1.1494551
2.993964	1.2286346
3.0463772	1.0594013
2.9797215	1.0367473
2.809368	1.2996696
2.6915808	1.5765288
2.6222117	1.536144
2.436367	1.550314
2.3454144	1.5656202
2.3662956	1.5464236
2.2979882	1.5556973
2.2219532	1.5694827
2.2181191	1.5658673
2.2018378	1.5586782
2.1938083	1.5572481
2.2165513	1.5527587
2.2380044	1.5478003
2.1531076	1.5781873
2.1392057	1.6081977
2.1781244	1.6602006
2.12669	1.7030418
2.1110816	1.7686247
2.048547	1.7969493
1.9424937	1.8610787
1.9526181	1.9138145
1.7987506	1.9430585
1.6042336	1.9694672
1.4491557	1.9567374
1.4934132	2.0136952
1.511145	1.9666514
1.5523022	1.8716393
1.646084	1.8471643
1.7519977	1.8395878
1.8452315	1.6696335
1.8857825	1.690175
1.8112	1.8015261
1.8131235	1.769235
1.912951	1.7658471
1.8091233	1.7843071
1.8155984	1.7756009
1.8221734	1.7553393
1.878993	1.7514279
1.8779663	1.7526866
1.7157573	1.7971649
1.5463909	1.8543988
1.4370652	1.8592365
1.3790103	1.791406
1.2693565	1.6801202
1.3772438	1.6050867
1.3563166	1.5619848
1.1983557	1.5101602
1.2620969	1.4800454
1.2977307	1.4663589
1.3200264	1.3744818
1.4584117	1.3222096
1.7112325	1.3395087
1.854744	1.3949502
1.8628589	1.4366773
1.8860939	1.4639844
1.937297	1.4761235
2.0079393	1.4482156
2.0341926	1.4327356
1.9809867	1.4023551
1.9275026	1.3846463
1.928619	1.4066437
2.0153682	1.4451008
2.159348	1.4454702
2.2745414	1.4546856
2.3970354	1.5096296
2.5311286	1.5960432
2.6163583	1.6911881
2.6833525	1.7602787
2.7857053	1.760408
2.671727	1.7543031
2.537946	1.8316507
2.649844	1.8463656
2.6142392	1.8211575
2.5134501	1.801759
2.6754413	1.7460241
2.6965826	1.756861
2.7372603	1.6558081
2.680545	1.6915025
2.6427274	1.6165271
2.5896335	1.470385
2.3043602	1.3376771
2.239243	1.2725167
2.1686575	1.2836709
2.0888035	1.2932036
2.0097923	1.2844834
1.9949689	1.3299063
1.948319	1.3337672
1.9891253	1.327175
2.017073	1.3067745
1.9691468	1.2687298
1.8816123	1.3677467
1.6981628	1.4105027
1.6157756	1.4080713
1.6014243	1.5132197
1.4420269	1.5930043
1.3108537	1.63331
1.2292256	1.693344
1.2072734	1.714205
1.2681824	1.7676299
1.2247959	1.7730721
1.1892328	1.8179817
1.1773345	1.8384029
1.1663682	1.7911417
1.1468335	1.7526203
0.9936893	1.7097842
0.9052661	1.6701149
1.0289329	1.5462562
1.1819226	1.3841789
1.2823544	1.2939011
1.4332458	1.3109375
1.6409215	1.3492942
1.7880592	1.3953178
1.8229226	1.4256337
1.8181354	1.4274405
1.8912573	1.4608785
1.9424984	1.4514377
1.8732269	1.4232358
1.9146706	1.4567364
2.0312912	1.4640102
2.0392458	1.4407495
2.159304	1.4472536
2.401304	1.5413183
2.5728204	1.6556007
2.59231	1.6825143
2.5967567	1.7761751
2.5567245	1.8183236
2.503685	1.8074135
2.5489864	1.8484291
2.4205616	1.8428249
2.2806857	1.8444116
2.1630144	1.8444233
2.031425	1.8263444
1.9704425	1.8165511
1.981224	1.7992029
2.0282876	1.8251525
1.9460183	1.8212612
1.9146062	1.8141947
1.9437264	1.7904567
1.9460186	1.7815362
1.9150791	1.8408614
2.3026192	1.4722698
2.2875392	1.2545097
1.477033	1.5874654
1.2297546	1.5981952
1.8118705	1.0032694
2.000514	0.92546743
2.0035326	0.95841897
2.288703	0.9234744
2.2481668	0.9282937
2.1860163	0.8942743
2.1743503	0.92594206
2.176393	0.99314404
2.189086	1.1919477
2.010813	1.2837324
2.1075141	1.2895594
2.02231	1.331192
1.8552934	1.3817526
1.7015833	1.5451727
1.8065062	1.5136926
1.8129367	1.5233217
1.7914037	1.5452727
1.7869194	1.5474848
1.7733727	1.5288788
1.8206562	1.5236065
1.7078019	1.5537138
1.5564716	1.5824705
1.5419309	1.5931406
1.3721973	1.6194565
1.1991976	1.7110722
1.171972	1.6892495
1.0295216	1.700079
1.0717283	1.6876388
1.2002842	1.6693839
1.5243272	1.616253
1.9505609	1.5140264
1.9714435	1.5952159
2.0758708	1.6482295
2.165778	1.6900321
2.181554	1.6727576
2.1971676	1.6625115
2.232947	1.6148391
2.2290742	1.5697565
2.2223518	1.5658319
2.2618573	1.5632577
2.2376754	1.5939642
2.1380668	1.671307
1.9655704	1.7462473
1.7779591	1.7838436
1.4569453	1.9534773
1.2146462	2.087879
1.0280678	2.01674
0.91304964	1.8812023
0.9660545	1.8105599
0.85467345	2.0240965
0.8850869	2.0004926
1.0857986	1.8873293
1.3935196	2.0128906
1.8450775	1.8216174
2.1100645	1.7825836
2.130118	1.6724606
2.022618	1.5180824
1.9101326	1.5700907
2.0268798	1.5458213
2.0949614	1.4948392
1.9649224	1.5214499
1.9677335	1.5022309
2.0685284	1.426063
2.1382089	1.4053653
2.220906	1.429249
2.198575	1.5179014
2.305377	1.5659822
2.4675007	1.5469034
2.467596	1.6012425
2.546618	1.6477181
2.5333824	1.7331156
2.4742172	1.6831995
2.411005	1.6709337
2.3749716	1.6948855
2.3874772	1.6321276
2.1838107	1.6859572
2.134883	1.7254161
2.2223456	1.6870686
2.1033883	1.6640968
1.9934195	1.7113359
2.051159	1.7182785
2.0994768	1.6557113
2.0071847	1.6610188
1.9872547	1.698033
1.8141687	1.7634362
1.7344218	1.7786696
1.7831744	1.7724947
1.5973486	1.7248347
1.4381325	1.6782433
1.3954237	1.6079987
1.3281553	1.6286787
1.1787684	1.5806583
1.2102411	1.4024148
1.1999106	1.4199919
1.1550292	1.3617337
1.2840201	1.3024586
1.2859131	1.3214108
1.1920216	1.3332272
1.2158422	1.3044137
1.4746085	1.2990184
1.6746415	1.3933257
1.7534105	1.4304475
1.7111663	1.4042836
1.7722186	1.4318807
1.8206068	1.4307925
1.906347	1.3854183
2.0456092	1.4130082
2.2067387	1.4517027
2.289396	1.529549
2.4603577	1.6244622
2.5835903	1.6631529
2.6206877	1.7104211
2.5944061	1.7160696
2.5015564	1.7393034
2.4678724	1.77104
2.3981001	1.770659
2.3385682	1.7820688
2.326305	1.7186941
2.331313	1.6860139
2.2544549	1.7551943
2.1979854	1.7373779
2.153942	1.7451595
2.1265516	1.7585359
2.1035545	1.743503
2.0513675	1.7502884
2.0431561	1.7770852
2.0369565	1.810131
2.0499017	1.7798164
1.9909971	1.7629957
2.0154812	1.7736834
2.038002	1.6339074
1.745218	1.6757376
1.5822809	1.5579184
1.5712477	1.3837391
1.5670812	1.2105049
1.5827595	1.1922206
1.7346678	1.0835737
1.6685977	1.0703017
1.3451202	1.0052819
1.4475564	0.9249266
1.6327542	1.0008833
1.5133332	1.0135796
1.3683382	1.0781895
1.5487001	1.1780738
1.7543826	1.224634
2.0388284	1.4304152
2.3343158	1.3623437
2.4301133	1.461242
2.4810963	1.4892191
2.4067638	1.5268407
2.3841155	1.5589862
2.3911242	1.5553719
2.3748312	1.5425282
2.2998142	1.5595652
2.3595994	1.5663229
2.354724	1.5498624
2.488405	1.4800488
2.6649034	1.4238373
2.6853733	1.4499385
2.7890136	1.4692321
2.854551	1.4593223
2.855235	1.3944526
2.8351943	1.3801962
2.7247653	1.3981626
2.6465914	1.4015911
2.483647	1.4220908
2.4677153	1.4265218
2.4839475	1.4334688
2.3268628	1.447888
2.3093617	1.4315184
2.3279886	1.4220645
2.2110121	1.4412819
2.1403658	1.443676
2.1324718	1.4455713
2.093674	1.4582084
2.0564291	1.4731097
2.0653753	1.4788628
2.1044996	1.4833262
2.0804093	1.4813002
2.0531094	1.4972656
2.0483098	1.4994555
2.0443172	1.5073183
1.9774663	1.5381064
1.9469942	1.5651381
1.9704914	1.5600687
1.7893715	1.623055
1.6754792	1.6208045
1.6290958	1.6532265
1.3979926	1.6548228
1.3266498	1.6400863
1.2955494	1.6805854
1.3465706	1.6944236
1.4521625	1.6748751
1.6258	1.6843818
1.9001268	1.668784
1.9526095	1.6919224
2.0246925	1.6459322
2.068519	1.5866119
2.066605	1.6085573
1.970317	1.6412623
2.0178416	1.650315
1.9290199	1.687509
1.7848397	1.7709434
1.8948892	1.9445968
1.9217958	2.0299258
1.8565923	2.0775917
2.039736	2.0912666
2.0754056	1.9839059
1.7977836	2.0331743
1.8690587	2.0672054
1.9349889	1.9824394
2.0361204	1.9251873
2.0834067	1.9623739
2.0285711	1.9719168
1.9692498	1.977546
1.8539524	1.8827848
2.0071392	1.8521415
2.2995176	1.7257751
2.1330552	1.8131609
2.035204	1.7865868
1.8987513	1.8282714
1.6825154	1.9339317
1.636361	1.8965588
1.766947	1.8920621
2.0165374	1.8477924
1.9644502	1.7944188
1.8338088	1.8206507
2.0319333	1.8044573
2.2003405	1.7726406
2.2970092	1.7968028
2.2180548	1.8108374
2.260677	1.7981304
2.3861048	1.8271301
2.3852599	1.7783228
2.471053	1.7506917
2.343653	1.7419822
2.3053048	1.6859585
2.380044	1.6398151
2.3016765	1.5826306
2.1661332	1.5824531
2.2101374	1.5229465
2.2211585	1.462657
2.0319464	1.4470813
1.9653138	1.4560215
1.9686801	1.417719
2.062033	1.3758435
1.98421	1.3912829
1.8003198	1.4002647
1.8508979	1.4204103
2.0162587	1.4315314
1.8462133	1.4981008
1.6691474	1.4837153
1.6486491	1.5171914
1.6066657	1.5300529
1.6048498	1.5880309
1.3120648	1.6989368
1.4588134	1.6809859
1.6937807	1.698542
1.4814707	1.741701
1.4396797	1.7683692
1.5348645	1.7683859
1.7197589	1.7547266
1.6720904	1.7712448
1.8181921	1.8139142
1.9194597	1.8231177
1.737625	1.7980984
1.7960376	1.8010916
1.9353441	1.7857847
1.9234277	1.7687006
1.8790418	1.767382
1.9271064	1.7778414
1.9270464	1.7541817
1.8889723	1.6858662
1.9535435	1.6370217
1.9811399	1.6795219
2.016763	1.6297109
2.092075	1.5543133
2.1875737	1.4225184
2.2331874	1.3995135
2.1271818	1.3344287
2.2141006	1.2124187
2.3687901	1.0875145
2.3693109	1.1299472
2.6901014	1.0423189
2.7560592	0.9775832
2.6064088	0.96605873
2.668473	1.0550821
2.7385921	1.2426304
2.5563788	1.2966794
2.3267179	1.523094
2.382177	1.5160218
2.3680596	1.5250144
2.284921	1.5403208
2.238033	1.5260543
2.2074084	1.5142554
2.1650755	1.4981537
2.1426811	1.4879929
2.0814016	1.4950409
2.0295272	1.4997299
2.0410936	1.4986206
2.0416772	1.4995394
2.0240574	1.5088441
2.0204992	1.5110917
1.9810882	1.525527
1.9395869	1.5334312
1.8390311	1.5563313
1.7577705	1.5620754
1.7221459	1.5858566
1.6465954	1.6107744
1.593281	1.6231228
1.5254776	1.6496311
1.4757093	1.6731523
1.3558468	1.6884187
1.1508417	1.7383056
1.0402197	1.7280226
1.0018375	1.6348634
1.0130912	1.6345742
1.0779061	1.6784246
1.2290766	1.6373807
1.4298058	1.5605154
1.6405734	1.5456214
1.8484466	1.5380064
1.9751414	1.5271308
2.073757	1.577502
2.0535803	1.6535474
2.0741804	1.683633
2.0831811	1.6618329
2.1048236	1.6291409
2.1211019	1.6045321
2.0925078	1.6063229
2.1306434	1.5863373
2.2388575	1.5747864
2.2966957	1.5683577
2.3646457	1.5788424
2.4665895	1.5929718
2.5666838	1.5395122
2.652503	1.5040708
2.7232385	1.518454
2.732471	1.5079789
2.8123791	1.4548377
2.9187171	1.4438144
2.7640395	1.5016448
2.6730545	1.5269687
2.7769413	1.5147858
2.7443295	1.4849757
2.7262247	1.4739008
2.5819738	1.4880503
2.477185	1.4939146
2.435029	1.4911892
2.3699846	1.4677672
2.2422898	1.482076
2.1492994	1.4868461
2.1472368	1.4776856
2.118258	1.4786754
2.0478923	1.486428
2.0261643	1.4810338
2.0512605	1.4793885
2.0199456	1.4831568
2.0372453	1.4876082
2.038443	1.4994441
2.0697858	1.509214
2.1399722	1.5288963
2.1815836	1.546743
2.2142873	1.6197637
2.2094808	1.6434976
2.3101091	1.6806198
2.3650877	1.8556163
2.3642688	1.9123492
2.3456576	1.8490902
2.249979	1.922932
2.1613643	1.9848722
2.04919	1.9080309
1.9452438	1.7847694
2.0136735	1.6818035
2.000842	1.5732082
1.8040671	1.5682054
1.8720866	1.5273715
1.9613898	1.4968631
1.8690773	1.5682069
1.947124	1.5116128
2.026654	1.5329607
1.8301038	1.4265859
1.8147696	1.423279
1.9785316	1.4709015
1.9109737	1.4307506
1.8835138	1.3979081
1.9421583	1.418445
1.8977721	1.2470664
1.6449064	1.369781
1.396876	1.4152884
1.4707091	1.2547337
1.4240296	1.1489469
1.2990106	1.0134166
1.3150795	0.9340615
1.1472132	1.089086
1.2193074	1.0344225
1.4975194	0.90106225
1.4989817	0.9483062
1.2562352	1.0476416
1.2411313	1.1384962
1.3079519	1.2145543
1.3135794	1.2764827
1.4175394	1.2663956
1.5128143	1.3365428
1.7378298	1.3277073
1.8501694	1.4346939
1.9849504	1.511658
2.1056087	1.487561
2.1554413	1.494362
2.385855	1.510797
2.4794626	1.5305302
2.4822443	1.5729612
2.4577048	1.5982157
2.4543343	1.5888004
2.5020103	1.5797385
2.4967344	1.5811657
2.4430306	1.5878496
2.500323	1.5686985
2.6502206	1.5392894
2.6390102	1.5658714
2.6303604	1.59203
2.6717339	1.564018
2.6846716	1.5372899
2.7335222	1.4905657
2.721347	1.4141061
2.695159	1.4271619
2.6260574	1.479611
2.6172073	1.4317616
2.5489957	1.3729192
2.2342465	1.5067309
2.1688848	1.5282582
2.2543054	1.4363389
1.9866092	1.5076265
1.814911	1.5531456
1.7545456	1.5537219
1.6688336	1.5586832
1.6828332	1.564162
1.6788943	1.5565294
1.5794784	1.5821141
1.548179	1.6050127
1.5812486	1.6432598
1.4651078	1.7291739
1.4211599	1.765604
1.4147573	1.7770705
1.4404143	1.7710447
1.3840258	1.963844
1.3886707	2.0260146
1.5011241	1.9687902
1.3718805	2.078986
1.3169416	2.1186821
1.3125665	2.1334648
1.2878361	1.9576868
1.4541861	1.8411225
1.7016914	1.775244
1.8509686	1.6092538
1.8862046	1.6243427
1.825348	1.7690574
1.7337204	1.6565174
1.5103945	1.5592757
1.5102967	1.4814668
1.6757851	1.2813323
1.7736956	1.3091668
1.8819135	1.3762965
1.8919746	1.4076533
1.9092823	1.3841468
1.9802514	1.3419112
2.0384963	1.2757142
2.0495698	1.2392168
2.0278041	1.3080486
2.1497765	1.2765671
2.2200203	1.2327217
2.3386414	1.1936648
2.4173734	1.2755793
2.432213	1.3351792
2.5106316	1.2172828
2.6075644	1.1229382
2.6736948	1.1454468
2.6540291	1.1419013
2.796206	1.2596419
2.9320421	1.1882818
2.9902325	0.99433607
3.0370197	1.0539306
2.969238	1.1993494
2.9268787	1.3190616
2.7988305	1.3520218
2.6736438	1.4397659
2.4721012	1.474456
2.301638	1.4885787
2.21667	1.4762851
2.1682894	1.4667672
2.1148431	1.4687552
2.0547576	1.4727546
2.0351388	1.4723654
2.0593393	1.4662845
2.0305958	1.4650306
2.0148501	1.466937
1.9842832	1.4852021
1.9363605	1.5034703
1.9459095	1.5282081
1.9579221	1.5693396
1.9269836	1.5840285
1.9187016	1.643858
1.9106321	1.7044252
1.866537	1.8212578
1.7885758	1.8854381
1.685503	1.9300714
1.4280218	1.9107239
1.1846431	1.8695871
1.0515184	1.8643136
0.9021108	1.7789453
0.92566377	1.6818955
0.98465025	1.65993
1.1295456	1.6528982
1.1930864	1.5846984
1.2771602	1.5442913
1.4054065	1.552172
1.3836377	1.5318923
1.3734308	1.4043146
1.2988036	1.360808
1.390327	1.3429781
1.5697651	1.3641793
1.5906353	1.3715192
1.5861238	1.3479295
1.6502291	1.3473839
1.6699558	1.3616709
1.6945958	1.3564844
1.7737331	1.3337672
1.7347318	1.2781554
1.7865391	1.2519808
1.9046569	1.2489303
2.0079064	1.2377474
2.2014167	1.2504514
2.2237291	1.2812651
2.2051961	1.2848101
2.2766032	1.1578093
2.3856807	1.1229153
2.4912956	1.098173
2.496007	1.1499759
2.5264738	1.2264159
2.6734116	1.2369764
2.7585723	1.1652737
2.7577977	1.107669
2.8324444	1.0964489
2.9534593	1.1163294
2.7878244	1.2556441
2.684634	1.3635199
2.8398094	1.3806576
2.7711499	1.4481974
2.6078062	1.4875636
2.5534437	1.454087
2.4480522	1.4259356
2.2729342	1.4465955
2.1268454	1.4594336
2.1037445	1.4636436
2.0795412	1.450284
2.072566	1.4440348
2.0098429	1.4484273
1.9689792	1.442923
1.937704	1.453918
1.9477764	1.45196
1.9769334	1.4465693
1.9395764	1.4551722
1.9013014	1.4635727
1.8656358	1.4708054
1.8318657	1.4859827
1.7906036	1.5066
1.7383745	1.5336373
1.6406137	1.5848004
1.6106629	1.6214643
1.5565171	1.6325872
1.4535834	1.6956972
1.2988558	1.7112771
1.1191126	1.7450225
0.98898894	1.8025174
0.9222915	1.703313
0.9909874	1.6314137
1.0737945	1.6146269
1.2444077	1.5536927
1.5049261	1.5109646
1.6728777	1.4816871
1.820007	1.4675957
1.9690586	1.5467936
2.0340312	1.5611331
2.0631356	1.5871221
2.0749884	1.6042414
2.0846224	1.5520008
2.143516	1.5452234
2.1294794	1.5494114
2.0988107	1.5720582
2.0561764	1.6210096
2.0502164	1.6335415
1.9234143	1.723464
1.9564737	1.6959479
1.9112444	1.678641
1.9300871	1.7250084
2.003586	1.7215059
2.0095522	1.8653442
2.093865	1.8157872
2.1376824	1.8793312
2.2793756	1.9476281
2.284119	1.8499427
2.2962515	1.8332328
2.4363434	1.6849986
2.3951266	1.6876082
2.3381858	1.7773727
2.328923	1.7717756
2.305777	1.733225
2.2933893	1.6592448
2.2012126	1.6960768
2.0583827	1.7233397
2.0365715	1.6427461
1.9316187	1.5778075
1.8269674	1.5220989
1.9268671	1.5416007
2.0094454	1.5060723
2.0634363	1.5001663
2.206539	1.5362803
2.222157	1.6005713
2.3372333	1.6172267
2.460129	1.571193
2.3844411	1.6483811
2.4476361	1.6903147
2.52257	1.5565695
2.4218652	1.7428639
2.8227344	1.5698115
2.640401	1.6797104
2.2319293	1.5935591
2.2706199	1.3553435
2.1511762	1.3173317
2.2269607	1.2842019
2.206429	1.2509257
2.1522868	1.2654877
2.097591	1.2992908
2.12123	1.266492
2.0148628	1.3526108
1.933881	1.3606658
2.006985	1.2752364
2.1041718	1.2850329
2.180491	1.2566636
1.9530672	1.2705982
1.8957345	1.2902565
2.0106113	1.2635136
1.993866	1.1916815
1.5669056	1.3686451
1.3756243	1.607153
1.4412585	1.5108663
1.3072232	1.4119236
1.281601	1.4246026
1.2020165	1.5477068
1.0469497	1.5998403
1.1617663	1.6597633
1.2755333	1.696557
1.1945201	1.6598977
1.1444069	1.658174
1.1620994	1.6939139
1.3742272	1.6637301
1.2819166	1.565964
1.181284	1.5136205
1.4511344	1.5051293
1.4807707	1.5196965
1.4277194	1.5026332
1.5264872	1.4296492
1.7973609	1.3897599
1.8518459	1.384449
1.8738993	1.4160337
1.9110454	1.4649626
1.9570131	1.4256027
1.9381738	1.3926387
1.9594419	1.4398296
2.0018635	1.4592679
1.9858762	1.4574817
2.0268974	1.4839566
2.0514562	1.4746507
2.0907137	1.4460559
2.1171052	1.4612212
2.1548207	1.4538957
2.191767	1.3841567
2.176928	1.3476659
2.1788833	1.3460605
2.0158784	1.1886157
1.7275829	1.1099485
1.6988997	1.0251567
1.6799203	0.9436285
1.5191447	1.0060095
1.602807	0.9854188
1.6328155	1.0091112
1.8202691	1.0027722
1.9076363	1.0331062
1.8824579	1.1729784
1.9417775	1.2014499
2.0977652	1.2854989
2.2200198	1.1901848
2.2654614	1.327523
2.2431066	1.315818
2.215446	1.3940545
2.1915	1.4466928
2.2080798	1.4058592
2.269324	1.4566699
2.276855	1.4849166
2.3053658	1.4806343
2.2410104	1.5334849
2.3037682	1.5472252
2.452594	1.5275079
2.3510394	1.5559002
2.330714	1.5960636
2.2890666	1.6206865
2.1127923	1.7210968
2.1869109	1.7150172
2.2722394	1.6268007
2.1703174	1.6820089
2.1339607	1.7491697
2.039002	1.9143286
2.087494	1.8843111
2.029767	1.8182447
2.2605271	1.8565301
2.4078796	1.9254411
2.4180205	2.00267
2.4115949	2.0474262
2.3276715	2.0384204
2.4309628	1.8636949
2.3699305	1.8205323
2.2991014	1.8286939
2.1929083	1.7234288
1.9699001	1.7845355
2.0029519	1.709791
1.975405	1.5728709
2.0003023	1.6746976
1.9596424	1.633007
1.935498	1.6346043
1.9802282	1.6398344
1.9643435	1.5918539
1.9365379	1.5441335
1.8641078	1.464155
1.8613951	1.4018095
1.842323	1.3577298
1.839704	1.4017986
1.9001304	1.1863312
1.9801205	1.0129597
1.9752662	1.1127578
1.9293493	1.0855488
2.050588	0.92609304
2.0955496	0.94024265
1.8700547	0.95192194
1.9779724	1.0114208
2.1743193	1.1444588
2.1878123	1.1343695
2.2027946	1.3649521
2.0488887	1.4015908
2.047896	1.3939472
2.016805	1.4314526
1.8101746	1.4808381
1.5850736	1.544138
1.598206	1.5367587
1.6783041	1.4968473
1.7392449	1.476979
1.6958354	1.4946203
1.5390941	1.5165778
1.4550036	1.5458455
1.4738669	1.6065123
1.4894482	1.598173
1.6641884	1.5714085
1.840666	1.6007311
1.9364133	1.6408548
2.0882618	1.7231807
2.1005344	1.8031552
2.1552787	1.8589113
2.207259	1.9832002
2.2453206	1.984621
2.5251658	1.9480855
2.6248753	2.046084
2.5668013	1.9797399
2.4326785	1.9093094
2.3071125	1.9312601
2.2511034	1.7725784
2.1916783	1.6915756
2.1642733	1.5612434
2.034413	1.4569783
2.0080183	1.4888763
2.1713283	1.3387151
2.106634	1.3204907
2.0269694	1.3303791
1.9677794	1.3552674
1.9981602	1.3471448
1.9687005	1.3256645
2.0110178	1.3475009
2.0382807	1.3088124
1.8912427	1.3323146
1.8451761	1.3348812
1.7772431	1.29391
1.6337914	1.2185209
1.6169317	1.2058737
1.5366728	1.2524422
1.3493814	1.1982437
1.4663637	1.0572641
1.6778616	0.9370755
1.4734029	1.0357227
1.3908757	1.1285859
1.6547532	0.92424923
1.6036451	0.96979934
1.7851151	1.0263556
1.902746	1.0380449
1.6624514	1.3002586
1.6721537	1.3119086
1.6911532	1.5276582
1.6910372	1.4702278
1.6349118	1.4555808
1.5879807	1.4731189
1.6486158	1.5377998
1.7256114	1.4887171
1.6704156	1.4912747
1.5954684	1.5345985
1.6086426	1.5354731
1.6296523	1.5240904
1.5772104	1.5235267
1.5743005	1.5354574
1.593696	1.5458236
1.5616577	1.5667336
1.6105257	1.5653098
1.7127568	1.5122145
1.7690538	1.5492857
1.7233449	1.6518141
1.7789854	1.6571379
1.9129901	1.739899
2.0537822	1.868285
2.2746232	1.9855603
2.4977562	1.8994265
2.511794	2.0828993
2.3741837	2.19128
2.3178043	2.0791485
2.3284469	2.0601869
2.3447983	1.9203548
2.2536364	1.8136631
2.2791865	1.4977926
2.1877053	1.4996029
2.1081874	1.7310681
2.1602783	1.4528805
2.1317677	1.3754674
2.0088606	1.4464875
1.9419152	1.4260577
1.9673661	1.3754182
1.9494408	1.3833531
2.0215318	1.3300196
1.8952562	1.3340089
1.8463498	1.4037253
1.9215314	1.4388903
1.7063379	1.4236231
1.539391	1.5359181
1.5901915	1.6088285
1.6155736	1.6250693
1.4013499	1.6737565
1.3692294	1.7043043
1.5104809	1.7530808
1.4159701	1.8116567
1.440729	1.8365086
1.4311007	1.8383963
1.331859	1.8318539
1.3703952	1.8345633
1.4388912	1.8404161
1.3305836	1.8214663
1.176435	1.789257
1.2181958	1.7461326
1.185892	1.7091205
1.074059	1.6235055
1.083906	1.5502893
1.1802224	1.4647511
1.2568525	1.3605988
1.3974942	1.2923621
1.6056101	1.3031746
1.712835	1.372954
1.7913927	1.4145004
1.865759	1.4058468
1.8917204	1.4226813
1.8916264	1.4292659
1.8821657	1.4111587
1.9770936	1.3801031
2.0918944	1.327459
2.159672	1.2835529
2.136999	1.3930469
2.0814986	1.4106174
2.1997168	1.3455403
2.3390825	1.2406124
2.3665564	1.1482806
2.2787688	1.0478948
2.2467606	1.0619037
2.2409258	0.9962955
2.2998624	0.88404167
2.4905884	0.97002953
2.675349	1.0521482
2.7849948	1.026651
2.9750566	1.196071
3.132062	1.2042769
3.0714476	1.1012741
2.9638891	1.2519782
2.915452	1.4085138
2.7981186	1.4143834
2.609461	1.4490974
2.3685443	1.4897238
2.216724	1.4954365
2.174735	1.4816389
2.129596	1.4739637
2.076828	1.4683962
2.0297856	1.4719155
1.9794071	1.4792491
2.002851	1.4760195
2.0388465	1.4649253
1.9676136	1.4808698
1.9621506	1.490451
2.0507538	1.4859372
2.0513656	1.5298907
2.016433	1.5905386
2.0643382	1.6198816
2.14951	1.6318471
2.2601893	1.6974766
2.2966254	1.7868475
2.340914	1.9028704
2.3272698	2.0220594
2.2435205	2.0511248
2.2537515	1.9599823
2.13596	1.8379804
1.9743602	1.8887645
1.9405082	1.7266504
1.8675718	1.609539
1.8240988	1.6649594
2.0099695	1.3323183
2.221285	1.1413691
2.0296695	1.2812679
1.9381827	1.458479
1.872118	1.4857985
1.819749	1.4407508
1.9401451	1.4305553
1.9192531	1.4185215
1.7757064	1.408513
1.6626035	1.5076674
1.6311692	1.5833613
1.6044066	1.5790637
1.5800252	1.6172723
1.5944135	1.6379492
1.5204253	1.7164454
1.4657855	1.7364639
1.5064126	1.75125
1.548095	1.7880744
1.4874023	1.8335971
1.5340514	1.8504531
1.6186006	1.8819426
1.605913	1.8777097
1.751369	1.8724072
1.7060964	1.8390763
1.742403	1.8306277
1.874163	1.8427975
1.9569595	1.8509781
1.933372	1.836327
1.7685273	1.7970178
1.861329	1.738779
1.875763	1.6764213
1.787505	1.4476733
1.5416907	1.2271315
1.160413	1.4484881
1.1654875	1.2523409
1.3250576	0.9806623
1.5135951	0.9002091
1.579032	0.8936616
1.3801912	1.0006882
1.346957	1.0737796
1.695657	1.1726927
2.0789154	1.1221488
2.1993704	1.3404112
2.42121	1.3074021
2.5392308	1.3593372
2.5010984	1.4786669
2.529786	1.5017052
2.6089797	1.4898618
2.6268365	1.484297
2.5479443	1.5335872
2.4518685	1.5761875
2.5086117	1.5462005
2.5026743	1.5429252
2.46965	1.5585939
2.4292383	1.6103061
2.3333352	1.7006
2.3797417	1.6937768
2.4267528	1.6793649
2.3332558	1.7823528
2.2771769	1.9288939
2.1437624	2.0190532
1.9281924	2.1300933
2.1615772	2.0587962
2.1760972	1.9750774
2.341603	1.9696515
