1.4645152	1.1124295
1.5340221	1.1204826
1.3404104	1.2130034
1.3353376	1.2817353
1.1712924	1.9965135
1.2036678	1.9764638
1.463599	2.0024254
1.5310053	1.9812143
1.3374366	1.969018
1.0973332	1.9710436
1.0565652	1.9782531
1.0012736	1.9938127
1.0740478	1.9985733
1.1451572	1.9986123
1.2749656	2.016351
1.6170708	1.987605
1.3534772	2.0290813
1.421316	2.027039
1.4219077	2.0199034
1.5286857	1.972479
1.4037179	1.9773414
1.0919061	2.0429392
1.0103332	2.0555134
1.0008634	2.028357
1.0197487	2.0055833
1.0286335	1.9884416
1.0772643	1.9462739
1.116027	1.967801
1.1617883	1.9779845
1.1744753	1.9557962
1.1813546	1.9463642
1.2465734	1.9575908
1.2534069	1.9698153
1.2639366	1.9533412
1.3644353	1.9186577
1.6581172	1.8301841
2.062958	1.4471222
1.6271015	1.6786892
1.3028749	1.9514793
1.923091	1.8759748
2.4411788	1.7874162
2.6387324	1.4924837
2.7939222	1.079802
2.9699943	1.005756
3.0032825	1.0047445
2.8502572	0.9578889
2.9193292	0.9681767
3.1211019	1.1419373
3.107325	1.0785192
3.0870605	1.0963376
3.0650969	1.5252103
3.1165903	1.281191
3.2027807	1.129626
3.1439216	1.0788522
3.0364895	1.3950701
3.0931125	1.0875398
3.0557895	1.0253209
2.9967468	1.0631588
3.0214078	1.048029
2.941164	1.116786
2.7392077	1.2019521
2.7383783	1.2329193
2.7241986	1.133956
2.70254	1.145611
2.7772536	1.2044207
2.8361523	1.2400151
2.4937806	1.4530777
2.5031192	1.9401648
2.851026	2.0055015
2.57794	1.9915087
2.502986	1.9837776
2.2481215	1.9745815
2.0855782	1.9700246
2.348604	1.9693706
2.2922444	1.9605477
2.0833745	1.9589106
2.0496652	1.9507443
2.1097252	1.9583654
1.9855965	1.992262
1.8806168	2.0098367
1.8646461	2.0063593
1.9288464	1.9973061
2.1371467	1.9315087
2.2037506	1.9334211
1.9051595	1.9905946
1.9384133	1.9752693
2.072792	1.9644876
1.850017	1.9848032
1.8478484	1.9804516
1.825772	1.971165
1.9246993	1.9607775
1.8613132	1.9681633
1.5404899	2.0249825
1.3187335	2.0665324
1.2064434	2.079822
1.0984323	2.0798898
0.9878267	2.056701
0.958649	2.0255506
0.9454093	2.022543
0.90380967	2.0149853
0.9347378	2.0092485
0.9543584	2.0101628
0.94220704	1.976963
0.9622356	1.9438294
1.0617607	1.9319109
1.1211885	1.9522413
1.0994565	1.9758809
1.0938166	1.9898633
1.1211828	1.9900857
1.2058902	1.965311
1.2517476	1.9505372
1.2246566	1.9388673
1.1869048	1.93544
1.1707054	1.9507264
1.2260351	1.9591836
1.4604241	1.9199705
1.7202095	1.8894986
1.9666544	1.9024315
2.1694474	1.9487613
2.2235518	1.993977
2.3216832	2.0213206
2.6132164	2.025103
2.5806584	2.0223672
2.3952658	2.0322163
2.6427782	2.0425694
2.7824323	2.036119
2.8679287	2.0310204
3.012108	1.9711137
3.0470097	1.9945434
3.0589397	1.9519322
3.0843024	2.0051382
3.0818949	2.0230758
3.032178	1.988104
2.9177988	1.9519607
2.8389347	1.8922845
2.8225393	1.9377764
2.7745385	1.9384074
2.6660213	1.8984128
2.7404594	1.9503279
2.676145	1.9369427
2.72773	1.9460906
2.7248096	1.9362395
2.5878937	1.8351225
2.6289654	1.939653
2.3008966	1.8847365
2.0716326	1.8064649
2.1881363	1.9168193
1.9010783	1.9488165
1.6329125	1.974413
1.4552281	2.0032997
1.35121	1.9994823
1.385985	2.013744
1.2925043	2.024203
1.2482989	2.048591
1.1943085	2.0667238
1.0885636	2.0747576
1.0152274	2.0775373
0.95663184	2.0722454
0.93249124	2.0617201
0.9204366	2.0336578
0.8919193	1.9781672
0.8785525	1.9288275
0.9535417	1.9487954
1.0183862	1.958661
1.0603508	1.9719806
1.0632427	1.9834429
1.0581806	1.9859425
1.0786182	1.9954923
1.117077	1.985834
1.0874634	1.9816225
1.0957114	1.9930426
1.186479	1.9800974
1.2210774	1.9642627
1.3982787	1.9375947
1.7973244	1.9354945
2.0682123	1.9779851
2.1141837	1.9878225
2.0709631	2.0124614
2.024125	2.017522
2.1235435	2.014068
2.2685251	2.0294542
2.2001123	2.019074
2.1301014	2.0068235
1.9800861	1.9997324
1.8393126	1.9955862
1.7403486	1.9999244
1.8142959	1.9841139
1.8711302	1.9923888
1.7122144	2.00641
1.6849498	2.0041873
1.7519293	1.9871124
1.7724003	1.9800742
1.6251336	2.0251675
2.747969	1.0812469
2.5900962	1.0069351
1.0949475	1.9152995
0.9877801	2.0197809
1.6663033	0.9863005
2.035806	0.98515433
2.0358233	0.99151105
2.5117822	0.97486186
2.4827654	0.9724821
2.3917408	0.9683866
2.2591875	0.97136426
1.9615974	1.0250297
1.8759376	0.984721
1.8170657	1.009476
1.959213	0.9913281
1.8181129	1.0153761
1.7225186	1.0298811
1.6834227	1.0424134
1.8528422	1.0118378
1.9162314	1.0156455
1.9576051	1.0714916
2.014193	1.0935123
2.0145445	1.0378873
2.1723125	1.0339106
1.9575492	1.1460805
1.6468358	1.1959772
1.5863158	1.2107941
1.3529296	1.0815192
0.7855076	1.6663389
0.98714566	1.1630014
1.0239599	1.0051736
1.0205743	0.9694918
1.0038711	0.95207435
1.0421073	0.941535
1.0891697	0.9730562
1.081116	0.9688878
1.090568	1.1081599
1.163406	1.6887798
1.3285214	1.5724888
1.4529083	1.5479457
1.4935538	1.2460202
1.359178	1.1054364
1.3220115	1.0924177
1.3732066	1.0838735
1.4131727	1.1610451
1.3331141	1.5908242
1.065673	1.9911826
0.8735986	1.9581664
0.977936	1.9555937
0.9570112	1.9631736
0.893618	1.965166
0.8108157	1.9546303
0.8047491	1.9549346
0.87333685	1.9907029
0.86877215	1.9961715
0.8531564	2.0066106
0.90805596	2.0261023
1.0957819	2.0090804
1.2764369	2.0081408
1.3179648	1.9911524
1.2576431	1.9719108
1.1168559	2.011846
1.2255346	1.9924057
1.371181	1.9502227
1.1717664	1.9947704
1.1907647	1.9837636
1.4025958	1.9064788
1.5927761	1.8544697
1.7631972	1.8531711
1.5461547	1.9369296
1.7345732	1.9385957
2.231414	1.9169176
2.1638913	1.942925
2.3202271	1.9757485
2.178921	2.000076
2.291629	1.9839325
2.3238122	1.9740413
2.2608078	1.9817692
2.500727	1.947164
2.0264843	1.9588383
1.9139792	1.9797302
2.2157898	1.9619919
2.042734	1.931067
1.749496	1.9786063
1.8809816	1.9727982
2.1012828	1.92083
1.8990674	1.9262431
1.8110603	1.9655644
1.4228466	2.0410142
1.3278631	2.0572283
1.3280979	2.0541956
1.1431345	2.0619829
1.0373987	2.057811
0.9796938	2.0379813
0.9727286	2.052658
0.9428845	2.0428545
0.8652335	1.9665995
0.9251914	1.9957976
0.9041996	1.9773797
0.9074012	1.946012
0.91559553	1.9565835
0.8931916	1.9640725
0.8683556	1.9344467
0.94265175	1.9156404
1.0148909	1.9499749
1.0395907	1.964824
1.0227805	1.9624461
1.03505	1.9787114
1.0636837	1.9734559
1.1550689	1.9399145
1.2927268	1.9292998
1.5380337	1.9121178
1.5905923	1.9432471
1.8647258	1.9619862
2.1116817	1.98138
2.178251	1.9998294
2.203704	1.9984046
2.1099272	1.9959819
2.0916698	2.0028658
2.0973191	1.9984599
2.0708628	1.998107
2.2983239	1.978663
2.476589	1.9580518
2.2228582	1.984621
2.212496	1.9719254
2.1710722	1.9683079
2.1295645	1.9727565
2.16199	1.9611142
2.0720158	1.9609601
2.0306473	1.9743363
1.987969	1.9870403
2.110931	1.9703416
2.0367115	1.9584004
2.103322	1.9634305
2.322528	1.7395663
1.5836368	1.9027679
1.2865454	1.6222581
1.1951145	1.0395191
1.1200396	1.0003004
1.0797423	1.0003282
1.2489222	1.0084422
1.1372312	1.0002384
0.9937834	0.97029257
1.2789861	0.9867227
1.1560477	1.0151771
0.9332637	1.0573018
0.8620194	1.0419548
0.970367	0.9900158
0.98975587	0.9956897
1.1078439	1.0083219
1.2401061	1.0295558
1.5774003	0.9849647
1.7294788	0.9803377
1.6238687	1.0405594
1.6349479	1.1020217
1.6861275	1.0998822
1.5271076	1.0731564
1.3785923	1.1041644
1.5610393	1.1277062
1.4875679	1.0807565
1.5962652	0.9858154
1.9386028	0.911069
2.1378844	0.91596043
2.5629852	0.96216375
2.7037473	0.98199314
2.5976188	0.9220924
2.6139157	0.91936046
2.6342943	0.93038625
2.6721463	0.93876016
2.6867409	0.95213956
2.8545315	1.0071335
3.0443954	1.1195328
3.0204227	1.1267875
2.981156	1.0605801
3.0441167	1.1126333
3.0233936	1.1451111
2.9751215	1.0794243
2.97538	1.1093982
2.9161646	1.3016751
2.7793505	1.4852607
2.747447	1.5357465
2.7937634	1.6260703
2.7280238	1.2175968
2.5121334	1.2187698
2.5035143	1.306099
2.4119816	1.1989454
1.9462162	1.369485
1.6622211	1.626706
1.9285218	1.1724808
1.4153724	1.1891048
1.5039599	1.0405753
1.6534991	0.9764434
1.6143383	0.9744046
1.7427677	0.9289878
1.621632	0.96209043
1.4853694	1.0159179
1.3665668	1.0746462
1.2926596	1.3191835
1.7063556	1.6511716
1.9075117	1.8601793
2.0632892	1.5309556
2.0573573	1.2057127
2.1390042	1.2613657
1.9653702	1.398572
2.1603386	1.4513397
1.9106835	1.7154245
1.5777155	1.9998021
2.1401076	2.0078263
2.167915	1.9987756
2.0004916	1.9870831
2.358677	1.9820743
2.3269186	1.977517
1.9117575	1.962025
1.9414587	1.9821682
1.874538	2.0056584
1.9659925	2.003979
1.9970343	2.007873
2.001695	2.0063515
1.9542512	2.0094407
1.830614	2.0120733
2.1046371	1.9868865
2.7997339	2.0092106
2.5003374	1.9943265
2.3996928	1.9759557
2.0915596	1.9689666
1.7213781	2.0240288
1.5844002	2.034389
1.7079824	2.0188322
2.1545522	1.9765975
2.1449487	1.9468545
1.8322119	1.9780204
2.2658818	1.9639928
2.652351	1.9901623
2.7996485	2.0194142
2.6947024	2.012653
2.8500721	2.0197868
2.9426596	2.0335846
3.0110664	2.0230033
3.0634527	2.010898
3.0238092	2.0193582
3.0217316	2.0092976
3.0465283	2.0020366
3.0130484	1.9945551
2.9510257	2.004198
2.970716	2.002016
2.953704	1.9847252
2.8186026	1.9700153
2.7600136	1.969684
2.7230358	1.9454193
2.796127	1.9421763
2.7270975	1.9378297
2.426515	1.8629282
2.5558927	1.9204429
2.8099167	1.9783475
2.6192527	1.9635649
2.25848	1.8915777
2.1952846	1.8781508
2.0982637	1.862027
2.0958457	1.8897462
1.5848407	1.9952866
1.7625207	1.945757
2.1086235	1.8982524
1.6851647	1.9684894
1.5593786	1.9946293
1.62517	1.9823087
1.8600277	1.9437983
1.6850444	1.9783174
1.8816193	1.9812999
1.9681853	1.9809572
1.6730133	1.9974077
1.7327836	1.9914563
1.9689777	1.9661121
1.9502683	1.956745
1.8464116	1.9655449
1.9116012	1.9685864
1.9141995	1.9570155
1.8851418	1.8796273
2.055447	1.7590768
2.044719	1.9022452
2.1728058	1.8275639
2.4627426	1.4771924
2.656435	1.1353118
2.7654397	1.1245377
2.5641277	1.1104071
2.7445521	1.0501244
2.8882241	1.019147
2.9755356	1.053403
3.102386	1.1013008
3.100595	1.1039735
3.0541527	1.087354
3.1607978	1.1271236
3.181075	1.1272601
3.1264277	1.0681475
3.0207176	1.0276184
3.019928	1.0080715
3.0049968	0.9990995
2.9536788	1.0013087
2.9165387	0.9999065
2.8927433	1.0033189
2.8646464	1.0006257
2.8552592	1.002676
2.6956239	1.0504191
2.5031793	1.0946088
2.552786	1.1179235
2.5582416	1.1427522
2.4507194	1.1969966
2.4285278	1.2095711
2.2109995	1.183686
2.044816	1.1292658
1.830262	1.0324148
1.7969283	0.96606475
1.7652476	0.9777519
1.6451399	1.0111846
1.7117937	0.9731838
1.6556308	0.98959863
1.5852098	1.0219785
1.5309006	1.007325
1.2414263	1.1215541
1.1735651	1.062835
1.1733804	0.9684236
1.0570754	0.96334755
0.9438141	0.99940926
0.9757133	0.96984583
1.0055178	0.94697696
1.0239474	0.9574632
1.06097	0.9771141
1.095266	0.9959623
1.1733779	1.04407
1.2235031	1.2379385
1.3263503	1.4949827
1.390194	1.385904
1.3770149	1.233678
1.3766471	1.1778587
1.2911553	1.1560223
1.3188881	1.1242472
1.5759543	1.1121264
1.7359807	1.1008351
2.0453594	1.1551979
2.458405	1.2758024
2.5077174	1.1055919
2.5873568	1.0644327
2.7480211	1.1209525
2.7402234	1.0997347
2.685385	0.9900626
2.734617	0.9673132
2.7802048	1.025118
2.8538742	1.068019
2.985453	1.1054795
3.017147	1.1057959
3.0298455	1.0983189
3.0276945	1.0900018
3.0329378	1.0837622
3.0539238	1.1701524
3.0369232	1.0453631
2.9756527	1.0232282
2.8664176	1.0746144
2.8879042	1.0532477
2.8335705	1.0753485
2.6021013	1.0996075
2.5659237	1.0663419
2.6665444	1.0857732
2.5436752	1.1205088
2.5800629	1.1842513
2.5544603	1.4167693
2.6231682	1.7279094
2.9908097	1.9790556
3.0801775	1.9962575
3.070282	2.0135012
3.0077918	2.0118418
3.0967538	2.0083485
2.9681616	1.9962116
2.9545474	1.9955888
3.111947	2.0081964
3.024502	2.0065777
2.9284074	1.9984127
2.915985	1.9999927
2.8881183	1.9916439
2.9298584	1.9913305
2.9230843	1.9848351
2.7124693	1.9630438
2.7718675	1.971941
2.8230648	1.9881071
2.7051818	1.9838763
2.7959054	1.9941213
2.8545113	2.0072212
2.592373	1.9468223
2.5327926	1.9264
2.815158	1.9928029
2.697788	1.9585438
2.6016068	1.9178302
2.7157264	1.9539222
2.597599	1.2964448
2.059441	1.4031348
1.5471481	1.4144485
1.5185201	1.0551857
1.4439205	1.023001
1.2986434	0.9931528
1.3366857	0.98173946
1.1057613	1.0072902
1.1376232	0.9964095
1.5865891	0.96503645
1.5088748	0.96467423
1.1715463	0.98818964
1.1799341	0.9867065
1.0867641	0.97948396
1.1210927	0.9572221
1.0818486	0.96451986
1.0755074	0.9667836
1.0687919	0.9805102
1.0804311	0.97646713
1.1090459	0.98609334
1.0943731	0.9878777
1.083001	0.9864879
1.1999992	1.0171766
1.34226	1.0081929
1.4848328	1.0202185
1.4791731	1.0596125
1.4530638	1.0451825
1.6299157	1.0225538
1.6230301	1.0293121
1.4410331	1.0452926
1.5908567	1.0146841
2.1656592	0.9521952
2.3313386	1.0316195
2.5780623	1.2851644
2.6268647	1.1741705
2.6369271	1.132834
2.5984693	1.0194361
2.387225	0.9243316
2.4482155	0.9398594
2.5786617	1.0088158
2.5056493	0.9396387
2.3160388	0.8858015
2.3145137	0.9957024
2.5213253	1.0543913
2.3498023	0.91261965
2.262394	0.98642737
2.149778	1.1329579
2.00664	1.1196856
1.8466831	1.1102967
1.8749974	1.1489851
1.8778381	1.117226
1.6782608	1.1367425
1.5548911	1.2698021
1.4083573	1.7597624
1.183429	1.9926194
1.0544225	1.9638382
0.8982353	1.9079397
0.8376182	1.858166
1.047095	1.9637934
1.0590389	1.9659035
1.0571277	1.9629734
0.99629825	1.9652833
0.95468295	1.9746847
0.92678094	1.9930063
0.85510415	2.0170603
0.92610943	2.032611
1.0077581	2.026705
1.137419	1.992338
1.1517345	2.004648
1.0809803	2.0470197
1.0447164	2.0369732
0.9889404	2.0293372
0.9928904	2.0053487
1.0369378	1.8343952
1.1243126	1.8570399
1.200853	1.9057193
1.1852163	1.9306027
1.2288612	1.9042892
1.369121	1.8345287
1.540061	1.6533729
1.6097212	1.4474989
1.534678	1.7172316
1.9308221	1.4696589
2.1645935	1.2249488
2.4565077	1.1028396
2.7593296	1.1802186
2.8394654	1.2998228
2.8367002	1.0289545
2.8729887	0.9762649
2.9385934	0.9751991
2.937344	0.9745568
3.0679626	1.0115883
3.0807145	1.0055488
3.0560462	0.9987635
3.1045558	1.1340559
3.1735792	1.2450783
3.1134136	1.1100581
3.089767	1.0030838
3.0798535	0.9889226
3.0488503	0.9827034
2.9986053	0.9898709
2.958628	0.9959376
2.926814	0.9914553
2.866258	1.021511
2.721561	1.0566223
2.6617498	1.0711052
2.7682903	1.0799257
2.7080665	1.0627556
2.6407695	1.0757576
2.4243407	1.2318169
2.1010563	1.3351979
1.9683751	1.6769694
2.1795154	1.9930981
1.6084388	1.7945482
1.5073657	1.9205014
1.7920117	1.9975744
1.7833802	1.9968435
1.6696942	1.9973418
1.6355726	1.9941313
1.265552	1.9856569
1.1127304	1.9792234
1.1622634	1.9802098
1.1324396	1.9837329
1.0447807	2.0202906
0.95012105	2.03207
0.93463486	2.0225382
0.9296411	2.006606
0.9349449	1.9910369
0.95680606	1.993356
0.9446372	1.986881
0.9227638	1.9328096
0.86566263	1.8997422
0.87725323	1.8715862
0.9648126	1.8707129
0.9788929	1.877638
0.9719093	1.8564079
1.0209275	1.8475065
1.0384763	1.8626529
1.0594512	1.8587066
1.1450725	1.8059448
1.0995344	1.6786125
1.1817576	1.5140669
1.4290036	1.3791207
1.686584	1.2426872
2.266287	1.1970198
2.3744304	1.2397337
2.2875044	1.2456205
2.3244464	1.0666089
2.5803578	1.0098511
2.7105327	0.98223114
2.7496202	0.9870568
2.8208623	0.9965075
2.9513094	0.9845346
2.9662147	0.97209966
2.9664965	0.9659092
2.9763007	0.965443
3.0523279	1.0260564
3.080426	1.1610744
3.0387406	1.1056339
3.053965	1.0508845
3.0618691	1.0358164
3.0516996	0.9971678
3.0525513	0.97249556
3.0371077	0.9631122
2.9972858	0.9696151
2.9140885	1.016108
2.8746417	1.0631294
2.8865647	1.0245261
2.8919735	1.0016019
2.766504	1.0294936
2.7053704	1.0076424
2.5104067	1.0505728
2.5872705	1.115572
2.7196577	1.0612552
2.5127902	1.0923103
2.3061082	1.1051
2.144354	1.0585873
1.9801584	1.058553
1.7738805	1.1024945
1.5595465	1.1523501
1.1381799	1.5091025
1.0941901	1.5677173
1.5396976	1.0335842
1.3176272	1.1938341
1.3696783	1.1032724
1.3184494	1.0939882
0.9381623	1.3735967
1.0625038	1.0429134
1.0172223	0.9890365
0.97026134	0.98791754
0.99634206	0.962192
1.0122079	0.97143704
1.03831	0.9706425
1.0695292	0.98871803
1.1457379	1.097444
1.2047511	1.1418772
1.3082178	1.2787014
1.351989	1.3342884
1.2877322	1.159803
1.3862146	1.1592016
1.342526	1.1557566
1.3166232	1.2106894
1.3106024	1.4217477
1.3308766	1.576039
1.2931478	2.0180972
1.3186371	2.007941
1.3144134	2.0043151
1.5757164	2.0222154
1.9339037	2.0255632
1.985187	1.99587
2.1320019	2.0086951
2.0724678	2.000964
2.245989	2.0136304
2.144756	2.0178537
2.0294828	2.0071626
2.47619	1.9726464
2.2789376	1.9754952
2.008345	1.9990888
2.0239658	2.0068142
2.1018236	2.0039968
2.3066838	1.9955212
2.1813288	1.9903373
1.988418	1.989821
2.1101463	1.9593351
1.9625432	1.9102774
1.7576911	1.8113587
1.9366337	1.8499216
2.1267712	1.7770451
2.2789006	1.7570164
2.5481296	1.9086308
2.532009	1.9727011
2.7508519	2.0053196
2.9285557	1.9770129
2.893534	2.0227215
2.942824	2.0322824
3.0467641	1.9956038
2.9467926	2.0333614
3.084846	2.0250096
3.0755267	2.0351114
2.9241366	2.0207248
2.9184084	1.9595575
2.836209	1.9547081
2.8576257	1.9466523
2.811568	1.9214046
2.798863	1.933764
2.8193376	1.9554317
2.7811196	1.9296409
2.8143451	1.9646454
2.7286565	1.9510146
2.6587977	1.8937854
2.8055217	1.9471496
2.834144	1.9417801
2.564941	1.8322816
2.499797	1.8232797
2.6423988	1.8672609
2.6824133	1.4349571
1.8903186	1.6343223
1.9524456	1.9428353
1.8573806	1.8956294
1.3678288	1.2731568
1.3254367	1.2383169
1.2269303	1.7338231
1.0908113	1.895919
1.2242115	1.9772896
1.2983735	2.0090795
1.131095	2.0029757
1.0594009	2.0308285
1.0380905	2.0673008
1.027276	2.0629148
0.94117326	2.0354376
0.8963696	2.0186408
0.9810293	2.0095465
0.99281806	2.0176628
0.98021	2.0166354
1.0015405	1.985084
1.1282588	1.9346495
1.1662506	1.9264892
1.1555781	1.9497988
1.1475084	1.9758679
1.2240021	1.9423512
1.225266	1.923545
1.206737	1.9541146
1.231464	1.9594046
1.2120942	1.9627025
1.2322662	1.9724087
1.2738367	1.9620509
1.3705224	1.9307667
1.3998314	1.9340962
1.493461	1.9134374
1.7292013	1.8199196
1.7796669	1.7508924
1.8010381	1.7409594
1.4607594	1.1708685
1.0511479	1.0396494
1.0766256	1.0170959
1.2853366	1.0261548
1.0373558	1.0117078
1.0630593	1.0611947
1.0391488	1.0727463
1.0700331	1.0930492
1.1493217	1.0788845
1.1193515	1.0431714
1.1897371	1.0451523
1.3032511	1.036174
1.2908498	1.0255347
1.4769083	1.0152578
1.311965	1.025229
1.348116	1.0428958
1.2940441	1.0520668
1.22893	1.0286167
1.3281943	1.0356956
1.3015683	1.0367663
1.3099595	1.0300554
1.2428367	1.0404764
1.3489486	1.0716997
1.6865159	1.0211613
1.4474119	1.0800809
1.5362093	1.2081681
1.5176991	1.3223512
1.30922	2.020317
1.7471583	2.039915
1.8726563	1.616493
1.8016092	2.0079114
2.0224009	2.0302985
1.9484668	1.9879237
2.0612803	1.997527
1.9011977	1.9956542
2.363636	2.0229197
2.5197005	2.0408409
2.4037747	2.033619
2.2155635	2.0423758
1.888991	2.022535
2.0590417	2.0230448
2.0798495	2.0179465
2.1230118	2.011128
2.2003112	1.9930212
1.9262079	1.997871
2.0521398	1.9765391
2.1851199	1.868104
2.1465943	1.9564946
2.0892084	1.9326185
2.0829887	1.9239038
2.1271644	1.9334385
2.1588233	1.8757505
2.0942688	1.7658827
1.9671277	1.3664045
1.8784665	1.1840326
1.7480439	1.1352301
1.7630342	1.2904388
1.7660499	1.0613805
2.1297352	1.0045513
1.9818207	1.0400813
1.875279	1.0273185
2.2645864	0.9826706
2.3050764	0.9780393
1.8301195	0.96609616
1.949513	0.9958675
1.8772763	0.9856082
1.9726678	0.9901135
2.1517527	0.9661782
2.0772073	0.9911599
2.1451116	0.98932314
2.261165	0.9616141
2.100865	0.9980897
1.8239026	1.0382805
1.8482871	1.0459054
2.0275784	1.0089275
2.1810906	0.9834366
2.194304	1.0059204
1.9048979	1.0479356
1.7047193	1.0861427
1.500889	2.0187364
1.4306607	1.7669523
1.927096	1.2911981
2.702437	1.9492482
2.9492848	2.0331852
2.9754794	2.0410984
2.9062517	2.0249627
2.924669	2.0128698
2.8922448	1.9967363
2.9493892	1.9979627
3.1404693	2.0054662
3.0803058	2.0077941
3.0836186	2.014401
3.0387268	2.016479
2.9661212	2.0110283
2.998964	2.0067103
2.9850798	2.0003788
3.0075386	1.9933988
2.9221525	1.9768529
2.9120135	1.9791414
2.9363914	1.9702603
2.8644931	1.9586408
2.7989056	1.9433223
2.7693224	1.9497652
2.7924557	1.9494553
2.7096162	1.9350859
2.8161244	1.9573035
2.774372	1.9453545
2.597135	1.9128101
2.4994667	1.8898168
2.267817	1.634604
1.9292178	1.0909426
1.871835	1.0744894
1.702015	1.0937892
1.356929	1.0327247
1.517061	1.0027128
1.9592308	0.9738028
1.4966384	0.99534255
1.3621004	1.0052764
1.8687015	0.9523118
1.7689921	0.95343864
2.2757227	0.93589306
2.4460669	0.9627639
2.1933248	0.96672714
2.1846013	0.9644507
1.9888105	0.9674828
1.9647067	0.9750155
1.7749197	1.0010558
1.7157084	0.998035
1.7736754	1.0412971
1.9152786	1.0003814
1.8543606	1.008363
1.7867149	1.0635105
1.8308582	1.0839676
1.8947161	1.047046
1.8131546	1.0408019
1.8014132	1.0868049
1.8428245	1.1689076
1.7428741	1.2944106
1.8945862	1.3409727
2.0867038	1.0219451
2.343192	1.2514968
2.6834264	2.0493271
2.7057176	2.0480373
2.7662096	2.0344841
2.7906017	2.015823
2.891847	2.0109212
3.1176386	2.0161698
3.0347433	1.9986951
2.9370813	1.984202
2.909643	2.0006733
2.857829	2.0030963
2.886512	2.0017114
2.8603275	1.9980038
3.0194438	1.9974619
2.963159	2.0006392
2.8325286	1.9953523
2.9619644	1.9982969
2.9272957	1.9885123
2.870587	1.9875227
2.7998955	1.9764843
2.7758842	1.9676344
2.7550013	1.9664387
2.775321	1.9568944
2.567356	1.9014461
2.6248102	1.9487616
2.7537026	1.9787183
2.3210652	1.8876219
2.0787191	1.919876
2.1752183	1.9516462
2.1807106	1.9417826
1.7513776	1.9681407
1.6461858	1.9757423
1.8107848	1.9612957
1.6022509	2.0063217
1.5856564	2.0127585
1.481141	2.020174
1.3354617	2.0354204
1.2897398	2.0478842
1.2628216	2.0602686
1.1320629	2.0761597
1.0454227	2.0796235
0.99972785	2.0774941
0.9686997	2.07126
0.93131936	2.0514119
0.92455554	2.0336156
0.9331688	2.0124488
0.9226648	1.97759
0.93087685	1.9377114
1.0057846	1.9355302
1.0306677	1.9712588
1.047487	1.9839998
1.0929403	1.971506
1.0971512	1.9785497
1.0965341	1.9800583
1.1004665	1.9727254
1.2125018	1.9337339
1.4704282	1.8403153
1.7288749	1.712846
1.5071648	1.8783988
1.395783	1.9033818
1.7833761	1.7819517
2.4045358	1.2922162
2.3475738	1.0938993
2.2518141	1.0412691
2.2070274	1.0460718
2.3302262	1.012972
2.501746	0.9921804
2.6521552	0.9789793
2.735023	0.9726642
2.7857945	0.970043
2.903185	0.9666246
2.841422	0.9515119
2.97086	0.9988842
3.0294259	1.0350422
3.047151	1.0487309
3.0503552	0.9850148
3.054922	0.97545314
3.01974	1.0078537
2.9359334	1.0148797
2.9113235	1.0027584
2.8740714	1.0027798
2.8055322	1.0078887
2.679204	1.0328385
2.4667225	1.0812403
2.5759704	1.1086589
2.7568724	1.0671276
2.4252963	1.1029694
2.3481982	1.2360028
2.7097661	1.3910681
2.8667274	1.9992923
2.7094116	2.0061035
2.6677437	2.0042362
2.7785912	2.001503
3.0525112	2.0113733
3.0027812	2.0049944
2.9669566	1.9976584
2.921318	1.9915373
2.9111662	1.994379
2.98696	2.0086083
2.9700384	2.0056326
2.8162775	1.9908409
2.839258	1.9857733
2.7415516	1.9757719
2.6457534	1.9731567
2.7662942	1.9555502
2.8667958	1.5172021
2.7006593	1.9144804
2.8102503	1.9785316
2.7227128	1.9748472
2.6204243	1.9551022
2.7726436	1.9797103
2.7287283	1.9702306
2.4469962	1.9065832
2.3110182	1.9265954
2.256251	1.9469602
2.1740677	1.9265227
2.093073	1.9244896
2.0807729	1.9143627
1.9017928	1.9558023
1.7689357	1.9696227
1.7600417	1.9504937
1.7808157	1.9688157
1.6108894	2.0078456
1.6238537	2.0115025
1.6374531	2.0195096
1.571903	2.0271137
1.7035031	2.0099669
1.5737472	2.0167897
1.6171178	2.0055287
1.7512875	2.0016398
1.9065968	1.9901038
1.8471942	1.9906436
1.5806932	1.999583
1.7852362	1.9239707
1.7779131	1.8141211
1.4561013	1.0727884
1.1400597	0.9913088
0.9385432	1.5971287
0.9758325	1.1107738
0.9922546	0.9628602
1.3724345	0.98319614
1.553076	0.9995994
1.1252815	1.0363107
0.85626024	1.0473883
0.98843145	1.0000393
1.0215064	1.0422808
1.1372145	1.0287384
1.1714842	1.0391208
1.3386159	1.0157743
1.4411032	0.9925772
1.5689172	0.9785304
1.7526667	0.94288474
1.7994608	0.9335237
1.7737162	0.9900363
1.6240346	1.0911442
1.7288796	1.0194465
1.6844264	1.0160831
1.6543126	1.0541629
1.836459	1.3326569
2.0600114	2.049509
2.3131974	2.0400999
2.4729311	2.0154827
2.4532368	2.0414827
2.347235	2.0197206
2.074526	1.9897192
1.5590254	1.9702121
2.0139837	1.9869697
1.9280756	1.9905392
2.2070274	2.020984
2.466347	2.083506
2.0322936	2.0419233
1.9296377	2.0257142
2.0308886	2.0106273
2.2608895	1.9993898
2.0842035	1.9812329
1.9459394	1.9710374
1.9568956	1.906162
1.8899146	1.9437453
2.246342	1.955778
2.2589273	1.9255408
1.7905372	1.8639927
1.8953257	1.6734409
