0.96688306	0.95355386
0.97808826	1.0906392
1.0199666	1.0103817
1.0091133	0.9956314
1.010035	1.001932
1.005051	1.0030882
1.0153235	1.0130453
1.0485111	1.024199
1.0698295	1.0292704
1.059144	1.0744551
1.1750442	1.0925891
1.2744693	1.0584232
1.1852814	1.0748156
1.2183784	1.0834334
1.3449676	1.0666541
1.4100966	1.0637014
1.2186309	1.1121176
1.2125821	1.141893
1.2040348	1.892949
1.1294022	1.9816068
1.3370391	1.9788693
1.3953532	1.9796026
1.3039107	1.9795268
1.1241498	1.9885204
1.0857534	1.9915795
1.0154196	1.9974337
1.0522585	1.9951785
1.070367	1.998493
1.1507652	1.9957267
1.489419	1.9823613
1.2898836	1.985799
1.4009898	1.9830388
1.438102	1.9798931
1.518533	1.9732609
1.3882962	1.9716729
1.0463543	2.0103514
0.97197187	2.0428548
0.9570382	2.0472636
0.95857453	2.0407321
0.9561185	2.0389035
0.9708747	2.0218234
1.0093436	2.0094674
1.0629853	1.9953059
1.0578846	1.9932622
1.0566977	1.9924161
1.1389031	1.980495
1.1585666	1.9801191
1.1520472	1.9787314
1.2238159	1.9699296
1.4657861	1.9665372
1.8422729	1.9782852
1.4614373	1.9538708
1.2115295	1.9742911
1.7514648	1.9896868
2.1089113	2.009621
2.2526507	2.0060565
2.4590406	1.8778167
2.7457964	1.4725149
2.8428476	1.2235488
2.8935723	1.0101177
2.9391696	0.993986
2.996985	1.024888
3.0208569	0.9859022
3.006935	0.9867663
2.9950109	1.0773717
3.0279677	1.019908
3.0697207	1.0275186
3.0740085	0.9853005
3.0448515	1.2256917
3.063015	0.99038786
3.0426896	0.9831069
3.0084069	0.9855687
3.02909	0.9847599
2.9780943	0.99214953
2.8414547	1.0128827
2.8367074	1.0215267
2.84804	0.99375814
2.8278103	0.99579656
2.8665485	1.0094223
2.907879	1.018871
2.5179355	1.0901542
2.4913278	1.5804461
2.8691838	1.9755297
2.5476208	1.9459294
2.4674158	1.9704616
2.1131818	1.9540758
1.9757539	1.9888409
2.2433348	2.0008004
2.1812909	2.0126915
1.9922017	2.020691
1.9688592	2.0428464
2.114413	2.0569131
2.1135173	2.036516
2.039518	2.0291166
2.0684078	2.0282917
2.1505382	2.0315652
2.2325833	2.0352545
2.3015118	2.0333853
2.1070492	2.0209877
2.1173518	2.0232382
2.186909	2.0196588
1.994695	2.012005
1.9627268	2.0098765
1.8567885	2.0039117
1.9191514	2.0064259
1.7787615	1.9984611
1.5129586	1.9834969
1.2585385	1.9783571
1.1224118	1.995756
1.0318252	2.020104
0.9973425	2.0330684
0.9721746	2.037051
0.9616447	2.045335
0.97001714	2.0461917
0.96142083	2.0505507
0.9565079	2.052794
0.9531861	2.0456095
0.94377315	2.0400007
0.96068466	2.024012
1.0157104	2.0056322
1.0161803	2.0098076
1.0202515	2.0100615
1.0440648	2.0027792
1.0992935	1.9879175
1.1294733	1.9819926
1.089034	1.9858406
1.0509531	1.9929327
1.0519357	1.9949247
1.1171571	1.9844834
1.3209078	1.9710119
1.5432115	1.9768075
1.7632531	1.9893408
1.9411674	1.9951267
2.0331066	1.9921426
2.1291456	1.9894
2.3517091	1.9926181
2.306646	1.9864788
2.1903522	1.9813741
2.445235	1.9859766
2.6217432	1.9906906
2.7637897	2.0045962
3.02219	2.0442796
3.0482073	2.04626
3.069914	2.033373
3.0406933	2.0245645
3.0141995	2.0123262
3.0319636	2.0114946
2.985278	1.993146
2.9732442	1.9828515
2.9371436	1.9819115
2.8809707	1.9808615
2.7902577	1.9785678
2.7800908	1.9935352
2.707776	2.0015955
2.7745833	1.9939642
2.8088734	1.9857916
2.7320676	1.9676441
2.6003642	2.022744
2.3213062	2.03988
2.2011054	2.0353053
2.2332697	2.0494905
2.083837	2.0345037
1.9232041	2.0182712
1.7675037	2.0061224
1.6614015	1.9993279
1.6879038	1.9991856
1.5621158	1.9874758
1.4569409	1.9738824
1.2968361	1.9714968
1.0763987	2.009881
1.0162529	2.0296175
0.99895227	2.038322
0.98753273	2.0430832
0.9765456	2.047837
0.9671794	2.041442
0.9575937	2.0301757
0.94577754	2.0411143
0.9473916	2.0392041
0.9763158	2.0249972
0.9895252	2.0209825
0.9863055	2.0228467
1.0099694	2.014326
1.0348217	2.005006
1.000506	2.0157785
1.0156542	2.011584
1.0882528	1.9920236
1.1015859	1.9873496
1.2551975	1.9723119
1.6397245	1.9837122
1.8996722	1.992311
1.9418535	1.9887468
1.9675789	1.983998
1.9535586	1.9826205
1.9863787	1.9804244
2.0942087	1.9806128
2.0314116	1.9793882
1.9546065	1.9792918
1.8341815	1.9804819
1.6875142	1.980362
1.5900848	1.9797789
1.6322013	1.9796101
1.702218	1.9813067
1.5571772	1.9805461
1.5212885	1.9800216
1.5697151	1.9789685
1.5801826	1.9789042
1.4867574	1.9810373
2.7850118	1.6489172
2.687166	1.0938807
1.0548421	1.9900396
1.0325378	2.0066133
1.7065809	1.028677
2.0410779	1.0462667
2.0068097	1.0365629
2.5171354	1.0445825
2.423335	1.0350109
2.2988038	1.0300812
1.9751595	1.0414994
1.900797	0.9826162
1.9916471	0.97282517
1.8502151	0.97674257
1.9949095	0.9735582
1.9140273	0.9709593
1.7738549	0.98246986
1.689094	1.0016581
1.8755372	0.98051643
1.9208498	0.97606504
1.9509184	0.98407537
1.9831924	0.98427176
2.0466409	0.9872446
2.1754193	0.98535144
2.0045414	1.0072249
1.7616771	1.0492814
1.6930759	1.0576386
1.3578202	1.0059655
1.025982	1.109315
1.046344	0.9599348
1.0301732	0.95741534
1.0230569	0.96311
1.0084777	0.97343934
1.0082431	0.98122346
1.0163136	0.99683553
1.0062168	0.997107
1.008849	1.0445149
1.1170979	1.2372247
1.2022234	1.2197717
1.288146	1.2153023
1.323998	1.1132207
1.227684	1.0660964
1.1901063	1.059727
1.2364566	1.0542034
1.2663085	1.0842546
1.2100803	1.2826697
1.1088768	1.8973651
0.99120456	1.9553748
0.982809	1.9914863
0.975968	1.9957113
0.94238573	1.9842242
0.9331927	1.9493376
0.92693377	1.9621974
0.92548966	1.9807224
0.92084605	1.97956
0.9082013	1.9848114
0.92857695	1.9954883
1.0267652	1.9967788
1.1588159	1.9871069
1.2295929	1.9837762
1.1846159	1.979496
1.0628293	2.0010886
1.1638191	1.9827106
1.2825868	1.9718478
1.1005353	1.9904001
1.1101362	1.9871546
1.260246	1.966779
1.4329281	1.965254
1.5901427	1.9740711
1.462643	1.9731231
1.6416756	1.9804494
1.9663738	1.9939103
1.9458525	1.9886448
2.0686836	1.9898827
2.02207	1.9839468
2.05631	1.9836466
2.049815	1.9815075
2.0283022	1.9810735
2.1997085	1.9851276
1.8384687	1.9781524
1.7536882	1.9789075
1.968391	1.9812732
1.808765	1.9784425
1.5593921	1.976792
1.6784976	1.9789366
1.8481159	1.9804436
1.6515208	1.9767828
1.5832505	1.9776056
1.2600354	1.9823389
1.176912	1.9876249
1.2007773	1.9863163
1.0436685	2.0113492
0.99140936	2.0319428
0.9720871	2.0399277
0.96723324	2.0487833
0.9701972	2.0515385
0.9649029	2.0375323
0.9629434	2.046119
0.9603098	2.035253
0.9501933	2.0303605
0.94464445	2.0355382
0.9439572	2.0336049
0.9400468	2.0246968
0.93961924	2.0340168
0.9821341	2.0231092
1.0006244	2.0173883
0.98133576	2.0247545
0.9901891	2.0223093
1.0077702	2.0146034
1.0476483	1.9975661
1.1594555	1.9796717
1.3752817	1.9754801
1.4571004	1.9794765
1.7421829	1.9903401
1.9431491	1.9939355
2.0035799	1.9888675
2.0098436	1.9852774
1.9531435	1.9811317
1.9553556	1.9803482
1.9432607	1.9794023
1.9213355	1.9790909
2.0196466	1.9791554
2.1493173	1.98175
1.9767377	1.9798439
1.9573445	1.9810439
1.9196128	1.9817475
1.8897945	1.9835414
1.906287	1.9853394
1.8354502	1.9867854
1.8258204	1.9885796
1.8185191	1.9905885
1.9161768	1.9939698
1.8499035	1.994404
1.9455281	1.999052
2.1905267	2.0008523
1.4345559	1.9868405
1.1447723	1.9457084
1.083864	1.1295724
1.1229635	1.0387518
1.0736707	1.0471861
1.3427333	1.0343546
1.207805	1.0123203
0.9923501	0.9853904
1.1401355	0.94018483
1.088402	1.0019557
1.0072244	1.004989
0.99330497	0.99085665
1.0030489	0.9983016
1.0000502	1.0001155
1.0226004	1.0113683
1.1514286	1.0076802
1.5098075	1.0003209
1.627844	0.99337006
1.5106772	1.0190356
1.506344	1.0344439
1.5469991	1.0320549
1.4221307	1.0307125
1.2787409	1.0500181
1.4452534	1.0435989
1.3779608	1.0372076
1.5120301	0.9944745
1.8665129	0.96088135
1.9978914	0.9608979
2.3213964	0.9806105
2.4978511	0.9894308
2.5184035	0.98838466
2.5870245	0.994467
2.6194005	0.9979604
2.6756918	1.0031097
2.6647136	1.0018492
2.8542047	1.0123402
2.98819	1.0174137
3.0223591	1.0159749
3.0459511	1.0070865
3.0605783	1.0037085
3.039515	0.99946404
3.0222902	0.995501
3.018454	0.9941652
2.972282	1.0009594
2.8670032	1.0269891
2.848567	1.0402535
2.8947992	1.0747586
2.8812246	0.997335
2.7037735	0.99887305
2.6374047	1.0119914
2.5725164	0.9975479
2.0750751	1.0275024
2.0110343	1.0595882
2.0855737	1.0091126
1.8445085	0.99744886
1.7409018	0.9536928
1.7858865	0.95002675
1.5638219	0.8996624
1.6589813	0.9109505
1.517973	0.92299396
1.4013903	0.9503388
1.2293065	1.0256215
1.2533525	1.2033747
1.7930641	1.1613845
2.0511653	1.4159195
2.0140314	1.0924574
1.966199	1.0212353
2.013956	1.0352534
1.91658	1.0766414
2.0865674	1.0968742
2.0110726	1.2811486
1.6688902	1.97636
2.144307	2.0008366
2.1385689	1.9882506
1.9371238	1.9783931
2.2806926	1.9832803
2.2586308	1.9933599
1.8421247	1.9837761
1.86184	2.0244207
1.6238772	1.9766114
1.8354943	1.9839706
1.9074016	1.9942704
2.028208	2.0023565
2.0208755	2.0048277
1.9526875	2.0046484
2.2259567	2.0130794
2.8021073	2.0144472
2.5560672	2.0095077
2.50398	2.0198689
2.27022	2.024211
1.9661509	2.0085063
1.8109972	1.9937499
1.8688704	1.9997618
2.1365776	2.0070798
2.0916555	2.008833
1.8726748	2.0027473
2.217787	2.0094037
2.5662553	2.0033104
2.7817118	2.0128038
2.7139583	2.0087
2.8716273	2.0143514
2.9346855	2.0219855
2.9742634	2.0184612
3.0138235	2.021995
2.9543772	2.0063694
2.9405866	2.0027316
2.979653	2.0045772
2.9468992	2.0007117
2.8213964	2.0124044
2.8819153	2.0023766
2.9131503	1.9988164
2.7047791	2.0315797
2.6110206	2.0455346
2.6115324	2.040577
2.7736092	2.0111127
2.6551042	2.0311935
2.361219	2.0498176
2.434666	2.0529356
2.6973553	2.0304577
2.4475734	2.0608194
2.238318	2.0530603
2.196667	2.0531547
2.1470153	2.049068
2.1360276	2.0503423
1.8597934	2.0146625
1.9723123	2.0305405
2.1718612	2.0553806
1.9481728	2.0280066
1.8654742	2.0168324
1.9185592	2.022769
2.057918	2.029705
1.8898937	2.011546
2.0524037	2.0152617
2.0274546	2.008877
1.7697301	1.9975289
1.7561	1.9970115
1.8735797	2.0002458
1.8208354	1.9977285
1.725005	1.9946182
1.7682967	1.9945552
1.7357299	1.9920136
1.6801621	1.9907261
1.8491017	1.9930636
1.8075849	1.9905611
1.9598695	1.9948134
2.3307803	1.9765588
2.728537	1.3576468
2.8304596	1.2619989
2.6731968	1.1494093
2.8323147	1.1316645
2.9472175	1.0764077
3.0114646	1.0848695
3.0438251	1.0510708
3.028785	1.033123
3.0305974	0.9905256
3.0452168	1.0123992
3.0636125	0.9927747
3.0512085	0.9837944
2.99246	0.98237
3.011702	0.9851162
3.0094256	0.9870614
2.9815302	0.9882964
2.9687705	0.98973495
2.9618878	0.99050075
2.955526	0.99152285
2.956175	0.9922074
2.8750553	0.99236864
2.718903	0.993574
2.7422519	0.99407643
2.722335	0.99563736
2.5310526	1.0009907
2.4850824	1.0028561
2.229376	1.0057906
2.1426146	1.0054319
2.0491939	0.9933472
1.9956502	0.9780399
1.9612373	0.97988737
1.8569963	0.9737226
1.8439902	0.97031355
1.7505095	0.96632797
1.6554573	0.9689374
1.499996	0.9405709
1.2293011	0.9533126
1.1511412	0.9440859
1.065655	0.9474908
1.0251769	0.96709037
0.99813855	0.99985147
0.9908234	0.9946986
0.98895264	0.98593
0.9863992	0.99543595
0.99292535	1.0040998
1.0035894	1.0096236
1.0319526	1.0355779
1.0674156	1.1383684
1.1594487	1.2868667
1.2033165	1.2344608
1.2039618	1.1463299
1.2173817	1.1177554
1.1371895	1.10521
1.1687884	1.088106
1.4045923	1.0743372
1.5473306	1.0559028
1.7606597	1.0490067
2.0739956	1.0767276
2.1674109	1.022341
2.2990353	1.0144624
2.4686115	1.0327088
2.50588	1.0195308
2.6222563	0.9948956
2.7845542	0.9955124
2.730043	0.99918914
2.7434602	1.0078961
2.88204	1.0172309
2.999006	1.0251337
3.0436935	1.0195363
3.0486991	1.0105952
3.0470808	1.0015224
3.0433865	1.0069093
3.0537932	0.99238175
3.0122142	0.9917912
2.9576283	0.99171793
2.9757793	0.99164957
2.9533265	0.9913864
2.8354619	0.9917834
2.841462	0.991237
2.8802226	0.99195796
2.7839532	0.9926714
2.7620275	0.99638295
2.5980115	1.0279702
2.646472	1.1306957
2.9487658	1.8658372
3.0054939	1.9618467
3.037927	1.9880049
3.0132773	1.9861296
3.0569701	1.9924729
3.0028634	1.9734949
3.001006	1.97307
3.0685644	1.9899406
3.0311363	1.9826097
2.9944346	1.975972
2.988136	1.9844717
2.9530666	1.9831016
2.9479797	1.963709
2.9143884	1.963411
2.693049	2.00842
2.7314456	2.002388
2.757251	2.0063298
2.6549537	2.032104
2.707018	2.02399
2.769142	2.0130675
2.4892266	2.0498328
2.440826	2.0515587
2.6908514	2.0335271
2.5775928	2.0465205
2.5220828	2.0437098
2.6144524	2.0404563
2.4212701	1.8373071
2.097252	2.0141413
1.8985543	2.0034895
1.731734	1.6155608
1.6896046	1.2028118
1.3452864	1.0301125
1.2377807	0.99367934
1.0871885	1.0062414
1.0821446	0.9839978
1.410318	0.92808485
1.3459427	0.8952022
1.0947857	0.950614
1.1863208	0.99838823
1.0635237	1.0051048
1.0464145	0.99906343
1.0338017	1.0012673
1.024515	0.99701506
1.0251739	0.9972491
1.0186905	0.9988882
1.0228591	1.0056304
1.0172356	0.9982157
1.0122846	0.9954959
1.0485425	1.0035424
1.1190252	1.0092999
1.2285302	1.0205064
1.216873	1.0311626
1.1983213	1.0275613
1.3504654	1.0194975
1.3504186	1.0204896
1.1977459	1.0282205
1.337043	1.0168679
1.8771595	0.9729227
1.9664942	0.9852581
2.077959	1.0082406
2.1631615	1.0007328
2.2281828	0.9979005
2.3028169	0.9871872
2.2553165	0.97079015
2.3103862	0.97538203
2.36083	0.98414516
2.4052124	0.9802164
2.3036506	0.9690891
2.1746762	0.9643221
2.2574553	0.9717287
2.304294	0.9682774
2.2002795	0.96969754
2.0957553	0.99404496
2.057671	1.0053241
1.9587637	1.0198349
1.9786037	1.0241691
1.9851147	1.0179005
1.7883825	1.043603
1.6847382	1.0715208
1.5882572	1.1596906
1.0904793	1.9857206
1.0253143	1.995032
0.98394024	1.9401404
0.9724767	1.8823133
0.9895898	2.0120323
1.0123446	2.0093532
1.097921	2.0032353
1.0236026	2.0032694
0.9894149	2.0026314
0.9634678	2.0009427
0.932414	1.9890757
0.9402728	2.0224123
0.9908927	2.02111
1.0741997	2.000605
1.0930837	1.9968954
1.0286077	2.0176198
1.0009038	2.0253227
0.9513428	2.0506394
0.9473215	2.048897
0.9601494	1.9937001
1.004446	1.9861836
1.0776651	1.9833814
1.0789052	1.9873099
1.1027123	1.9802372
1.210067	1.9625325
1.3810036	1.9439559
1.452109	1.9198478
1.3768948	1.9534056
1.732784	1.961431
1.9162421	1.9174423
2.0827687	1.6156422
2.2982721	1.9072278
2.3588169	1.9518495
2.5595713	1.2127327
2.8571699	0.984865
2.9156654	0.98353153
2.9127827	0.996692
2.986902	0.97778827
2.990698	0.99205774
2.9758024	1.000498
2.9594553	1.0264335
3.0513768	1.0145983
3.0680823	0.99901927
3.0695677	0.9914077
3.067079	0.98989654
3.0534189	0.991472
3.0196118	0.9909582
3.004041	0.99173486
2.9935105	0.99201244
2.9724436	0.99179405
2.9169645	0.9916411
2.8921106	0.99186283
2.9362876	0.9921499
2.9159489	0.9920383
2.8875935	0.99210066
2.5697997	0.9995074
2.143703	1.0166732
2.0577874	1.0551294
2.026427	1.4873819
1.978508	1.096501
1.8600957	1.3311932
1.6565825	1.9162415
1.6116625	1.9729271
1.5219855	1.9672304
1.5086629	1.966799
1.3238823	1.9544127
1.2521511	1.9555738
1.1875931	1.9636993
1.1188414	1.9775343
1.0034771	2.022475
0.97390217	2.0382345
0.9600696	2.0427594
0.95163316	2.0496309
0.94653326	2.049968
0.946746	2.0499625
0.94343996	2.0500429
0.9410893	2.0382495
0.93984795	2.0241616
0.9412878	2.0220397
0.9743242	2.0126007
0.9823068	2.0114245
0.9820386	2.0068252
1.0062214	1.9975631
1.0129237	1.9989406
1.0224146	1.9955789
1.069909	1.9778426
1.0488099	1.949673
1.0826888	1.9011239
1.2175913	1.8907424
1.3988775	1.8591802
1.8426157	1.8882767
1.913444	1.9371271
1.885808	1.9221971
2.0671773	1.0916036
2.4309523	1.0128355
2.6538491	1.0123656
2.6970193	0.99648935
2.7559676	0.9746019
2.899916	0.97517484
2.9033813	1.0040791
2.8854353	1.0205321
2.8035994	1.0108418
2.8425667	1.0149888
2.9668283	1.0242217
3.0034425	1.0278236
3.0571666	1.0044935
3.0651064	0.9976443
3.0608115	0.9933427
3.0566726	0.9934116
3.0480728	0.994171
3.0268679	0.9939769
2.991741	0.9928351
2.974597	0.99230635
2.987173	0.9928305
2.9903085	0.99315256
2.9524508	0.9927449
2.9405699	0.99287874
2.8553343	0.9931848
2.8673968	0.99329925
2.9344049	0.9936762
2.8376086	0.99302423
2.622491	0.9944997
2.39997	0.9982109
2.167566	0.99819547
2.059676	0.9979457
1.9762207	0.9941901
1.6482731	1.0193242
1.5231609	1.0763185
1.6941475	0.9531364
1.4094495	0.99438244
1.3406738	0.95108676
1.2447174	0.95126545
1.029432	1.2032129
1.0346342	0.9804192
1.0114574	0.98636216
0.99262214	1.0083923
0.987887	0.9962183
0.97718495	1.0126001
0.98873425	1.0065455
0.9988985	1.0151654
1.0406687	1.0938499
1.0941017	1.1144888
1.2034355	1.207448
1.2345375	1.2379688
1.1844376	1.1234624
1.2902355	1.1124942
1.2450067	1.1101533
1.2149653	1.1444677
1.2062843	1.3197484
1.2459058	1.474184
1.2963202	1.9704266
1.3460886	1.9591868
1.3476831	1.9717755
1.4834219	1.9827765
1.7063004	1.9926394
1.741982	1.9852434
1.8376266	1.9912844
1.7887133	1.9832119
1.9407423	1.990769
1.7957102	1.9887712
1.7574148	1.9973797
2.1730726	2.04503
2.1786213	2.0258572
1.9998332	2.0111103
2.0170789	2.0036538
2.034787	1.9968121
2.1799872	1.99753
2.006749	1.9926223
1.7988182	1.9912521
1.9195511	1.9982493
1.7291527	1.9923645
1.5039659	1.9746754
1.670419	1.9839222
1.9045982	1.9771256
2.1255698	1.9765115
2.4911034	1.9934732
2.4375613	2.0021157
2.7601323	2.0059485
2.966773	2.020702
2.9243338	2.0156083
2.9415188	2.0104067
3.0270193	2.0175688
2.908157	1.9965322
3.0275574	2.0171876
2.9840677	2.00703
2.8566303	1.9903576
2.954961	1.991665
2.8918297	1.9870828
2.958927	1.9838643
2.9637775	1.9764113
2.939057	1.9748312
2.9146514	1.9742069
2.9416895	1.9701248
2.8436532	1.9805356
2.7475612	1.9897182
2.8281748	1.9636569
2.932666	1.9737725
2.9812632	1.9758562
2.7591662	1.950454
2.6803958	1.9514495
2.8461401	1.9543796
2.7769902	1.759032
2.1297362	2.002162
2.1696525	2.0285273
2.093818	2.0280488
1.7169822	1.9802568
1.6246318	1.9715351
1.5858111	1.9914856
1.3764313	1.975302
1.4747875	1.9837611
1.5356933	1.9830788
1.296113	1.9672554
1.1483381	1.9837322
1.0391387	2.0204268
0.9925488	2.0364423
0.97350526	2.0438633
0.97621804	2.0409722
0.95229393	2.047466
0.9517654	2.049298
0.949166	2.05322
0.94675446	2.04576
1.0039694	2.004865
1.0338719	1.9943403
1.0414577	1.9965498
1.0582796	1.9966251
1.1074333	1.9825094
1.0874445	1.9834443
1.0956655	1.986335
1.1296216	1.9823087
1.1121904	1.9848523
1.1418549	1.982256
1.1736094	1.9781176
1.2451504	1.9706907
1.279889	1.9705479
1.3659644	1.968773
1.5362445	1.9692016
1.5800567	1.9681646
1.6225375	1.9708649
1.3588616	1.812535
0.97172034	1.1112036
1.0472083	0.9714317
1.1916953	0.9320463
0.99935514	0.97433907
1.0300436	1.0015785
1.0105695	1.0148716
1.0990458	0.9816574
1.1723766	0.9810657
1.0965041	1.014456
1.180413	1.032492
1.353416	1.0400627
1.4218684	1.0015577
1.5749426	1.0174181
1.3581245	1.0162677
1.3738091	1.0369072
1.2548211	1.0445876
1.1503477	1.0221626
1.2709001	1.029157
1.2081386	1.0294303
1.2032541	1.0241853
1.1077209	1.0299593
1.2326279	1.0409764
1.5527424	1.007675
1.3294257	1.0385088
1.3968661	1.0684861
1.3630639	1.104571
1.2674047	1.7704936
1.5756767	1.8177459
1.6560854	1.2426683
1.7016865	1.8420355
1.8594831	1.9934516
1.8040118	1.9920188
1.8886184	1.9971646
1.7397424	1.9885461
2.0984757	2.009373
2.2250352	2.0151703
2.1933196	2.010592
2.0820043	2.0062363
1.8807644	2.0117722
2.1310046	2.014745
2.0610619	1.99892
2.0263395	1.9906499
2.0475612	1.9949001
1.8711137	1.9991676
1.9712056	2.003786
2.120033	2.0105903
2.077875	2.010021
1.9800211	2.0075872
2.015635	2.0112586
2.010152	2.0078447
2.0884967	2.0113118
1.9969615	2.000714
1.7980405	1.828797
1.738643	1.3249918
1.6184777	1.1715417
1.4150528	1.4468888
1.8245673	1.1094526
2.1108904	1.0480568
1.9982574	1.0703785
1.9185787	1.0329396
2.213327	1.0166309
2.2456367	1.013963
1.62114	1.0583829
1.7504362	1.0036647
1.9725999	0.9726174
2.0391572	0.97645545
2.1551843	0.9744638
2.159891	0.9851227
2.2842445	0.994382
2.3780925	0.9979442
2.2957807	1.003649
1.9697905	1.022257
2.0043175	1.0183213
2.2150152	1.0058374
2.365223	1.0046089
2.3737717	1.0063764
2.1141088	1.0169638
1.8803943	1.0300045
1.6693172	1.1839229
1.7126992	1.1089573
1.9834547	1.0424262
2.5002968	1.2669431
2.92384	2.0151079
2.9635868	2.0154898
2.9024494	1.9847009
2.87041	1.963624
2.829089	1.9488686
2.8558583	1.9503003
3.0368583	1.985939
3.0458176	1.989055
3.052142	1.9893706
3.043714	1.9925321
3.025096	1.9936666
3.017963	1.9983473
2.982829	1.9735147
2.974058	1.9704119
2.9122348	1.9641949
2.892015	1.9657094
2.977063	1.9741557
2.9492662	1.969607
2.9187553	1.962373
2.8398259	1.9689587
2.88347	1.9648528
2.814005	1.9710084
2.8810616	1.9697806
2.885767	1.9705192
2.6859462	1.9821682
2.5675912	1.9964141
2.3368561	1.9669323
1.9764216	1.6898838
1.9405354	1.6453516
1.8106853	1.8157649
1.5517476	1.4490759
1.7252442	1.1252888
1.9992604	1.0329994
1.581999	1.0745403
1.4133819	1.1067929
1.7615033	0.97996557
1.6562407	0.98437023
2.3644185	1.0640153
2.5451362	1.0226322
2.3141904	0.99897236
2.3006005	1.0035347
2.0600452	1.018007
2.0888393	1.0089928
1.8743777	0.99833214
1.7687681	0.99771595
1.8347813	1.0058941
1.9820045	0.9864743
1.9213977	0.9904556
1.8538481	1.0036238
1.8927329	0.9999564
1.9582125	0.9954751
1.8811435	1.0011538
1.8908126	1.0069765
1.8924475	1.0075009
1.7888347	1.0338343
1.8711567	1.0291283
2.1557572	0.9920911
2.189549	1.0048026
2.7513008	2.0314136
2.7850707	2.018428
2.799528	2.0024018
2.818877	1.9780804
2.9284856	1.9854705
3.036324	1.9963021
3.0075634	1.9821894
2.9473825	1.9612546
2.9675882	1.9677093
2.9926326	1.983653
2.9987912	1.992869
2.9436889	1.9680473
2.971414	1.9751252
2.916245	1.9750795
2.8973346	1.9695678
2.9200897	1.9779391
2.9184628	1.980411
2.8173358	1.991972
2.7373006	2.0083942
2.7508368	2.0053682
2.7136636	2.0141988
2.824411	1.9906937
2.591948	2.0168319
2.5535705	2.0368292
2.6479588	2.0341096
2.3108554	2.048302
2.1879153	2.045104
2.2298148	2.0548804
2.2027771	2.0558314
1.9820384	2.028329
1.9125302	2.0216653
2.0181818	2.0363305
1.9008198	2.019976
1.9051425	2.0199158
1.8201586	2.0086596
1.6312804	1.9868474
1.5032655	1.9724814
1.3159935	1.974646
1.0836563	2.0053835
1.0294677	2.023612
0.99411124	2.0380008
0.97860557	2.0471761
0.97863203	2.0486283
0.97377235	2.0500133
0.9661329	2.050427
0.96085787	2.044076
0.94893944	2.0374405
0.94215256	2.0380712
0.9563109	2.035812
0.9759549	2.027378
1.0045696	2.0132005
1.0124986	2.0111616
1.0117209	2.0118356
1.006878	2.012655
1.0733994	1.988995
1.2478844	1.9640514
1.4721131	1.9617225
1.3241396	1.9686089
1.2507162	1.9705313
1.5615361	1.9726312
2.0669208	1.9843659
2.0692587	1.7142369
2.072187	1.051748
2.0412903	1.0494729
2.1336677	1.0403626
2.2861133	1.0204921
2.5498788	1.0311469
2.7314892	1.0237856
2.7382863	1.0200778
2.8445435	0.982465
2.8442895	0.99536854
2.8276153	1.0238385
3.0411046	1.0143074
3.0671122	1.0071001
3.0768878	0.9994169
3.066849	0.9946395
3.0387347	0.9922423
2.986133	0.9920754
2.9809082	0.99245757
2.9689856	0.9926889
2.9480932	0.99302757
2.8981078	0.9931107
2.7463076	0.9941374
2.811859	0.993781
2.921769	0.993817
2.6781447	0.9945063
2.42493	1.0015706
2.7841628	1.0191147
2.721326	1.7657328
2.633995	1.9737539
2.5627003	1.9540222
2.715788	1.9002024
3.0172906	1.9856404
2.9870431	1.9680682
2.9839644	1.9673862
2.9702542	1.9646131
2.9758291	1.9680834
3.0307126	1.9894054
3.0146182	1.9970119
2.9326153	1.9707471
2.888431	1.9598113
2.7356606	2.003421
2.6696615	2.0245302
2.8051443	1.9883986
2.9701562	1.8709929
2.8410273	1.9731456
2.750588	2.004059
2.6378512	2.0313578
2.5348196	2.0423074
2.6758919	2.0284748
2.629515	2.035552
2.3887105	2.0487406
2.2899442	2.0552664
2.264377	2.0575278
2.1978538	2.0534024
2.1530719	2.0507958
2.136216	2.0505416
2.05953	2.0407758
1.988968	2.0318594
1.991037	2.0341475
2.0274394	2.0377166
1.9345131	2.0233903
1.9526263	2.0230973
1.9411337	2.0133712
1.8453954	2.0008175
1.8721097	2.0013425
1.6336064	1.9879453
1.6208076	1.9889323
1.6390624	1.988773
1.7865225	1.9925741
1.7004662	1.988715
1.4504741	1.9826964
1.5705959	1.983993
1.5289898	1.9778479
1.3564701	1.2497371
1.1629498	1.0359341
0.9963399	1.8600392
0.98007405	1.2318275
1.0030526	0.98570985
1.2843239	0.9364434
1.4207449	0.9359159
1.0710506	0.9932743
0.9791658	0.9955206
1.0075142	1.0004548
1.0445184	0.99879795
1.0652688	1.0081909
1.0983729	0.9984272
1.2356873	0.9933361
1.2751573	1.0018724
1.4045556	0.99648404
1.5882335	0.97746176
1.6347331	0.97232974
1.579503	0.98823047
1.4378461	1.0182333
1.5351712	0.9969872
1.5044059	0.9993388
1.4852697	1.0073141
1.596644	1.0417235
1.6961015	1.4588844
1.9799656	1.5832193
2.2077935	1.6755524
2.2892835	2.0170288
2.218955	2.0214324
