1.2377179	1.0896244
1.2357614	1.146824
1.1705965	1.886358
1.1051421	2.008654
1.3168594	2.0072129
1.3946443	2.0108368
1.2618519	2.010628
1.0537808	2.0144691
1.0234084	2.0169566
0.97506243	2.0229423
1.0203767	2.0257459
1.0680833	2.0275495
1.1768757	2.0235815
1.5508922	2.0011609
1.1798747	2.0036056
1.247766	1.9966663
1.2797004	1.9912705
1.3605123	1.9790318
1.2597846	1.9780332
1.0463865	2.0129054
1.0163137	2.0348809
0.9903821	2.0312247
0.9889222	2.0181131
0.98253775	2.0139198
1.000259	1.9875805
1.0343584	1.9961907
1.0770056	1.9952713
1.0763001	1.9897157
1.0793985	1.9862827
1.1474814	1.9874276
1.1655955	1.9896364
1.1600475	1.9860975
1.2180939	1.9779012
1.4141451	1.9608992
1.7238004	1.8701242
1.3676467	1.8944703
1.1599777	1.9860523
1.6920964	1.9808388
2.0645692	1.9603435
2.176532	1.8762556
2.450051	1.560521
2.6887214	1.3735831
2.7373874	1.2488804
2.6800263	0.99279296
2.7597017	0.99531835
2.909287	1.1550922
2.966436	1.0159217
3.068359	0.99300253
3.181212	1.0859063
3.127454	0.9857531
3.072761	1.0093507
3.0816574	0.9991337
3.1879404	1.1731107
3.1114323	0.99574304
3.0233583	0.99805975
2.9653862	1.0077068
2.998116	1.0011365
2.9257119	1.0282307
2.7587254	1.0618924
2.7611773	1.0751902
2.740408	1.0288205
2.7299137	1.0350767
2.7981412	1.0670974
2.8590827	1.0860676
2.572178	1.1852175
2.4801717	1.6130353
2.7195783	1.9745485
2.488896	1.9726273
2.4631028	1.9803052
2.2425158	1.9685559
2.1203916	1.9710268
2.3739586	1.9780285
2.3156867	1.978278
2.1000664	1.9795811
2.0339372	1.9841183
2.098528	1.9893892
2.0027223	1.9928268
1.918401	1.9933989
1.8854359	1.9945573
1.9337431	1.9927887
2.102933	1.9876364
2.1870995	1.988647
1.8765714	1.9916729
1.8935667	1.9919165
2.0369327	1.9891047
1.7680528	1.9917753
1.7518828	1.990769
1.705201	1.9882939
1.8124347	1.9856547
1.72169	1.9848317
1.4038777	1.9982078
1.2462876	2.0162528
1.1674414	2.0270684
1.0827284	2.031818
1.0108585	2.03411
0.98943096	2.0109737
0.9727044	2.0187316
0.94699967	2.0319927
0.95154107	2.0362086
0.9592697	2.044239
0.9369548	2.0295808
0.9390971	2.0049405
0.9948029	1.9909751
1.0584785	1.9929594
1.0595903	1.9995412
1.0687062	2.0009794
1.0971748	1.9981242
1.1596203	1.9901533
1.1867508	1.986686
1.1431907	1.9847269
1.1030226	1.9846869
1.1002903	1.9887587
1.1653426	1.9885738
1.3666612	1.9828011
1.5761422	1.9838581
1.8236587	1.9940505
2.081616	2.0105252
2.225848	2.0235455
2.352295	2.0360825
2.5109398	2.0487173
2.4796083	2.040086
2.4244757	2.0340278
2.580531	2.0496745
2.6577194	2.0493925
2.7361376	2.0469203
2.9472988	2.0505254
3.034069	2.0695558
3.1446667	2.05954
3.1272876	2.0870283
3.1086476	2.0823593
3.1341593	2.066053
3.0459607	2.0112348
3.0198438	1.9715326
2.9699557	1.9913906
2.906905	1.9852159
2.820345	1.9614568
2.8143816	1.9837112
2.7583818	1.9762348
2.8055985	1.9819638
2.8378944	1.9794401
2.7670953	1.939938
2.6692739	1.9770234
2.342967	1.9682935
2.1521697	1.959554
2.14829	1.9808863
1.8935168	1.9885428
1.731016	1.9951057
1.6553731	2.0049233
1.6068046	2.0106144
1.6077329	2.0188427
1.5366126	2.0258727
1.4447073	2.0341294
1.2877189	2.040386
1.1145809	2.0457501
1.0426757	2.0489693
1.0090579	2.0591245
0.9940438	2.064409
0.9663561	2.0580497
0.9283495	2.0268068
0.9147367	1.9888269
0.9418409	2.011198
0.9835516	2.0081575
1.0324707	2.0024202
1.050894	2.0023935
1.0498437	2.002839
1.0810008	2.0005577
1.1153128	1.9958478
1.0722173	1.998572
1.0886675	1.9988091
1.181753	1.9917051
1.1922646	1.9891663
1.3419932	1.9851071
1.7796286	1.9972272
2.1058302	2.0159833
2.1435826	2.0183115
2.195263	2.021949
2.1802182	2.0196323
2.2111518	2.0202515
2.3448944	2.0320683
2.256188	2.020143
2.1218305	2.0067735
1.916415	1.9941024
1.6970812	1.9850724
1.5773387	1.9826877
1.6443431	1.9813217
1.7184699	1.9848765
1.5349225	1.9830209
1.5023257	1.9824936
1.5798782	1.9801402
1.5997076	1.9789926
1.4390209	1.98479
2.6311333	1.5270762
2.6475034	1.0653907
1.1235081	1.9741104
1.0779057	2.0257027
1.6489844	0.95928985
1.9207888	0.96652967
1.8892405	0.96514493
2.3853688	0.97750515
2.2697797	0.98525536
2.194443	1.0136998
2.0961964	1.0302635
2.0955858	1.033852
2.1051605	1.0153389
1.8507202	1.0214137
2.0072935	1.0242605
1.8750947	1.0311029
1.7467787	1.0231154
1.6924568	1.0041282
1.8573145	1.0090473
1.927368	1.0087118
1.985814	1.0147253
2.0335124	1.0188829
2.0278518	1.0094647
2.1748269	1.0103012
2.0072014	1.0285332
1.7363025	1.0430679
1.6829479	1.0531011
1.3221328	1.0106622
1.0353578	1.357352
0.9955562	1.0367445
0.94805974	0.9868149
0.9318308	0.9726871
0.92019457	0.9785253
0.9290759	0.9753044
0.9518101	0.9926008
0.92801136	0.9871915
0.96754044	1.0345576
1.1515579	1.3597933
1.2407963	1.3289392
1.340727	1.3475406
1.3627594	1.121675
1.2333384	1.0209707
1.1934059	1.0141717
1.2395228	1.0118891
1.2847162	1.0501709
1.2514409	1.4145088
1.0743862	1.8957262
0.90897316	1.9580144
0.92565036	2.0089464
0.9342222	2.009128
0.8927965	2.0096805
0.85144216	2.0059676
0.8409033	2.0121171
0.8795546	2.0219793
0.8755312	2.026703
0.8668393	2.0421746
0.9056739	2.0472243
1.1087428	2.0231593
1.3176706	2.0038733
1.2985198	1.9976044
1.142271	1.9926404
1.0548689	2.0077558
1.1378158	1.9947515
1.2312021	1.9847348
1.0960466	1.9969742
1.1000512	1.9945102
1.2285724	1.9727944
1.3533276	1.9619416
1.5001317	1.9683858
1.3904407	1.9831223
1.6021855	1.9879172
2.017697	1.9977065
2.0241714	2.001721
2.2164388	2.0146456
2.2108078	2.0182507
2.2138627	2.0104792
2.1971893	2.0033283
2.182492	2.0018737
2.3263292	1.9871603
1.9155744	1.980192
1.8193676	1.9829764
2.110384	1.9836926
1.9213822	1.966388
1.6140087	1.9766561
1.7602307	1.9787033
1.9849205	1.962711
1.774738	1.9623536
1.6769515	1.9749907
1.2826567	1.9922657
1.2118349	2.0006695
1.2069995	1.9954976
1.0944176	2.010857
1.033581	2.0226338
0.99591994	2.0197608
0.9942953	2.038001
0.9772035	2.0516272
0.9156524	1.9966139
0.93829167	2.0418367
0.9184408	2.036121
0.9151012	2.014204
0.924626	2.0315979
0.9255495	2.0422993
0.91203606	2.0244734
0.96358657	1.9951798
1.0671307	1.9966332
1.1042464	1.996972
1.0556122	1.9994655
1.0684906	2.0009072
1.0954003	1.9972857
1.1545581	1.9873489
1.3056672	1.9851801
1.5501214	1.9880624
1.6259875	1.993255
1.931059	2.0053148
2.1443238	2.0183177
2.2143192	2.0236719
2.2158632	2.0222075
2.139711	2.0145543
2.1474226	2.0141368
2.1179123	2.0097375
2.0776188	2.0055728
2.1731215	2.0017197
2.2859006	1.9950055
2.1323748	1.9979674
2.0980937	1.9899982
2.05344	1.9870077
2.0214717	1.9873075
2.0414133	1.9837589
1.9461805	1.9821382
1.9108695	1.9853904
1.8719134	1.9866029
1.9988669	1.9869764
1.9033924	1.9821457
1.9892435	1.9855328
2.2479963	1.9150338
1.4677416	1.9667662
1.2472214	1.8916684
1.2473686	1.2247039
1.2042651	1.0107269
1.1435292	1.0112288
1.2750484	0.9658287
1.1137052	0.983779
0.95298415	1.0478534
1.0667114	1.0559626
0.9834488	1.0111239
1.000694	1.0256265
0.9657378	1.0225804
0.9704403	1.0119311
0.95487857	1.0043217
0.97440726	0.995876
1.1587318	1.0106739
1.4549379	0.99970376
1.5613658	0.9983596
1.466565	1.0055795
1.4737345	1.0229045
1.5195212	1.0247802
1.3873775	1.0083349
1.2620822	1.0129035
1.4178079	1.0250622
1.3492677	1.0094126
1.4365507	1.0019227
1.7480844	1.002339
1.9345862	0.9913171
2.4606838	0.96309143
2.5907834	0.9572996
2.5551302	0.9549556
2.587525	0.95590913
2.624823	0.9565184
2.6796243	0.95619094
2.7044995	0.9637177
2.8596032	0.9542534
3.0098453	0.9633277
3.0406084	1.0055047
3.0520635	0.99696827
3.0989382	1.0117161
3.0683186	1.0588746
3.014812	1.031022
3.0085444	1.0384884
2.9576414	1.1133859
2.8463414	1.1695144
2.8241897	1.1748381
2.8731267	1.215824
2.8043754	1.0595337
2.63781	1.0514085
2.626231	1.0859282
2.5611181	1.0463768
2.2154198	1.1285242
2.056824	1.2605883
2.1411612	1.0490835
1.6593115	1.0372567
1.5375515	0.9431001
1.5125422	0.93685454
1.405143	0.91966254
1.3503073	0.91109043
1.2440485	0.96003854
1.1959226	1.0201813
1.1966981	1.0569125
1.3607618	1.230284
1.8022016	1.413763
1.93923	1.6161575
2.0716577	1.3612372
2.1101358	1.1204467
2.1645956	1.1686132
2.0054226	1.258886
2.1603713	1.320292
1.9660908	1.5132836
1.7060531	1.8687769
2.0618598	1.9987153
2.1037922	1.994772
1.8964822	1.996968
2.2837431	1.9876393
2.2831168	1.9873325
1.8125255	1.9969134
1.8905061	1.9972357
1.8943495	1.9948956
2.0816767	1.9880627
2.116854	1.9897588
2.0343504	1.9897485
1.8840098	1.9897515
1.74027	1.9906973
2.0937598	1.9883809
2.7500837	2.021689
2.51288	2.0064158
2.4434865	1.9983006
2.0457735	1.9907836
1.6494766	2.0003839
1.4902277	2.004523
1.5258797	1.9938458
2.0358813	1.9901339
1.9962949	1.9843601
1.6455371	1.9869161
2.1547155	1.9909799
2.5156739	2.004793
2.6992242	2.0276814
2.6433427	2.0198495
2.8100004	2.032634
2.900505	2.0520837
2.9765308	2.0558572
3.0464296	2.067204
2.9908674	2.0515563
2.9916198	2.045049
3.0407987	2.0533721
3.0095692	2.0386412
2.9140468	2.0236702
2.9584665	2.028444
2.9802418	2.0222895
2.8239431	1.9963315
2.7432797	1.9919411
2.7469761	1.9826746
2.864385	1.984684
2.7780297	1.979522
2.484372	1.9618336
2.5741928	1.973925
2.8106723	1.9974097
2.5615368	1.9871049
2.2197244	1.9755038
2.147347	1.977928
2.0529802	1.9777948
2.0140462	1.9853309
1.703682	2.003754
1.7700506	1.9997178
2.030157	1.9951694
1.7258915	2.0073373
1.6574321	2.0127401
1.654565	2.008875
1.7894847	1.99552
1.6027466	1.9991579
1.7767882	1.991352
1.8486732	1.9873445
1.5283245	1.9945605
1.5624124	1.9900671
1.8212806	1.9841609
1.7967356	1.981462
1.6791666	1.9824077
1.7518269	1.9829522
1.7571812	1.9801202
1.7658448	1.9576799
1.9844381	1.9203316
1.9383936	1.9622754
2.1093397	1.9358912
2.3814301	1.8053112
2.680669	1.3675756
2.772402	1.3282714
2.7146173	1.1745623
2.8605123	1.0224242
2.972229	1.0022604
3.0312781	1.0204122
3.153576	1.0229771
3.151063	1.0153581
3.0864856	1.0018066
3.1187048	0.9940576
3.108578	0.99320495
3.0475302	1.0048892
2.9443712	0.9982908
2.976731	1.0043006
2.9703143	1.004032
2.911441	0.99870366
2.8827975	0.997793
2.8703465	0.9976913
2.8565745	0.997464
2.857719	0.99788314
2.7403278	1.0042645
2.6078577	1.011506
2.6536264	1.0276654
2.65339	1.0416989
2.5628874	1.0672799
2.5469935	1.075516
2.3653636	1.059981
2.2139983	1.0290563
1.9224696	0.9720609
1.7588902	0.9279651
1.6966572	0.9436148
1.5797952	0.9695229
1.527112	0.95167255
1.4461745	0.9756512
1.38184	1.0201629
1.2576247	1.0031134
1.13882	1.0996222
1.0552851	1.0490144
1.0036006	0.9685774
0.9600761	0.9839562
0.91476506	1.046859
0.90435904	1.0173876
0.91267854	0.979448
0.90439445	0.97903645
0.9107704	0.9836799
0.9322867	0.9892332
1.002159	0.99998707
1.0895889	1.1466155
1.2094233	1.3986732
1.2612445	1.3143656
1.2556012	1.1465228
1.262085	1.0896393
1.1674635	1.0659564
1.194035	1.041246
1.4405568	1.0487572
1.593242	1.0524746
1.9006767	1.1239241
2.2745566	1.2395567
2.3917634	1.1012686
2.504919	1.0657581
2.6082318	1.1046561
2.6396506	1.0887337
2.6973264	0.9961682
2.7760193	0.9732647
2.811373	1.0098368
2.8867488	1.0285541
2.98832	1.016249
3.0490456	0.9838206
3.0941782	0.9818846
3.1007237	1.0052798
3.091572	1.0199819
3.106289	1.062697
3.0640612	1.0029669
2.9816117	1.0047463
2.8885784	1.019694
2.9096777	1.0110719
2.8699358	1.0157521
2.702313	1.0131986
2.6814547	0.9989239
2.752447	1.0116497
2.664786	1.0204631
2.6912727	1.0528344
2.6452367	1.1512092
2.6871574	1.292901
2.8586237	1.7642962
2.9351075	1.9113381
2.9979036	1.9882103
2.9335604	1.9883221
3.0117881	1.9944524
3.048765	1.9690335
3.0418968	1.9720682
3.0563238	1.9901986
3.0158565	1.9836615
2.9758096	1.982835
2.9418666	1.9857037
2.8786528	1.9843403
2.927566	1.9922564
2.9028845	1.9931989
2.664513	1.981141
2.733919	1.9854565
2.7976222	1.9945511
2.6810203	1.9889702
2.752938	1.9954644
2.8183622	2.0035868
2.5603957	1.9829533
2.5166488	1.9795778
2.762752	2.0003035
2.675371	1.988478
2.6319423	1.9760089
2.7159936	1.987489
2.6401446	1.7363533
2.1236677	1.8989545
1.7333244	1.9097459
1.7689624	1.3628206
1.7007287	1.1058341
1.5764141	1.0367239
1.614942	1.0241135
1.4120246	1.056872
1.4164897	1.0177205
1.7975416	1.006862
1.6608117	1.0051916
1.2973442	0.99082947
1.1850653	0.9804953
1.0636916	0.9762329
1.0284669	0.98167527
1.0071852	0.99047834
0.9852452	0.99154145
0.99025965	1.0013212
0.9620188	0.99365425
0.9605108	0.992784
0.96006393	0.9978438
0.9522985	0.9978209
1.0338331	1.0038102
1.1454967	1.0033833
1.257495	0.99945426
1.2528058	1.002774
1.2322811	1.0008136
1.359555	1.0006497
1.3598176	1.0010887
1.2284124	1.0006981
1.343393	0.99952406
1.8560529	0.9892192
2.0608916	1.0036594
2.2980404	1.0867116
2.3876307	1.0472583
2.4472325	1.0327399
2.4858756	0.9836551
2.3298085	0.9740787
2.41549	0.97047335
2.5239282	0.9771136
2.500095	0.969163
2.306039	1.0000086
2.2976878	0.9967854
2.4614792	1.0002158
2.3952785	1.0003606
2.2807467	1.0051825
2.151935	1.0335591
2.0452356	1.0268029
1.8940939	1.0177443
1.9367309	1.0312798
1.9296604	1.0207182
1.7297094	1.0263107
1.6751692	1.0824119
1.684598	1.3206697
1.3880796	1.8809496
1.2267506	1.8952923
1.1140183	1.8104
1.0830476	1.729949
1.0733032	1.9956125
1.0767971	2.0021718
1.0735348	2.0051327
1.0436084	2.0089664
1.0273454	2.0137095
1.0050626	2.0206988
0.95538175	2.0302725
0.93992406	2.049768
0.956096	2.045552
1.0006251	2.021586
1.0258489	2.0164623
1.0252446	2.0287468
1.0101537	2.031478
0.9878818	2.043615
0.96974903	2.0386767
0.9701956	1.9097654
1.009943	1.940879
1.0685164	1.9762727
1.0708526	1.9867886
1.0945675	1.9765669
1.1905352	1.949746
1.3369496	1.8774672
1.4067894	1.7842406
1.3088299	1.8989736
1.6466594	1.8062379
1.8934073	1.6514452
2.2634473	1.3455832
2.3470187	1.5970578
2.3635237	1.6644225
2.5649023	1.1572273
2.6607401	0.98409444
2.710758	0.9772912
2.7079873	0.95355296
2.8413494	0.98820376
2.878855	0.96250045
2.8974986	0.9871376
3.0033305	0.98477805
3.0921757	0.97762537
3.0985427	0.98332334
3.02843	1.0048989
3.0395706	1.0026463
3.0380487	0.9988437
2.986466	0.99968773
2.9560282	0.9991111
2.9325387	0.99890393
2.8888001	1.0005728
2.7906046	1.0041479
2.7554016	1.005726
2.8355873	1.0142585
2.789475	1.0052685
2.7486293	1.0064104
2.5766	1.0647864
2.3208816	1.1092294
2.2330852	1.278501
2.1948016	1.8124602
2.0093353	1.4339435
1.8796567	1.6717987
1.9385624	1.9433904
1.9142122	1.9638674
1.8135668	1.9612323
1.785384	1.9659672
1.5870138	1.9472524
1.5157416	1.9472078
1.4415343	1.9642892
1.3273413	1.9617183
1.1679296	1.9651622
1.0499523	2.0054736
0.9797113	2.030144
0.93186766	2.0469546
0.9137571	2.0512238
0.92574316	2.054932
0.9210222	2.0565395
0.8851112	2.0387292
0.8592791	2.023884
0.8627326	2.009717
0.90632576	2.0022564
0.9241261	2.0018814
0.9232592	1.9881505
0.96206415	1.9771823
0.9753119	1.9844581
0.9932895	1.9792976
1.0675433	1.9503031
1.046535	1.8753483
1.1130928	1.7829345
1.3598397	1.7372897
1.6237329	1.6359043
2.107622	1.5813544
2.1105165	1.6411009
1.9950664	1.6069117
2.2477136	1.0355464
2.4302397	0.9660729
2.5237057	0.9401551
2.5392165	0.9462348
2.5838342	0.98015
2.707526	0.96670485
2.7220592	0.9547201
2.7475183	0.9638097
2.8279727	0.9750555
2.9308927	0.9769655
3.018855	0.9814839
3.054082	0.99777836
3.0708017	0.9830682
3.0808203	0.98631006
3.0531247	0.9943846
3.028713	1.0016506
3.0133615	1.0029721
2.9983926	1.0015107
2.9331744	1.0022064
2.9092195	1.0139333
2.9226918	1.0026314
2.924417	0.99886674
2.8425763	0.9992982
2.805374	0.9949108
2.6762767	0.9939097
2.7338529	1.0171448
2.8216321	1.0066558
2.6829185	1.0063325
2.516882	1.0031196
2.355068	0.98245347
2.162272	0.97661906
1.9780636	0.99460286
1.7967039	1.0073229
1.5673543	1.1316843
1.5180234	1.2314978
1.4718271	0.97435796
1.3917179	1.1106536
1.2963808	1.0610054
1.2075673	1.0833137
1.0729005	1.3756615
1.0082104	1.0583978
0.9603061	1.0242426
0.9248227	1.0440239
0.91659904	1.0024086
0.9055651	0.99418736
0.91344494	0.9812573
0.9272708	0.98557806
1.0212423	1.0431322
1.0993462	1.0660748
1.2306659	1.2137285
1.2748098	1.2745299
1.2087028	1.0755471
1.3201178	1.0740585
1.2672278	1.0654267
1.2396435	1.1186329
1.2350758	1.38456
1.2773386	1.5438142
1.2466831	1.9670883
1.2955446	1.9404422
1.3151826	1.9582219
1.4655976	1.9993491
1.7609508	1.9986935
1.824862	2.0007834
1.9455463	1.9996078
1.9314098	1.9988687
2.0842674	1.9944277
2.0160668	1.9986092
1.9710412	1.9982172
2.286031	1.997504
2.2325037	1.9963475
2.129729	1.9923486
2.2022066	1.991606
2.2822084	1.9921833
2.4370654	1.9957088
2.309278	1.9894726
2.0327904	1.9831995
2.1221123	1.9810066
1.9173989	1.9654113
1.7108351	1.9351418
1.9019462	1.9401467
2.1341007	1.8988631
2.3029032	1.8841587
2.5863802	1.9478495
2.5849223	1.9889482
2.798342	2.0150878
2.9465969	2.0114667
2.9182682	2.0354526
2.9651325	2.045153
3.069586	2.048356
2.9759998	2.0402539
3.130907	2.0832167
3.0740929	2.0695937
2.9602895	2.0199308
3.024911	2.0088155
2.957494	1.9954356
3.0113993	1.9977064
3.0026987	1.9812951
2.9657316	1.9853191
2.9275725	1.9928873
2.9445643	1.9826272
2.8533325	1.9917136
2.762069	1.980541
2.8266964	1.9595811
2.9265125	1.9909807
2.9854891	1.9953153
2.751041	1.9395037
2.6636553	1.9362731
2.8245919	1.9484057
2.7778838	1.778131
2.0745418	1.9326469
1.9513583	1.9828825
1.9087611	1.9763641
1.6101024	1.8429854
1.5654193	1.8127071
1.543802	1.9481195
1.498452	1.9695176
1.5243614	2.0080998
1.5112206	2.0198135
1.3460763	2.0268443
1.2052065	2.0368018
1.1037066	2.0458868
1.0448613	2.0335584
0.9752136	2.0315266
0.94669425	2.0301728
0.96756	2.0228143
0.9768475	2.0332813
0.9724893	2.0408413
0.9628723	2.022731
1.0217793	1.9832333
1.0478648	1.980406
1.0539994	1.989834
1.0698286	1.9969474
1.1102461	1.9857087
1.1049455	1.9801497
1.1097207	1.988769
1.1425788	1.9891634
1.1244773	1.9902332
1.1541531	1.990718
1.1878442	1.9878443
1.240916	1.9812316
1.270384	1.9820825
1.3393698	1.9783884
1.4604335	1.9590701
1.4731791	1.9361417
1.4860845	1.9256186
1.3575665	1.539815
1.0787654	1.1123717
1.0658779	0.96629524
1.101385	0.99258995
0.9345314	1.0085882
0.9991809	1.0201055
1.0215043	1.0118476
1.1718574	1.0285393
1.2891796	1.0189711
1.1403759	0.99867094
1.2793291	0.99316376
1.4196047	0.9955975
1.4409143	1.0110501
1.5747168	0.9984791
1.3207322	1.0030352
1.3329685	1.0005462
1.221151	1.0007725
1.1238692	1.0010027
1.2320957	0.99982756
1.1845464	0.9995881
1.1863198	1.0001371
1.0953008	0.9988959
1.2195759	1.0044698
1.4989009	1.0020186
1.310132	1.0081247
1.3921764	1.0574527
1.3852701	1.126085
1.2623923	1.8259163
1.5494009	1.8676969
1.7481701	1.4631009
1.6626037	1.8563327
1.7822405	1.984625
1.793288	1.9988126
1.8812915	1.9976281
1.7612817	2.0030162
2.1417568	1.9933168
2.2689188	1.9915515
2.2414985	1.9899195
2.2025485	1.9905926
2.0993233	1.9927413
2.3721647	1.9952444
2.3911173	1.995625
2.4362347	1.9937676
2.365202	1.9904048
1.9342555	1.984844
2.076637	1.9843897
2.1987495	1.9523969
2.152711	1.9844275
2.0641088	1.9777958
2.05554	1.9768718
2.1073422	1.9780604
2.1580324	1.9580241
2.1098108	1.9141446
1.9796323	1.740749
1.977223	1.4941323
1.8841801	1.3393036
1.7410067	1.6201648
2.009904	0.97356886
2.2333665	0.956243
2.0926294	0.947447
1.9041318	0.9576972
2.244874	0.9868842
2.2313375	0.99860305
1.8681912	1.0266818
1.9499297	1.0217865
2.0756514	1.0263331
2.1104474	1.0352033
2.2133603	1.0180025
2.0762813	1.0216566
2.146169	1.0232635
2.2689173	1.0174562
2.081351	1.0102172
1.799947	0.99684083
1.8447051	0.999842
2.015901	1.0050372
2.1725218	1.0081089
2.1943767	1.005016
1.9286937	0.9993314
1.7483867	1.0035114
1.761736	1.5252161
1.7364609	1.2468877
1.9942646	1.08446
2.4951007	1.5499288
2.7317696	1.934855
2.8429458	1.9903597
2.8429146	1.9824903
2.87259	1.9817264
2.8813086	1.9766029
2.9118876	1.9795763
3.0239604	1.989544
3.0279853	1.9885267
3.0566835	1.9930521
3.0572605	1.9973197
3.0393696	1.9972603
3.0352898	2.0016356
3.0154767	2.0031233
3.007102	2.0060928
2.924163	1.9967576
2.8994944	1.9946904
2.9986503	2.008051
2.9499907	1.995673
2.8853436	1.9804553
2.8188322	1.9811695
2.8529577	1.9829757
2.8052998	1.9748088
2.858885	1.9874959
2.8732884	1.9837276
2.6941862	1.964482
2.6186764	1.9587919
2.4497268	1.9061437
2.099035	1.5773821
2.0629487	1.4853617
1.9210134	1.602718
1.6358453	1.2394189
1.7831258	1.0262692
2.236787	0.9773575
1.7793478	0.99873114
1.64915	1.0238723
2.2229097	0.9891393
2.0516245	0.98661405
2.4212646	1.0091776
2.4832613	1.0106602
2.0614645	1.0076907
2.016661	1.0053155
1.7500708	0.98633087
1.7917825	0.99910325
1.7106205	1.0063411
1.6382538	1.002659
1.7791153	1.0026257
1.9069396	1.0103978
1.8509519	1.0090199
1.8282577	1.0045254
1.8822073	1.0078939
1.9191929	1.0057826
1.8360474	1.0030198
1.8583616	1.0064471
1.9138943	1.0206025
1.841176	1.0504041
1.943402	1.067197
2.088986	1.0068353
2.2665517	1.0669106
2.4999435	1.976468
2.5172246	1.9681975
2.6712646	1.9941458
2.7753184	1.9773861
2.854686	1.9747195
2.9711468	1.9854796
2.9787946	1.9822922
2.97444	1.983005
2.9989119	1.9898489
3.013678	1.9978746
3.0279412	2.0037596
3.005925	2.0074754
3.0377846	2.018382
2.9847755	2.0143716
2.945918	2.0037768
2.9661376	2.0140672
2.9453092	2.0114584
2.8487365	1.9987502
2.7727692	1.9915754
2.7834325	1.9902062
2.756549	1.9890679
2.8381395	1.9899483
2.6628442	1.9656488
2.6068726	1.981044
2.7148085	1.9920462
2.328168	1.9718345
2.0399332	1.9842099
2.1075947	1.9891342
2.0880861	1.9918673
1.7774732	1.9999403
1.7231525	2.004422
1.8034592	2.0055568
1.7079536	2.0130615
1.6917282	2.0139296
1.5897977	2.017791
1.4757345	2.0263608
1.3226293	2.0270581
1.2105623	2.0226998
1.1080403	2.0335774
1.0583622	2.0461206
1.0218421	2.0441844
1.0057707	2.048319
0.980864	2.0547717
0.96822405	2.0543184
0.95755833	2.0483344
0.93801767	2.031919
0.9352618	2.0052688
0.97269964	1.9984877
1.009391	2.0063732
1.0392479	2.0041678
1.0819471	1.996137
1.092166	1.9964079
1.0899587	1.9969274
1.084114	1.9961683
1.1667643	1.9843158
1.353849	1.9672593
1.5283705	1.943701
1.3860298	1.976358
1.2817581	1.9781327
1.5378983	1.9555377
2.0120113	1.8460083
2.2165985	1.5139245
2.1994581	1.0321064
2.1229475	0.989984
2.106041	0.9327517
2.1116974	0.98125273
2.3604445	0.9599634
2.5042515	0.96354055
2.5130231	0.98178744
2.7436876	0.96515656
2.8306127	0.96857226
2.8782716	0.99135387
2.995373	0.98695534
3.0807188	0.97625035
3.042385	0.9928473
3.0419443	0.99732083
3.0301008	0.9987786
2.9311845	1.0029533
2.911908	0.9997073
2.8848846	0.9988576
2.837803	0.997496
2.7482839	0.9976009
2.602005	1.0037549
2.6902027	1.0205038
2.8230646	1.0148337
2.5724378	1.0107706
2.5019593	1.0719092
2.776102	1.1552196
2.688476	1.7942104
2.6506767	1.984867
2.578168	1.9819754
2.6388056	1.9229867
2.978244	1.9899318
3.0128846	1.9732769
3.0272636	1.9723883
3.0182655	1.97729
3.001032	1.9826709
3.0365868	1.9918473
3.0017488	1.9934136
2.9061944	1.9913397
2.871903	1.9891651
2.7450712	1.9862798
2.673959	1.9858129
2.8381443	1.9867059
3.026565	1.7357446
2.8508463	1.9681966
2.7769864	1.9912694
2.6832714	1.9876771
2.5802968	1.9825017
2.7378564	1.9928405
2.707069	1.9894831
2.4600894	1.9730968
2.2508137	1.9829968
2.1804929	1.987719
2.0869462	1.9884554
2.0085742	1.9916883
1.9913661	1.992956
1.861252	2.00109
1.7798414	2.0048823
1.7671471	2.0066257
1.7852212	2.0073495
1.6857377	2.0122414
1.6664696	2.010319
1.5890299	2.004989
1.497371	2.006245
1.5184684	1.993796
1.3878418	1.9956577
1.4152883	1.9911094
1.5374526	1.9853462
1.7148705	1.9850425
1.6474395	1.9841197
1.3863081	1.9863898
1.6131514	1.9684483
1.6619496	1.9381464
1.7151847	1.2915734
1.2409273	0.99839896
0.9416639	1.8075956
0.9223436	1.2335502
0.9660466	1.0476648
1.1143869	1.0413696
1.2341925	1.0585066
1.1175605	1.0731256
0.95983577	1.0264277
0.9748175	1.0098234
1.0692028	1.0280794
1.0512016	1.0079409
1.1138134	1.0201285
1.2345031	1.020287
1.2708472	1.0071872
1.3748145	1.0037789
1.5072042	1.0042647
1.5454162	1.0050741
1.5209972	0.9996606
1.41772	1.0051986
1.4844626	1.0002897
1.457467	1.0005996
1.4462867	1.0022469
1.611349	1.0710994
1.7461102	1.7159733
1.9927632	1.7595832
2.1902077	1.758522
2.1692367	1.9753339
2.1415606	1.9879583
1.9556501	1.990789
1.5263785	2.0020874
1.9343548	1.9925255
1.8716512	1.9966697
2.141024	1.9914566
2.4100454	1.9967889
2.3737628	1.9936599
2.302131	1.9936248
2.30964	1.9887233
2.468982	1.9949574
2.142647	1.9848655
1.915405	1.9852108
1.9081123	1.9711514
1.8219798	1.9811786
2.2703123	1.9849437
2.2677681	1.972591
1.7354655	1.9601896
1.8769515	1.8933728
2.1101856	1.7577966
2.1471863	1.1842427
