1.9208351	1.3703891
2.2150047	1.6718893
1.9467973	1.6137708
2.315606	1.6735177
2.297219	1.6613975
2.461835	1.6662017
2.4551303	1.6607344
2.5357797	1.6587262
2.5396793	1.656888
2.5025158	1.6550508
2.5320008	1.6559068
2.552465	1.6541599
2.5445235	1.6544895
2.556136	1.6535398
2.5631523	1.65151
2.567023	1.6486179
2.5402174	1.654401
2.529016	1.6550559
2.1621704	1.6209356
1.9429332	1.6042486
1.9014755	1.6049225
1.8556544	1.6033455
1.8371904	1.5933847
1.8250414	1.5615404
1.8296254	1.5169365
1.8739074	1.3731512
1.9450998	1.3073705
2.0994284	1.2942337
2.1839416	1.3592886
2.1945484	1.4025075
2.1864953	1.4537094
2.1730726	1.4832628
2.1703584	1.5021207
2.1680458	1.4974076
2.1748886	1.501977
2.192204	1.4931544
2.2123106	1.487385
2.2318058	1.4527767
2.2437298	1.4385668
2.2509954	1.4089307
2.2526207	1.397368
2.2530296	1.3869241
2.2539465	1.3886895
2.2519665	1.3782176
2.2526484	1.3795619
2.2533967	1.3819926
2.2552745	1.3886131
2.253498	1.3832653
2.2509358	1.3796169
2.2443733	1.3700967
2.2344716	1.3614175
2.2350552	1.3612943
2.2421963	1.3792497
2.2361157	1.3862717
2.227803	1.3862199
2.2147496	1.3831583
2.193623	1.3710628
2.1532385	1.3545694
2.1238494	1.3545078
2.0564482	1.3280456
2.0120616	1.3202451
1.892091	1.2448077
1.8062809	1.1492361
1.9383837	1.328955
2.0860784	1.6078446
2.108837	1.7610564
2.0806243	1.7663223
2.0519464	1.7338825
2.0532348	1.737591
2.0068064	1.6782427
2.000985	1.670726
1.9806104	1.6419232
1.9724659	1.6308504
1.967198	1.6225556
1.9667273	1.6215696
1.9632455	1.6161759
1.9588182	1.6089469
1.9571472	1.6062895
1.9553365	1.603565
1.9556018	1.6045715
1.9641777	1.6168194
1.9779215	1.6377872
2.0067253	1.6792748
2.0272048	1.7063209
2.0663776	1.7557905
2.083414	1.7739656
2.1135833	1.7917022
2.1229088	1.7815138
2.1199808	1.7094994
2.0675368	1.5511533
1.8135524	1.1542192
1.8317133	1.2818714
1.9031523	1.4709928
1.9293813	1.5338453
1.948538	1.5673496
1.9547457	1.5896466
1.958473	1.5815662
1.9611336	1.5969739
1.9724593	1.608085
1.973785	1.6131451
1.977892	1.6188959
1.9864073	1.62419
1.9896587	1.6264815
1.9970988	1.6259254
1.9965357	1.6277046
2.0043473	1.6277499
2.0166416	1.6336179
2.0401165	1.638274
2.063246	1.6371489
2.0908153	1.6218725
2.1242118	1.5914446
2.1473658	1.5643691
2.1856346	1.5246991
2.2208853	1.4774412
2.2455404	1.43477
2.2555315	1.3958305
2.244283	1.3551546
2.228936	1.3342758
2.2208	1.3265435
2.2271378	1.3326579
2.2321274	1.3378652
2.2412024	1.347759
2.2468162	1.3552446
2.2475574	1.3566862
2.2481143	1.3577924
2.2439725	1.3521277
2.2436752	1.3525745
2.2455685	1.3558856
2.252415	1.3694957
2.2555149	1.3843448
2.2553177	1.4075121
2.2448835	1.4394275
2.2212903	1.4812349
2.1892412	1.525226
2.1515782	1.5668163
2.10561	1.5973016
2.0812905	1.6140438
2.0480475	1.6391836
2.0144277	1.6507555
1.9900329	1.6551745
1.9699605	1.6541086
1.9364402	1.6402512
1.9181868	1.6365047
1.8778322	1.5825078
1.863503	1.5714151
1.8162291	1.4231153
1.7981534	1.3234609
1.7941055	1.2329938
1.8060216	1.204589
1.8209959	1.2053752
1.8298833	1.2111304
1.8339133	1.2125901
1.8289967	1.213581
1.8249165	1.2085669
1.8280939	1.2128931
1.8311434	1.215673
1.8295251	1.2156396
1.8039936	1.2235903
1.7971468	1.2807775
1.8091621	1.3790563
1.8374087	1.5067611
1.8699276	1.5905855
1.89346	1.625519
1.9175409	1.644025
1.9371827	1.6478251
1.9598986	1.6532542
1.9857179	1.6477557
2.0180612	1.6495326
2.0511682	1.6417184
2.0868428	1.6248885
2.124527	1.6023482
2.1767826	1.5622854
2.2209868	1.5175053
2.253601	1.4568706
2.2626703	1.398015
2.244313	1.3492677
2.228611	1.3304201
2.216666	1.3194929
2.2215636	1.3236257
2.226746	1.3292371
2.2307076	1.3329579
2.2400053	1.3419994
2.24488	1.3487461
2.245715	1.3500345
2.2531238	1.3605238
2.257951	1.371197
2.2615702	1.3852485
2.261804	1.4092964
2.2525768	1.4461633
2.2265642	1.4969795
2.2058794	1.527519
2.1709075	1.5778188
2.1485815	1.6045467
2.1188564	1.627834
2.088567	1.6528225
2.0727804	1.659147
2.056812	1.6689935
2.0522707	1.6693372
2.0478578	1.6688942
2.048326	1.6665214
2.0432835	1.6631763
2.0402658	1.6672099
2.04254	1.6629544
2.0417666	1.6632133
2.04133	1.6573532
2.0417624	1.6532896
2.0456207	1.6580647
2.015876	1.6031908
2.0208347	1.5752733
2.0612736	1.5566229
2.091676	1.5209156
2.0748255	1.4002122
2.0691216	1.3509622
1.9976683	1.2677646
1.9224949	1.2207206
1.884246	1.2465804
2.0184746	1.615893
2.0681455	1.7445257
2.066673	1.7158188
2.0980887	1.7139214
1.5272456	1.6645789
1.6977235	1.6694828
1.3396028	1.6490595
1.3485682	1.6459379
1.3601584	1.6358719
1.337014	1.6393522
1.3327754	1.6368382
1.3404081	1.6425357
1.3635323	1.6406986
1.4039974	1.6398443
1.5864583	1.6339852
1.5087464	1.6390648
1.3522936	1.6484289
1.3017036	1.651457
1.3697642	1.6326177
1.5430547	1.6103437
1.7648871	1.5554593
2.0817847	1.4921153
2.2558625	1.4570172
2.3931186	1.4926255
2.4220388	1.4899626
2.498783	1.5409324
2.5543969	1.5843042
2.5820422	1.6258733
2.5815444	1.6426066
2.5633464	1.6506449
2.5427108	1.6526227
2.551784	1.6526309
2.5594625	1.6514778
2.5634084	1.6506823
2.5719588	1.6484023
2.5531414	1.6513929
2.4371808	1.6430761
2.05534	1.6059124
1.9061704	1.5976472
1.8385965	1.5972267
1.8080231	1.5804874
1.789111	1.5596305
1.7755648	1.5448551
1.7698021	1.5271372
1.7607942	1.466265
1.7727755	1.4390887
1.8124018	1.3321844
1.9963844	1.2248409
2.1009986	1.2634405
2.2203135	1.3414314
2.2241228	1.3486141
2.2405071	1.371112
2.2449505	1.3783919
2.2492158	1.3948162
2.2479815	1.3928072
2.252916	1.4015434
2.2511492	1.3970731
2.2506719	1.3972168
2.2474835	1.3982798
2.2450366	1.4115422
2.2413547	1.4283887
2.2286015	1.4541967
2.2108195	1.4733233
2.1897438	1.5047954
2.1614037	1.5263432
2.1369386	1.5626049
2.1164663	1.5631045
2.1002257	1.5808651
2.0819967	1.5841906
2.0660057	1.5856122
2.0648613	1.5914173
2.0532544	1.5969678
2.0451334	1.5967277
2.0432208	1.5948917
2.0441933	1.5991404
2.038037	1.6001234
2.034934	1.5947956
2.0360532	1.5955049
2.0348556	1.5970441
2.0495868	1.604567
2.0560055	1.6047759
2.0676873	1.6080244
2.0909574	1.5917388
2.1165254	1.5777124
2.1482916	1.5438586
2.1823065	1.5227785
2.2237957	1.4698404
2.2443244	1.4070014
2.2476304	1.3659711
2.1961493	1.3009233
2.1375122	1.2550061
2.0404913	1.1949207
1.9900372	1.1724919
1.9421829	1.1603152
1.9775631	1.1770589
2.0238254	1.1967596
2.0871906	1.2318431
2.097544	1.2382301
2.1509902	1.2700155
2.1701698	1.2849299
2.1984024	1.3074794
2.2289486	1.3360462
2.2525718	1.3713915
2.2592044	1.4072247
2.243956	1.4568906
2.2228398	1.4944639
2.1919458	1.5375324
2.1699128	1.560345
2.1452065	1.5867776
2.123797	1.6057963
2.1058662	1.6177815
2.0895197	1.6292245
2.0740776	1.6244646
2.057892	1.6250037
2.048685	1.6320453
2.0381043	1.628085
2.0325973	1.6324972
2.0249808	1.6317879
2.0211182	1.6320618
2.0174515	1.6325125
2.0146492	1.6367209
2.012247	1.6420734
2.007993	1.6400114
2.0103078	1.6384541
2.0049775	1.6387584
2.0057323	1.6140269
2.0231073	1.6146883
2.0388467	1.5701665
2.0600846	1.5383925
2.0815804	1.4601139
2.1041522	1.4186422
2.0717516	1.3012964
2.039684	1.2434974
1.9213237	1.225363
1.8607635	1.4142122
1.8389044	1.4742296
1.8581156	1.5862764
1.86054	1.5984256
2.2733386	1.6412023
2.1507308	1.6210552
2.5147996	1.6534501
2.576818	1.6381528
2.5666704	1.6195318
2.5363164	1.5811793
2.540805	1.5876845
2.5228515	1.5702251
2.5226736	1.5732547
2.5121353	1.5580797
2.533924	1.5805882
2.5081623	1.5558939
2.521132	1.5642861
2.4530141	1.4990853
2.4065797	1.4644629
2.3693402	1.4455882
2.3044434	1.4436125
2.195252	1.454381
1.9862242	1.4961165
1.7966484	1.5428585
1.5414631	1.601198
1.6704822	1.6258775
2.1896443	1.6619902
2.0071435	1.5809366
1.9462602	1.5355195
1.9275047	1.518483
1.9140867	1.5075665
1.9084548	1.5068779
1.9071274	1.5084898
1.9051985	1.5075512
1.9057469	1.5115438
1.9083265	1.5189036
1.9121712	1.5273633
1.9149725	1.5341548
1.9189798	1.5427744
1.9171786	1.5390638
1.9212235	1.546437
1.9211468	1.5463337
1.9228607	1.5486345
1.9292357	1.5587475
1.9339551	1.5654525
1.930277	1.5578862
1.9430088	1.5734067
1.9384707	1.5607636
1.9519985	1.5738404
1.9957381	1.6091315
2.073477	1.6593145
2.1500626	1.7044783
1.6481249	1.6720883
1.4296291	1.657398
1.4411988	1.6576523
1.4589952	1.6592158
1.521409	1.6636486
1.6395121	1.6673858
1.7853384	1.6726952
2.0954936	1.6926938
2.0353687	1.6883526
2.1752436	1.707525
2.1613123	1.7091873
2.164914	1.7162304
2.1113274	1.7240549
2.0887253	1.7440752
2.0949273	1.7660186
2.0603848	1.6556907
1.8743714	1.3014425
1.8601385	1.2464674
1.9188727	1.3411958
1.9603101	1.4347339
1.9671756	1.4985957
1.9737766	1.553162
1.9748999	1.5869454
1.9805421	1.6209854
1.9865487	1.6237965
1.9795593	1.6424305
1.9634402	1.6235362
1.9689318	1.6495962
1.9608881	1.6351906
1.9748744	1.6573918
1.9858767	1.6666486
2.0004416	1.6720805
2.0015383	1.676982
1.9959711	1.6737171
1.9991199	1.6677324
2.0037184	1.6688629
1.9923192	1.6641345
1.9840434	1.6603571
1.9672688	1.6603632
1.9653765	1.6606904
1.9472976	1.6570529
1.9377345	1.6597608
1.9213638	1.6480372
1.9065323	1.6411167
1.8978896	1.6329105
1.8831141	1.6152948
1.8679998	1.5902058
1.8533783	1.5568862
1.8476222	1.5459956
1.8286464	1.4836264
1.8191588	1.4447753
1.8170527	1.4337649
1.8136747	1.4201838
1.8099865	1.3962595
1.8020629	1.3466107
1.8044672	1.3600746
1.8080108	1.3810159
1.8124167	1.4021457
1.8080789	1.3802468
1.8295678	1.479791
1.8374287	1.5034487
1.857712	1.5603015
1.8712249	1.5845639
1.8847643	1.607263
1.9130192	1.6371151
1.9152771	1.6348512
1.9282953	1.6390377
1.9432583	1.644494
1.9601971	1.646275
1.9702946	1.6458176
1.9754391	1.6431669
1.9895216	1.644211
1.9868695	1.6492085
1.9937772	1.6513556
2.002994	1.6489906
2.0059178	1.6507463
2.0048985	1.6476666
2.0080538	1.6459576
2.010613	1.643052
2.0108771	1.6429075
2.013415	1.6367617
2.0155213	1.6263481
2.0134523	1.6149095
2.0146701	1.6134158
2.0104759	1.5965908
2.005514	1.5850235
1.9932649	1.5516392
1.9833639	1.5342785
1.9718369	1.485709
1.939349	1.4325418
1.8568517	1.2663368
1.8106927	1.172568
1.8918376	1.2362864
2.052778	1.5094345
2.1140888	1.728077
2.114211	1.7511296
2.0906293	1.7709363
2.065012	1.7460185
2.0324352	1.7068999
1.990943	1.6514727
1.967124	1.6170785
1.951921	1.5940814
1.9388034	1.5728697
1.9312574	1.5602779
1.9229481	1.5452193
1.9183075	1.5367315
1.9171727	1.5339073
1.9163419	1.5319431
1.9161394	1.5316678
1.9162139	1.5318514
1.9177318	1.5346613
1.917661	1.5345513
1.9190391	1.5360079
1.9188524	1.5344535
1.9222475	1.5362287
1.9240059	1.5343691
1.9319751	1.5418279
1.9438802	1.5529034
1.9649893	1.5714295
2.003927	1.6050462
2.0794816	1.6555207
2.1068776	1.6999117
1.3598332	1.6608012
1.6598531	1.6077094
2.039292	1.5270255
2.2866035	1.5004445
2.4450066	1.5780804
2.527025	1.6511674
2.4696372	1.6582669
2.3412259	1.6384708
2.2687774	1.6216948
2.287604	1.6199254
2.2495914	1.6140289
2.1192822	1.6032472
2.083772	1.6014093
2.0662374	1.6013914
2.0979607	1.6041826
2.1340084	1.6085753
2.1447678	1.6083257
2.2556524	1.620469
2.4149423	1.6403719
2.5168157	1.653607
2.5555892	1.6552562
2.547904	1.6375766
2.4900565	1.5825822
2.3983824	1.5251155
2.3045242	1.4976324
2.1437445	1.510734
1.8309147	1.5722318
1.5801598	1.6519415
2.1957743	1.7010263
2.038069	1.6472603
1.9818287	1.6089082
1.9574789	1.5841701
1.9468898	1.5752178
1.939483	1.5666164
1.9352003	1.5630306
1.9326502	1.5617074
1.924056	1.5483149
1.9224712	1.5456778
1.9197682	1.541454
1.9167746	1.5361679
1.9157447	1.5346936
1.9148988	1.5321256
1.9122477	1.5267154
1.9127637	1.5276842
1.9124348	1.5266104
1.9152498	1.5326672
1.9196402	1.5408796
1.9259387	1.5534737
1.9398519	1.5786828
1.9520309	1.5995132
1.9938425	1.6636187
2.019705	1.7022762
2.0589893	1.7558614
2.1207886	1.8090858
2.1344616	1.8024865
2.1397297	1.7884376
2.1362865	1.721844
2.1205323	1.6447473
2.0889466	1.5530264
2.0543528	1.4805847
2.0150054	1.4163544
1.9833608	1.3702403
1.8738582	1.2449796
1.856723	1.235753
1.8122692	1.2294351
1.7982723	1.285949
1.7982595	1.3126935
1.8022598	1.3769494
1.8044472	1.3891808
1.8110306	1.4375978
1.808036	1.4199754
1.8131421	1.4470117
1.8063985	1.4046065
1.8137875	1.4431057
1.8017356	1.3415021
1.8273975	1.4774913
1.8369923	1.4798039
1.8337258	1.4348556
1.8285375	1.3582773
1.8237385	1.286086
1.800299	1.1648488
1.8256773	1.1948435
1.7981207	1.1259098
1.8154837	1.1691381
1.9976567	1.5502559
2.0079489	1.7098477
1.9354287	1.6333755
2.252261	1.6045885
2.3031185	1.5516994
2.381491	1.5585946
2.4084685	1.5384747
2.4282932	1.5233339
2.4899092	1.5578994
2.516137	1.5691926
2.5483878	1.5754567
2.5684795	1.582183
2.557871	1.5631286
2.5617268	1.563259
2.559946	1.5640891
2.5735645	1.5779569
2.5700676	1.5749476
2.5663042	1.5732732
2.5628076	1.5702745
2.5714958	1.5779269
2.5493853	1.556447
2.4969463	1.514764
2.4759076	1.505149
2.4282527	1.4835565
2.392347	1.4680102
2.344323	1.4595113
2.2915819	1.4544566
2.1890848	1.4605492
2.0510616	1.4890128
1.9233247	1.5210183
1.7433225	1.5611186
1.6078287	1.5841469
1.5244699	1.6078099
1.359355	1.6398093
1.3910482	1.642818
1.5467391	1.6392038
1.7457451	1.6336435
1.8720886	1.630998
1.712684	1.6326925
1.8724418	1.6335783
1.6796893	1.6351595
1.5050064	1.6438435
1.4036057	1.6498656
1.3848737	1.6554161
1.34154	1.6558515
1.3779826	1.6505479
1.5146966	1.6296098
1.6171063	1.6135654
1.8818312	1.5826072
2.1018548	1.5760903
2.2842703	1.6864917
1.9604107	1.599572
1.919338	1.4490019
1.9678421	1.2861204
2.0077596	1.2662109
2.092689	1.2790849
2.1410646	1.3051662
2.180896	1.3362437
2.1977787	1.3482465
2.224753	1.3853899
2.2254071	1.3663753
2.235404	1.3598292
2.2211492	1.3356888
2.1968932	1.3110994
2.1904569	1.3059585
2.1893845	1.3043461
2.1918232	1.3056273
2.1818635	1.2972759
2.1727843	1.2907739
2.1542382	1.2802209
2.1360457	1.2699325
2.1401057	1.2726326
2.122527	1.2652923
2.1286833	1.2740719
2.1134326	1.274398
2.1314433	1.2868522
2.1204581	1.2880327
2.1037223	1.2888644
2.0595632	1.2822068
2.04513	1.2961167
1.9716098	1.2711741
1.8793663	1.2109566
1.8776509	1.2725073
2.1012344	1.7241836
2.097249	1.767034
2.073241	1.748528
2.0347521	1.7067696
1.9736276	1.624342
1.9550512	1.5992671
1.9357166	1.5688611
1.9293542	1.5587213
1.9201715	1.5422257
1.9146745	1.531886
1.9125803	1.5279653
1.9112178	1.5247264
1.9099853	1.5223287
1.9091806	1.52128
1.9073815	1.5169594
1.907153	1.5167753
1.9111785	1.5246614
1.9150331	1.5314913
1.9221298	1.5445815
1.9355396	1.5677857
1.9388949	1.5713701
1.9626331	1.6082602
1.9827117	1.6371713
2.0398495	1.7168895
2.0672863	1.7505152
2.0996723	1.7769427
2.1037533	1.7594391
2.0193512	1.5332074
1.8458158	1.2358176
1.9242823	1.2561156
1.9772383	1.2737709
2.0162456	1.2689309
2.0224411	1.2590169
2.0357018	1.2507417
2.0225756	1.2362422
2.0265274	1.2218584
1.9923227	1.1981572
1.9552336	1.180242
1.9206585	1.1732244
1.9042172	1.1693653
1.907535	1.1663883
1.9075279	1.165474
1.9058018	1.1659468
1.9165443	1.166505
1.9255375	1.1682494
1.9259124	1.164116
1.9331557	1.1665949
1.9161023	1.166064
1.9214045	1.1711266
1.9359807	1.1812999
1.9502015	1.1904858
1.9817002	1.2045544
1.9864402	1.2053365
2.0030577	1.21621
1.9730009	1.2193222
1.9854031	1.2358916
1.9731328	1.2615993
1.9927748	1.2734294
1.9792002	1.2813038
1.9524707	1.2679473
1.8838196	1.2746348
1.949398	1.4295056
2.095242	1.749564
2.088615	1.7640502
2.0704257	1.7481265
2.0492349	1.7237215
2.0091827	1.6712329
1.987731	1.6425883
1.9574459	1.5997806
1.935634	1.5671748
1.916899	1.5346175
1.9136295	1.5288372
1.9103329	1.5227907
1.9106898	1.5242723
1.9054849	1.5138263
1.9032034	1.5091275
1.901507	1.5051383
1.898308	1.4966747
1.9003707	1.5008476
1.8998218	1.500594
1.899099	1.4987899
1.8998222	1.5003642
1.9003894	1.5006593
1.9010364	1.5002122
1.9036807	1.5042348
1.9074882	1.5098482
1.913704	1.5184535
1.9260812	1.5359291
1.937495	1.5500864
1.9603502	1.5692992
2.0033362	1.6141127
2.1509066	1.699512
1.386863	1.6720058
1.6236506	1.621216
2.0885637	1.5404257
2.3319094	1.5457278
2.4764435	1.6421754
2.4811249	1.6720549
2.3690767	1.6616403
2.3248186	1.6464773
2.3033822	1.6395537
2.2358484	1.6311173
2.2601097	1.6316625
2.199811	1.6275306
2.212706	1.6280297
2.2646935	1.633332
2.343029	1.6425478
2.3476133	1.6419499
2.333644	1.6414255
2.1912735	1.6268715
2.1596494	1.6256641
1.9439976	1.6067605
1.9599786	1.6099385
1.8949926	1.606057
1.8909947	1.608517
1.876191	1.6071855
1.8655338	1.5976734
1.8801396	1.5915965
1.900813	1.5386066
1.9519837	1.4379221
1.9859346	1.3229333
2.0180857	1.3075087
2.0202312	1.3222946
2.0247402	1.354073
2.0196166	1.3903742
2.0102303	1.4253232
2.0016499	1.4557524
1.9903173	1.471725
1.9895502	1.4968499
1.9915085	1.5110614
1.9897326	1.5129185
1.9973304	1.5148377
2.0019479	1.5062289
2.0020175	1.5104996
1.9985675	1.5009922
1.9938266	1.5064349
1.9780988	1.5040992
1.9728929	1.5157919
1.9487636	1.5138665
1.9301238	1.5069797
1.9146732	1.5086011
1.8966467	1.5111793
1.850115	1.4088924
1.867048	1.5075889
1.791653	1.1952469
1.8117721	1.3714186
1.791476	1.2109705
1.7916619	1.209384
1.8104756	1.1791717
1.8297698	1.1928917
1.8810261	1.2406569
1.888548	1.2502126
1.9052788	1.2721196
1.9241459	1.2952263
1.8880564	1.2560275
1.8845217	1.2523954
1.9014565	1.2695973
1.9114085	1.2835418
1.9479651	1.3272986
1.9049681	1.2744733
1.9189326	1.2883538
1.9009565	1.2723016
1.9213995	1.297988
1.7992197	1.2183529
1.812499	1.3912195
1.8325152	1.4613408
1.8646677	1.5373833
1.8836905	1.557429
1.9159164	1.5924877
1.9433897	1.5962518
1.9674315	1.6012856
1.9923452	1.5963717
2.026001	1.5838516
2.0603054	1.5708975
2.1008172	1.5552804
2.120827	1.5397457
2.1705043	1.4997352
2.1983204	1.468178
2.2206242	1.4439913
2.2367513	1.4201784
2.2476714	1.3988088
2.2456717	1.3743536
2.244199	1.3681449
2.2395866	1.3571343
2.2410188	1.3577306
2.242267	1.357453
2.2410824	1.3567351
2.239469	1.353149
2.2442567	1.3607415
2.2475066	1.3664988
2.2498634	1.37077
2.253446	1.3801059
2.2542686	1.3844744
2.2536352	1.387473
2.2535188	1.3908421
2.2511644	1.3903689
2.2458236	1.3814687
2.2345285	1.3593229
2.2174077	1.3362827
2.13517	1.2626139
2.0080771	1.1817889
1.8752309	1.14888
1.8091326	1.2942806
1.7866787	1.3780525
1.7824433	1.4612182
1.7801293	1.485458
1.8041052	1.5539204
1.8075464	1.5591998
1.8318692	1.5898123
1.834241	1.5892643
1.8880862	1.603756
1.9804173	1.615662
2.2720346	1.6504562
2.503645	1.6657606
2.5299797	1.6609453
2.5492892	1.6462677
2.5442839	1.6178904
2.540577	1.6084015
2.5383577	1.5939591
2.5290208	1.5789251
2.5539215	1.595301
2.5380783	1.5812247
2.5208704	1.5612899
2.5387661	1.579244
2.5382466	1.5842043
2.558156	1.6089075
2.5623226	1.6504768
2.5540924	1.6538674
2.545554	1.6566702
2.4737246	1.6648356
2.3619792	1.663263
1.9645165	1.6245725
1.9736634	1.6297231
1.9052423	1.6088241
1.9602473	1.6099415
1.9824327	1.5036633
1.9897759	1.3568801
2.0020735	1.3314965
2.007526	1.3777175
1.9893135	1.4212527
1.9886365	1.4596881
1.9772657	1.501587
1.979282	1.5081385
1.9848912	1.5444311
1.9817497	1.5401834
1.9850506	1.542739
1.9823387	1.5551353
1.987486	1.5506768
1.9862013	1.5582559
1.9889188	1.5541496
1.9883603	1.5495154
1.9925998	1.536622
1.9963516	1.5183679
2.0000956	1.4995427
2.0038528	1.4652078
2.0079477	1.4441013
1.990215	1.3760849
1.9555749	1.3059478
1.9250288	1.2514771
1.8831674	1.2068363
1.842711	1.2164586
1.934575	1.4174193
2.0816717	1.7390888
2.0952964	1.7219965
2.127999	1.7080714
2.1411395	1.6956033
2.1841085	1.6968932
2.0935917	1.6622169
2.1690605	1.6663902
2.1952631	1.6594921
2.056409	1.6339779
1.8342443	1.624778
1.7721549	1.6205217
1.8400129	1.6104704
2.0294464	1.6103613
2.15565	1.6256994
1.8640945	1.6059315
1.7153273	1.6163305
2.033928	1.6276435
1.9339709	1.6198127
2.2236392	1.6631657
2.1406655	1.6529381
2.0404217	1.6170176
1.9780861	1.5918915
1.9765489	1.6095431
1.9995666	1.6550691
2.0660772	1.7519665
2.1001196	1.7900665
2.120823	1.7889827
2.1273723	1.7402143
2.1268115	1.7089411
2.1098104	1.6267908
2.0857086	1.5530863
2.0650961	1.5038385
2.031551	1.4393364
2.0271869	1.4324162
1.9967397	1.3827662
1.9769666	1.3554344
2.0046136	1.3965112
1.9799694	1.3626295
1.9917084	1.3790721
1.9476154	1.3208473
1.9680729	1.3479953
1.9253937	1.2945243
1.9429587	1.3183492
1.9192845	1.2905105
1.8927222	1.2597054
1.8586427	1.2226305
1.8385892	1.1995584
1.8142498	1.174601
1.804566	1.1611972
1.7886558	1.1531852
1.7831161	1.1328417
1.7870294	1.113415
1.8300186	1.1495776
1.8054814	1.1162336
1.8331959	1.1548133
2.0690594	1.5721282
2.076538	1.6101153
2.0462186	1.7092023
2.0412686	1.7030617
2.0355928	1.6395208
2.0432327	1.6442868
2.18402	1.6896249
2.17674	1.6848418
1.3605422	1.647313
1.3237984	1.6423339
1.3148673	1.6410913
1.2990265	1.6337886
1.2990949	1.6292278
1.2999232	1.6309862
1.2937819	1.6311507
1.2950737	1.6316077
1.2942588	1.6272573
1.2974423	1.6318626
1.3078134	1.6323745
1.3318635	1.6349982
1.4375622	1.6318842
1.586508	1.6188825
2.2174144	1.6552677
2.1756353	1.6645044
2.0923772	1.6422157
2.0146718	1.6197001
1.9874477	1.6239264
2.045089	1.7248492
2.073941	1.766001
2.1243808	1.7779137
2.1227365	1.7088256
2.0966733	1.6014051
2.0323112	1.4498833
2.004598	1.3955256
1.9145893	1.2675586
1.9906734	1.3773468
1.8968513	1.2545822
1.8633016	1.2267414
1.8813047	1.250365
1.8685927	1.2435358
1.8352408	1.2224756
1.8212221	1.221229
1.8184808	1.221049
1.8063914	1.2303443
1.8192493	1.2284566
1.8005196	1.24645
1.798241	1.2740922
1.8008273	1.3369738
1.8132253	1.4241048
1.8439257	1.5542252
1.8612196	1.599242
1.8770323	1.6285633
1.8981332	1.651949
1.9114509	1.6605946
1.9234277	1.6660539
1.9438435	1.6743616
1.9565561	1.6762794
1.9792658	1.6756516
2.0002882	1.6720486
2.023406	1.6673671
2.0415294	1.663224
2.075184	1.6496907
2.107914	1.6308703
2.1399925	1.6070133
2.1767793	1.5768642
2.217993	1.5257794
2.2493672	1.4771788
2.2664113	1.4202682
2.2596517	1.3719926
2.2351356	1.3357489
2.2219613	1.323286
2.217635	1.3193785
2.2240877	1.3254635
2.2242749	1.3258339
2.2314582	1.3324122
2.232787	1.3340248
2.2327209	1.3338567
2.2297418	1.3319923
2.2297664	1.3348053
2.2197564	1.3273889
2.236405	1.3452301
2.226407	1.3355807
2.2235992	1.3351939
2.1828198	1.3011976
2.1521916	1.2824454
2.0494905	1.2244726
2.005095	1.2034341
1.9416683	1.2158961
1.9169034	1.2947679
1.9305215	1.3274143
1.9637363	1.3868943
2.0083795	1.535349
2.0817392	1.7127984
2.0796797	1.7538451
2.0399332	1.7098026
2.0067172	1.6650634
1.9829859	1.6345438
1.9493247	1.5866817
1.9368782	1.5688375
1.9305543	1.5588789
1.9242084	1.5479348
1.9180603	1.5368776
1.9134792	1.5278028
1.9094509	1.519474
1.9085811	1.5170369
1.9086785	1.5165089
1.9081359	1.5162189
1.9064913	1.5131154
1.9089047	1.5166161
1.9117997	1.5234454
1.9143519	1.529749
1.9292308	1.5583837
1.950629	1.5941494
1.9708147	1.6257113
1.9894303	1.6541718
2.041663	1.7295964
2.091899	1.7911693
2.1291938	1.8077261
2.1367364	1.7560074
2.1262085	1.677056
2.1099312	1.6117314
2.0778153	1.529473
1.9895606	1.3778539
1.9606731	1.3401288
1.8466678	1.2149403
1.8087593	1.1965809
1.8474258	1.2177912
1.9047266	1.2764808
1.8567717	1.2333621
1.8290507	1.2225875
1.8016037	1.23879
1.7975335	1.262326
1.7972631	1.2902737
1.8000239	1.332015
1.8094876	1.4037303
1.8321501	1.5136485
1.851451	1.5761476
1.8657302	1.6058633
1.8809651	1.632053
1.8905075	1.6393492
1.9073173	1.6579155
1.9185921	1.6601876
1.9321289	1.6649129
1.9425719	1.6670562
1.9621909	1.6733238
1.9712818	1.6745005
1.9874178	1.680859
1.9979124	1.679376
2.0028245	1.6823244
2.0153892	1.6743969
2.0168984	1.6749641
2.0203912	1.6732793
2.0160768	1.6754217
2.0213308	1.671098
2.0291197	1.662861
2.028078	1.6493108
2.0374386	1.6299261
2.0444984	1.5841823
2.0825086	1.5152717
2.1340315	1.4729476
2.14499	1.3362647
2.0305474	1.2144886
1.8610437	1.2251167
1.8341616	1.4539584
1.8680091	1.5951788
1.8498967	1.5926255
2.3046916	1.6486766
2.535267	1.6601869
2.565945	1.6341565
2.5026543	1.5382429
2.4797857	1.5102423
2.4638376	1.4902003
2.4462793	1.4752686
2.4197648	1.4529973
2.4049528	1.4433931
2.4072735	1.4464754
2.41783	1.4556528
2.4038725	1.4467015
2.4139447	1.4541224
2.4095004	1.4530125
2.4282057	1.4763459
2.448412	1.5067675
2.445038	1.5190358
2.4351325	1.5302838
2.4648175	1.5854139
2.471452	1.6523906
2.280525	1.681908
