1.010697	1.0675864
0.97635996	1.9239405
1.0667492	1.9487019
1.2436522	1.9951149
1.2898736	2.0094957
1.0890597	2.0214436
1.093086	2.0266721
1.0272721	2.029679
1.1742151	2.027943
1.2567616	2.029271
1.4163308	2.0304024
1.7122943	2.0227456
1.5180982	2.028216
1.5646174	2.0280068
1.5127162	2.0283604
1.5628258	2.022843
1.397779	2.0260425
1.059966	2.0323813
0.95473975	2.0335307
0.947359	2.0235832
0.9534304	2.020165
0.9615375	2.010818
0.9808643	2.004226
1.0022346	2.0148404
1.0441165	2.021853
1.0333406	2.0172153
1.0310237	2.0151935
1.102589	2.023009
1.124782	2.0256226
1.1133709	2.0227582
1.1781887	2.0209243
1.4021521	2.0153627
1.7040576	1.9915372
1.3567059	1.9982257
1.1907239	2.0225015
1.7297425	2.0160139
1.9786167	2.0035508
2.049334	1.991432
2.1569638	1.9599826
2.288364	1.9215915
2.3351572	1.8722466
2.560022	1.0101368
2.633143	1.0194309
2.8014774	1.1391562
2.867783	0.94997025
2.859465	0.9492369
2.9530241	0.9978488
3.119868	1.0395591
3.0461595	0.99363256
3.0144966	0.99654716
2.9892046	1.0286367
3.00161	0.9940684
2.9897501	0.9997816
2.9559271	1.0139835
2.9843063	1.0014462
2.9386008	1.0181108
2.8048952	1.0385873
2.805417	1.0368882
2.8167913	1.0276995
2.803361	1.0278423
2.8427224	1.028194
2.8879242	1.0253234
2.6638377	1.0594989
2.6806653	1.2564442
2.8106315	1.7613195
2.7573748	1.8563478
2.7238574	1.9558612
2.479962	1.9695139
2.2319245	1.9905202
2.3103817	2.0023198
2.2543788	2.0062065
2.1474688	2.00275
2.053037	1.9971122
1.9876959	1.9918771
1.937658	1.9858546
2.020463	1.9804742
2.081532	1.979329
2.1317425	1.9818578
2.2963142	1.9901918
2.3443244	1.9962993
2.061571	1.9784867
2.0954034	1.9807702
2.1935945	1.9879946
1.9902648	1.976608
1.9861253	1.9767996
1.9554633	1.9767665
2.0402923	1.9814143
1.965449	1.9804149
1.6562198	1.975911
1.3536775	1.993629
1.1914651	2.009753
1.0641439	2.0255108
0.9555345	2.0395086
0.93225145	2.044928
0.8992522	2.044552
0.8938522	2.0314314
0.91275215	2.017893
0.9287541	2.0082312
0.94765246	1.9903529
0.96055245	1.9833921
0.96979856	1.9961742
0.98715395	2.0122957
0.98477566	2.0171325
0.9884805	2.0205657
1.0081431	2.0232444
1.055652	2.023409
1.0830745	2.0230403
1.0449818	2.018677
1.0141286	2.0142846
1.0136493	2.0165596
1.0726544	2.023065
1.2794876	2.0249019
1.5277666	2.0219195
1.762578	2.0191622
1.9348028	2.0180132
2.0261004	2.0189888
2.1054828	2.0207467
2.2672045	2.0213196
2.2940319	2.027706
2.3024774	2.0290003
2.5916636	2.01906
2.7487283	2.0162559
2.843288	2.022331
3.0045056	2.0262604
3.0549893	2.0335557
3.120476	2.0380487
3.1150324	2.044923
3.0959187	2.0442972
3.0933661	2.042861
3.0174203	2.036525
3.000604	2.0281615
2.972876	2.0205338
2.9440694	2.0146623
2.9137194	2.009568
2.9025986	2.0155056
2.868941	2.0151086
2.9077144	2.0162036
2.9197094	2.0129802
2.9123125	2.0071409
2.807592	2.020725
2.5357811	2.013156
2.4218931	2.0085196
2.3264482	2.007627
2.1629412	2.003047
2.0760956	2.000953
2.0014515	1.9984283
1.9525037	1.9942108
1.8962291	1.9880456
1.7223781	1.9852717
1.5034548	1.9904318
1.280217	2.0028374
1.0880693	2.0204628
0.9544219	2.038234
0.87223303	2.0496175
0.852382	2.0497
0.87350434	2.0355136
0.9130158	2.004198
0.94905674	1.9729625
0.9597942	1.9837211
0.9601041	1.9981058
0.96379036	2.010781
0.96722215	2.0158753
0.96530974	2.0158148
0.9802652	2.0212612
0.99922127	2.022629
0.97546947	2.0179284
0.9884109	2.022101
1.051217	2.0260308
1.0635427	2.024644
1.2265261	2.0264647
1.6734668	2.0238757
1.9139464	2.020985
1.9699591	2.0217884
1.980031	2.0271752
1.9390815	2.03195
1.9662515	2.0357168
2.1277916	2.0347657
2.1164849	2.029312
2.125908	2.0185456
2.004826	2.008288
1.9136672	1.995899
1.8237488	1.9912987
1.9091523	1.9917257
1.9538699	1.9946376
1.7923429	1.988331
1.7878032	1.9856669
1.845919	1.9888557
1.8679434	1.9890196
1.6808568	1.98785
2.7697208	2.0096953
2.9079018	1.8136775
1.2577403	2.0023944
1.0559515	2.0167675
1.7467682	1.2467364
1.9734076	1.1293111
2.050704	1.0561129
2.4059596	1.0028315
2.3662362	0.9944541
2.2276065	1.0054637
2.0873783	1.0140013
2.0447683	1.0196626
2.087291	1.0165799
1.9603812	1.0034529
1.9976896	1.0046222
1.8982108	1.0038877
1.8329742	1.002376
1.7221998	0.9916878
1.871688	1.0044374
1.9015262	1.0064648
1.9376086	1.0077298
1.9670229	1.0091718
2.0141056	1.0098364
2.1225321	1.0142074
2.0131736	1.0032337
1.7588558	0.9741524
1.6724288	0.97084826
1.3233244	0.96330553
1.1287295	0.9993683
1.0530534	0.99159783
1.0206031	0.98816544
1.0120382	0.9779973
1.0151383	0.9817665
1.005272	0.9795525
1.0025593	0.98649305
1.0017843	0.9879956
1.002797	0.9907072
1.0059452	0.98748654
1.0142655	0.98732543
1.0399941	0.9894245
1.0372335	0.98499155
1.0091758	0.9868148
1.0049747	0.987875
1.0109756	0.98584425
1.0168829	0.98526686
1.0143062	0.99194896
0.9875019	1.0289032
0.9734064	1.0822483
0.9406541	1.9927971
0.9412043	2.0088794
0.9618713	1.9814447
1.0156108	1.821182
1.013326	1.859281
0.96017236	2.0012746
0.96144843	2.0025427
0.9583754	2.0079641
0.9616675	2.025669
1.1116287	2.0304503
1.2812716	2.0320723
1.3003976	2.0304985
1.1738304	2.0250432
1.0527079	2.0262403
1.1500875	2.0273738
1.2614205	2.0247283
1.0821851	2.0260324
1.0894068	2.0246043
1.2172816	2.0194392
1.3802758	2.0161703
1.5539052	2.0168183
1.4671701	2.0241125
1.673851	2.0225077
1.9565083	2.0152595
1.9624563	2.0186129
2.0650928	2.018374
2.0328708	2.0247817
2.0768368	2.0244656
2.088042	2.0278533
2.0964901	2.02649
2.2606575	2.0222995
1.9608183	2.0201418
1.9032652	2.0155485
2.1417975	2.017541
2.0215037	2.0098548
1.7765918	2.0031319
1.9005547	2.0048723
2.0910044	2.0076127
1.9299347	2.0004659
1.8488917	1.9989895
1.4489877	2.0029247
1.3368539	2.0070164
1.3290621	2.0119941
1.1232318	2.0255668
0.99440444	2.0374458
0.9412749	2.0415506
0.903319	2.0439951
0.89996254	2.0309043
0.924837	1.998028
0.9354812	1.9962751
0.96140546	1.9732251
0.9771587	1.9621986
0.99556935	1.9531009
1.0174791	1.9047449
1.0363224	1.7975873
1.0103272	1.9505247
0.9626434	2.0045266
0.95815074	2.0137682
0.959199	2.0078714
0.95847064	2.0146756
0.9636753	2.0166607
0.9862283	2.0161476
1.0801663	2.023966
1.3246137	2.0268216
1.451502	2.02753
1.7471919	2.0236287
1.9404074	2.0199988
2.0148578	2.021476
2.0206034	2.0245378
1.9552273	2.031584
1.9451451	2.0340111
1.9421996	2.0334115
1.9396755	2.030163
2.1227746	2.026571
2.3094895	2.023441
2.1582768	2.0192516
2.1735775	2.0144458
2.1696062	2.0100698
2.1523633	2.0062816
2.1951492	2.0048182
2.123264	1.9984194
2.0948515	1.9959701
2.057813	1.9931144
2.1839972	1.9975034
2.1264908	1.9922373
2.1940596	1.9953095
2.4200978	2.0086672
1.7790402	1.9752623
1.5094916	1.9817176
1.4282607	1.9844325
1.3178065	1.8302926
1.2678263	1.665119
1.5074035	1.1799287
1.3951072	1.1409407
1.0584837	1.0037748
1.0805534	0.9871438
1.228971	0.98785335
1.008104	0.98515445
0.9855526	0.9905746
0.9791473	0.9961867
0.97952324	0.9976685
0.98853666	0.996436
1.0069096	0.9875623
1.1014374	0.9802837
1.2245743	0.98135036
1.116817	0.97843057
1.125808	0.97762805
1.1693335	0.97907794
1.0745368	0.9767021
1.0298651	0.97984654
1.0892551	0.9765376
1.0544882	0.9777991
1.1459131	0.9759004
1.6415161	1.0008065
1.8190287	1.0077567
2.013494	1.0087053
2.073869	1.0049161
2.0917115	1.0014974
2.1678665	0.9946393
2.2999053	0.9818003
2.560245	0.9568728
2.579897	0.97536755
2.833898	0.9783282
2.994839	0.9797318
3.0387797	1.0048537
3.0377247	1.0036848
3.0355763	0.9967918
3.0096443	0.99937063
2.997954	0.9955461
2.9978712	0.993084
2.98922	0.9956798
2.9657633	1.002685
2.959798	1.0044377
2.9647264	1.0047218
2.9659178	1.0017359
2.899544	1.0121455
2.8729637	1.0145303
2.8169868	1.0147061
2.3685648	1.0039665
2.240771	1.0137805
2.249805	0.9924982
1.9662234	0.98514515
1.908761	0.97623265
1.8633093	0.9856962
1.7488855	1.0080744
1.674941	0.9933839
1.4951745	0.98914677
1.3348911	0.9997878
1.1840061	1.0403271
1.4272628	1.1247253
1.8739473	1.0993923
1.9322226	1.1586033
2.0058923	1.0528924
2.0288098	1.0199025
2.0407505	1.0271943
1.9693317	1.0518563
2.0390124	1.0578301
1.955253	1.1341274
1.8192785	1.5858426
1.9614537	1.938448
2.0114126	1.9599441
1.9274379	1.9815153
2.2462094	1.9846939
2.3668382	1.9972339
1.8707539	2.024906
1.6790231	2.0214922
1.7573454	1.9807198
2.032493	1.9538425
2.0586886	1.9771566
2.0405874	1.9809577
1.9422727	1.9799796
1.896176	1.9757607
2.2205772	1.9920129
2.803355	2.0256357
2.5936139	2.0193899
2.516752	2.013484
2.2567334	1.9936162
1.8559704	1.9747325
1.7622372	1.9726166
1.8694056	1.9727119
2.3015687	1.9987645
2.3141177	1.9997065
2.0297964	1.9794523
2.399628	2.0061193
2.6990542	2.0249481
2.814731	2.0306375
2.7468863	2.0295177
2.8732224	2.0391657
2.9448407	2.041292
3.0059423	2.0472555
3.0611122	2.048825
3.0246382	2.0526018
3.0251431	2.053486
3.0559096	2.0519056
3.0284598	2.0512943
2.9469454	2.0501697
2.972977	2.0480788
2.9894013	2.04666
2.872707	2.041464
2.8082237	2.037886
2.8252048	2.036979
2.9130769	2.038066
2.844005	2.0352955
2.6453087	2.0237372
2.6800168	2.0267713
2.838515	2.0360813
2.619279	2.0264127
2.4278853	2.0126965
2.4046216	2.0123994
2.352343	2.0091598
2.3436022	2.0093102
2.0451932	1.9981556
2.169529	1.9988781
2.4010365	2.01084
2.1020765	1.9908468
1.973832	1.983789
1.9782666	1.9796696
2.1038742	1.9823517
1.9213383	1.9734671
2.048042	1.9793605
2.0963898	1.9842846
1.8534801	1.97258
1.8890253	1.9744904
2.0886004	1.9865711
2.075566	1.9863465
1.9714879	1.9807215
2.021267	1.984674
2.0182023	1.9857267
2.0300703	1.9856046
2.1900792	1.9954481
2.1260688	1.9945297
2.2448351	1.9999715
2.4617996	2.008409
2.6857946	1.9893775
2.7580736	1.9653233
2.697008	1.8817132
2.9156709	1.4745407
2.9889467	1.1297358
3.0246012	1.1362109
3.0776346	1.0587895
3.1081054	1.0473739
3.0713449	1.0329043
3.0394413	1.0203847
3.013045	1.0104761
3.0026731	1.0027715
2.9162297	1.0325862
2.9797142	1.0042489
2.9832973	1.0006068
2.9561448	1.0067825
2.9565368	1.0048579
2.9577057	1.0034833
2.9633327	1.0009563
2.9690738	0.99911696
2.9292321	1.0056202
2.8638163	1.0094875
2.877079	1.0098547
2.8676128	1.0109185
2.768992	1.0113295
2.740327	1.0105942
2.4888172	0.99309343
2.3107567	0.9792744
2.089487	0.9676596
2.030483	0.9629841
1.9824189	0.9657395
1.9038066	0.9723516
1.8572907	0.9722664
1.7762984	0.97613376
1.6989945	0.97714394
1.5335056	0.9803322
1.2744579	1.018956
1.0796387	1.0249187
1.0163941	0.99556535
1.0254378	0.9976311
1.0408403	1.0120618
1.021882	1.0016347
0.98561275	0.9949768
0.984789	0.99809754
0.985346	0.99904567
0.98569643	0.9983551
0.99017185	0.99694616
0.99277	0.9957083
1.0006545	0.99427474
1.005236	0.99392426
1.0024947	0.9913685
1.0030346	0.9905866
0.99545234	0.9931517
0.99832815	0.9915809
1.057205	0.9850599
1.196931	0.9895717
1.689264	1.0229563
1.9453471	1.0272044
1.9843343	1.0216998
2.0218756	1.0191617
2.0736315	1.0178021
2.1020274	1.0150398
2.2138422	1.0043721
2.7538245	0.953622
2.7704177	0.9445841
2.8482761	0.95100117
2.9039402	0.9640506
3.0272794	0.99638796
3.0744808	1.0167023
3.0445998	1.0176952
3.0089116	1.0098475
2.999272	1.0028733
3.0019386	0.99265695
2.9900064	0.99567556
2.972695	1.0003583
2.982594	0.9966189
2.9777994	0.9979129
2.9378896	1.0047605
2.9441392	1.0023655
2.956744	1.0013547
2.9297116	1.0052438
2.9230676	1.0074862
2.8432188	1.0150113
2.8057446	1.0201312
2.7874143	1.0430045
2.8129933	1.0919853
2.9174423	1.8546394
2.9234252	1.8920969
2.968417	1.9286063
2.9969552	1.9938326
2.994135	1.9980775
3.0147984	1.990872
3.0091982	2.0003464
2.9871264	2.0070276
3.0017426	2.007747
3.0037243	2.008037
3.0195475	2.006176
2.9996839	2.0059705
2.7660823	2.0211978
2.7957866	2.020743
2.8124502	2.026082
2.6521032	2.025394
2.8026161	2.033755
2.8591065	2.0399547
2.7697248	2.0338633
2.7828863	2.036954
2.8651578	2.0416148
2.8475702	2.0412705
2.844946	2.0393882
2.870812	2.0417533
2.892685	2.0312839
2.5845013	2.02255
2.1938584	1.9992692
2.3480592	1.996617
2.213001	1.9661765
1.8168297	1.7683703
1.6844935	1.1739948
1.4705303	1.5349878
1.4864925	1.1352311
1.6601459	1.0831589
1.3783456	1.0729649
0.9973666	1.0526224
0.96519136	1.0782436
0.98618776	1.1422313
0.9970243	1.0039269
1.0000701	0.99528897
1.0024807	0.9912823
0.999899	0.9884508
0.99982184	0.9895656
1.0025998	0.98846793
0.99520683	0.9890656
0.9916303	0.9894564
1.0036317	0.98426336
1.020558	0.98085344
1.0430712	0.9774816
1.037981	0.97771937
1.03354	0.97827303
1.0762221	0.97641164
1.0755033	0.97626597
1.0304713	0.9789412
1.0695112	0.9764198
1.728616	1.0066905
1.876796	1.0132483
1.9624817	1.0135814
1.9859582	1.0125971
2.003074	1.0112952
2.0177248	1.0091873
1.9950498	1.0070741
2.0228083	1.0048143
2.0575678	1.0019767
2.0841537	0.99931175
2.0482001	0.99936616
2.0061514	1.001778
2.0739694	1.0082669
2.1148129	1.009863
2.104374	1.0167342
2.0777466	1.0123158
2.050786	1.0056921
1.9591454	0.99328494
1.990788	0.9943879
1.9899416	0.9959193
1.7696403	0.9746854
1.651826	0.96908915
1.6036961	0.98084134
1.4151515	1.0579954
1.2694743	1.1942607
1.1089435	1.353015
1.0659467	1.4658498
1.0240012	1.9555514
1.0034035	1.9737905
1.0268551	2.012166
0.9685865	2.0194616
0.95848244	2.0271952
0.95103824	2.0288985
0.9505277	2.0212085
0.9765337	2.0223174
1.0693203	2.0265918
1.2332597	2.0219915
1.2247638	2.023934
1.0770144	2.0305521
1.0183617	2.025206
0.95486754	2.0143707
0.95781374	2.0053384
0.99286366	1.9695904
1.0035208	1.9849894
1.031411	2.007515
1.031557	2.0130413
1.0465441	2.0109017
1.1236566	2.0073166
1.2525548	1.9953357
1.3268794	1.983117
1.2687072	2.001113
1.6031431	1.991507
1.7809447	1.9764687
1.9744121	1.955465
2.0361655	1.9783041
2.0675642	1.98259
2.1558235	1.9396679
2.2741594	1.661333
2.3929076	1.4344174
2.5157902	1.1178868
2.742648	1.0992067
2.8706834	0.9471217
2.8616135	0.9274206
2.9178672	0.97744083
3.121596	1.2376508
3.0390842	1.05225
3.0163586	0.9969724
3.0106654	0.98603183
3.0050845	0.9889173
2.995385	0.9923689
2.9924169	0.9928061
2.9932141	0.99175555
2.98597	0.9941258
2.9705245	0.9980062
2.9650915	0.99901694
2.9793873	0.9964315
2.9747708	0.9966362
2.9690132	0.9977714
2.8848803	1.0096221
2.557712	0.99855644
2.3570974	0.99723214
2.3281682	1.0510848
2.174119	1.0099851
2.0901554	1.0680699
1.9784722	1.497878
1.982475	1.9281734
1.9643041	1.9454174
1.9750488	1.9656167
1.9044944	1.9537534
1.8395724	1.9470668
1.6024998	1.9105744
1.1137973	1.9132907
0.98614484	1.9666231
0.989031	1.9700732
0.98514915	1.9884663
0.985416	1.9835492
0.98737663	1.9828944
0.97941977	1.9965698
0.97413987	1.9925183
0.99640024	1.9594315
1.0227696	1.9098654
1.0249107	1.9088329
0.9989014	1.9598522
0.99379444	1.9678973
1.000609	1.9570274
0.99359906	1.96982
0.9882091	1.9787257
0.98773736	1.9816438
1.0019785	1.9827818
1.0135267	1.9497913
1.0356756	1.9376421
1.1172215	1.9533548
1.3090516	1.956318
1.6995629	1.9742141
1.7506737	1.9807829
1.7774966	1.9747685
1.9166003	1.8930297
2.0313947	1.836493
2.135374	1.5610486
2.1599376	1.637769
2.2131717	1.6132096
2.413751	1.3099271
2.7015893	0.9904647
2.8068	0.9377458
2.857247	0.9294495
2.902206	0.9630669
3.0051289	1.0964394
3.092524	1.2509674
3.0634162	1.0620295
3.023995	1.0265245
3.0041099	1.0016665
3.0079608	0.9885637
3.0097208	0.98438376
3.003167	0.9875464
2.9917681	0.9923208
2.9874039	0.99417824
2.9948938	0.9907142
2.9970336	0.988936
2.9890077	0.9915842
2.9871142	0.99117565
2.9700782	0.99569386
2.9770346	0.99533576
2.9862893	0.9927218
2.969261	0.9966655
2.9317508	1.0017859
2.8564053	1.0050358
2.5588927	0.9909407
2.1840072	0.966377
2.0558913	0.9643704
1.9265699	0.97073305
1.8593837	0.98604184
1.8155588	0.9845653
1.6714541	1.0448692
1.5519716	1.0314869
1.375922	1.0376778
1.0940338	1.0596033
1.0005523	1.0404005
1.0318996	1.0764383
1.0414315	1.0537137
1.0155395	1.0111959
0.9961328	1.004159
0.9896178	1.000538
0.9900173	1.000191
0.9920623	0.9984207
0.99325967	0.9958476
1.0040092	0.997985
1.0146275	1.0004982
1.0003868	0.99265134
1.0229491	0.99027556
1.0099989	0.9902486
1.0062875	0.9925515
1.009553	1.0052673
1.0368361	1.030833
1.0264457	1.7334527
1.0495589	1.6727747
1.0595249	1.8875179
1.207374	1.959851
1.6171057	1.9231172
1.8393995	1.9627937
1.9264811	1.9616642
1.9679115	1.9993457
2.0551667	2.0060747
1.9745518	2.0066564
1.9923912	2.005622
2.174096	1.9876457
2.2180703	1.9880381
2.2011673	1.9929355
2.2361274	1.9863881
2.297495	1.967917
2.404515	1.925334
2.3433166	1.9584641
2.1664927	1.9711574
2.2380378	1.9702779
2.0905168	1.9647378
1.9350772	1.952081
2.0779972	1.9608243
2.2376192	1.9442
2.346003	1.943725
2.5398073	1.932826
2.5474417	1.9648702
2.750082	1.9595227
2.9048777	1.9327649
2.9327962	1.9929881
3.002293	2.0051215
3.0793698	1.994041
3.0160549	2.0345414
3.112728	2.0096714
3.08016	2.0385554
2.8167665	2.0299087
2.9816034	2.031199
2.9105237	2.0164704
2.9650786	2.0143213
2.9615183	1.9943144
2.9514894	1.992165
2.9437518	1.986827
2.9628348	1.9736668
2.923504	2.0030105
2.8921933	2.005456
2.9354403	1.9883788
2.9737036	1.9888783
2.9981427	1.9690337
2.931308	1.9840719
2.9286516	1.9840968
2.9467688	1.9781362
2.930051	1.9169284
2.4027429	2.0018396
2.121147	2.0033078
2.1397033	1.999666
2.0820258	1.9942592
2.040688	1.9919242
1.9412842	1.9926615
1.796047	1.9921439
1.7575675	1.9878958
1.6490043	1.9829745
1.3906081	1.9923232
1.1744337	2.0072784
1.0126756	2.0261505
0.9876231	2.0331984
0.932358	2.0287986
0.92738646	2.0147042
0.9539387	2.0128052
0.95425886	2.0127437
0.94523656	2.0091417
0.95672613	2.0013783
1.0040196	2.0053818
1.0180894	2.007417
1.0185558	2.0132878
1.0278074	2.020279
1.0661345	2.0178773
1.0483993	2.0138404
1.0569694	2.0196607
1.0880016	2.022745
1.0713342	2.0220237
1.1061716	2.0252893
1.137216	2.0252566
1.2006133	2.023282
1.2454896	2.0242739
1.3305126	2.0227911
1.4740582	2.014247
1.501099	2.0076692
1.5397072	2.0056453
1.290661	1.9403216
1.0794321	1.7611759
1.1361225	1.1811517
1.0197397	0.9801207
0.99941033	0.9838315
0.9966824	0.980284
0.99949616	0.9829087
1.013791	0.9854229
1.0375059	0.9820997
1.0023533	0.9954703
1.0162491	0.9956088
1.0665497	0.99282706
1.1168091	0.98313594
1.3152845	0.99812734
1.057058	0.98324096
1.0664234	0.98429525
1.0197461	0.98525774
1.0092287	0.98636514
1.0264051	0.982538
1.0177385	0.9830275
1.0198994	0.98218524
1.00553	0.9857961
1.0221719	0.9810673
1.1543097	0.97770363
1.0418668	0.9785599
1.0692908	0.9775285
1.0610265	0.98029786
1.0453506	1.0194
1.2894036	1.1041085
1.5103505	1.0492425
1.4009212	1.2298632
1.4857608	1.7757989
1.7139606	1.9685168
1.8145114	1.9578001
1.8120503	1.9630612
2.0713952	1.9779296
2.1786473	1.9957246
2.1933253	2.0036626
2.1306324	2.0091763
2.0692027	2.0105395
2.2512326	1.9923835
2.3045697	1.9803499
2.3579996	1.969701
2.3785665	1.9632896
2.0672505	1.9774718
2.1972613	1.9787135
2.2863	1.9821604
2.251187	1.9860554
2.1901674	1.9820552
2.1826317	1.983038
2.213602	1.9859052
2.2549744	1.9858954
2.2165275	1.9798914
2.1278305	1.9644275
2.112687	1.9391462
2.037234	1.885441
1.9430209	1.8830805
2.1840882	1.2611856
2.2865498	1.0965757
2.272214	1.0646333
2.2124262	1.043827
2.3255062	1.0186104
2.3494813	1.0033271
1.9320415	1.0271113
2.0246964	1.0281489
2.060796	1.0133839
2.0372126	1.0085146
2.0677907	1.0086318
2.0376005	1.0150388
2.1352801	1.0186101
2.265488	1.018216
2.2085307	1.0114923
1.9776354	0.98270607
2.01205	0.9887714
2.175113	1.0054897
2.2891316	1.0108281
2.3173	1.0084697
2.159419	0.99362534
1.9459361	0.9712603
1.7248003	0.96452713
1.7152423	0.9643043
2.0314283	0.9919791
2.2504466	1.0216981
2.460236	1.0909667
2.8349783	1.8019327
2.8792892	1.917753
2.9326782	1.9481975
2.9704413	1.9831502
2.994849	1.9982159
3.066082	2.007069
3.0761523	2.0096524
3.0510375	2.004502
3.0426292	2.0046844
3.0273929	2.0074008
3.030615	2.0046396
3.0206404	2.0050182
3.019679	1.9963559
2.9704316	1.9899741
2.9642813	2.000903
2.9806166	1.9241452
2.9675157	1.9434713
2.9752827	1.9474359
2.943837	1.9849333
2.9683845	1.9736384
2.9259377	1.9857299
2.9633796	1.9842107
2.95167	1.9833103
2.8946466	1.9974029
2.831142	2.004707
2.7307525	1.9981236
2.487719	1.970749
2.3814409	1.9586924
2.1749616	1.9676851
1.9310923	1.9355807
1.7486966	1.5678257
1.9344419	1.0386409
1.6835301	1.1015242
1.6242037	1.0915267
1.9150584	0.98724824
1.8299143	0.98800206
2.4842992	0.9993313
2.6076827	1.0248706
2.3934455	0.99520516
2.331507	0.9930315
1.9722977	0.97852415
2.0696452	0.9898057
1.9636918	0.9965616
1.871268	0.99145776
1.849454	0.9951534
1.9688323	1.0086652
1.9458834	1.0053923
1.8890245	0.99673104
1.9198669	0.99981815
1.967131	1.0031651
1.9215835	0.9986341
1.9275868	0.9961514
1.9305347	0.99800074
1.8386179	0.9874188
1.9244034	0.99471945
2.1106815	1.0101655
2.1912377	1.0113539
2.1645708	1.0794262
2.2407358	1.0803092
2.5127907	1.5410111
2.8111362	1.9365793
2.9680758	1.9614536
3.0783947	1.9647598
3.0796747	2.0041194
3.0165596	2.0166569
3.0029144	2.0158365
2.9902952	2.0186808
2.9859304	2.0175622
2.8214173	2.0225563
2.9706492	1.9840935
2.8810995	2.0095701
2.7786555	2.0244446
2.9361672	2.011869
2.952978	2.0093935
2.8879685	2.0215569
2.8571692	2.0230954
2.8944442	2.0225947
2.8800054	2.0262926
2.9426198	2.0211415
2.856574	2.0251193
2.7947986	2.02793
2.8127337	2.0326266
2.591604	2.0218298
2.3297577	2.0101564
2.3288486	2.0112145
2.3815548	2.014665
2.1837547	2.0039625
2.1508465	2.0013638
2.2394695	2.0026214
2.0753675	1.9923882
2.0267997	1.9876126
1.8911011	1.9793448
1.6993921	1.9793096
1.5369248	1.981788
1.413515	1.9870268
1.1654359	2.0111716
1.0120035	2.0300577
0.9195804	2.0447004
0.864236	2.053251
0.8489587	2.0518942
0.86171263	2.0421157
0.89872146	2.0211587
0.93105257	1.996626
0.9570347	1.9800208
0.9621981	1.9898094
0.958219	2.0054796
0.96108603	2.0136538
0.9739198	2.016162
0.9799441	2.0186849
0.98058516	2.0190873
0.9776968	2.0170097
1.0220919	2.0176885
1.1660391	2.0159187
1.3629494	2.0089345
1.2551357	2.0215983
1.1814761	2.0213292
1.4790642	2.0128527
1.884111	1.9870344
1.9690409	1.9514825
1.8967738	1.8400677
1.8877604	1.8336203
1.9140623	1.4907739
2.057259	1.0279529
2.1740234	1.0310689
2.3160343	1.0119882
2.553951	0.95896184
2.8452122	0.9451594
2.894941	0.9609078
2.9164102	0.9786926
3.079995	1.0358304
3.0677102	1.0342613
3.027854	1.0003481
3.0101051	0.9904174
2.9952316	0.99606043
2.976545	0.9998402
2.9815156	0.9967391
2.980443	0.99616194
2.976513	0.9962241
2.9599006	0.9993824
2.9153314	1.0049368
2.9395044	1.0034469
2.9725266	0.9978657
2.8982065	1.0061481
2.8128545	1.0101235
2.9281442	1.0092021
2.6415012	1.0342011
2.5865462	1.3349117
2.59889	1.4252952
2.6853397	1.404967
2.9330165	1.9181291
2.9722207	1.9788485
2.9821548	1.9968145
2.9618065	2.0067635
2.9577792	2.010106
3.0196693	2.0046368
3.0249336	2.0049748
2.9388642	2.0182478
2.9412901	2.0173078
2.6659105	2.020455
2.4965641	2.0162017
2.8980856	2.0096133
2.9996862	1.983599
2.9296052	1.9999392
2.8447683	2.0221865
2.725247	2.0249915
2.713666	2.0250475
2.8301325	2.0319133
2.8183095	2.0325785
2.6860082	2.0274358
2.4647233	2.0173178
2.3801067	2.013753
2.3852537	2.0142336
2.364947	2.0131738
2.3751369	2.0135288
2.273885	2.0068455
2.2000003	2.0014768
2.2169976	1.9993123
2.1853774	1.9953989
2.015625	1.9845146
1.9819764	1.9810033
1.9120741	1.9750292
1.827455	1.9726363
1.921039	1.9735556
1.7967255	1.9714276
1.8408711	1.9724754
1.9088153	1.9785942
2.0575473	1.9860973
1.9916648	1.98391
1.7738149	1.9746598
1.9753944	1.983086
1.9771001	1.986881
1.964825	1.9835824
1.384449	1.953887
0.99447596	2.0091224
1.0252868	1.6539644
0.98242426	1.0662531
1.067072	1.0027632
1.1326283	0.98800915
1.0239698	0.9858701
0.9826538	0.9894478
0.9842267	0.9966905
0.9968511	0.9904086
0.996643	0.9903689
1.0150733	0.9848456
1.0517534	0.9808017
1.0634196	0.9760044
1.1111733	0.97366405
1.2582865	0.97595674
1.3246304	0.97776794
1.2472875	0.9724693
1.1210275	0.96874577
1.1995709	0.97044486
1.1734672	0.9705438
1.1538665	0.96930486
1.2900895	0.97647434
1.5362049	1.0210011
1.8077319	1.0335423
1.9273832	1.0341034
1.8660506	1.3764446
1.937521	1.9328144
1.9132817	1.9895304
1.7307949	2.020538
2.0180068	2.0090828
1.960907	2.014292
2.1236942	2.007392
2.2897778	1.9964378
2.2139297	2.002817
2.1593323	2.0006952
2.2582092	1.9751662
2.440818	1.9714531
2.2405515	1.979505
2.0848534	1.9724758
2.0881753	1.9715494
2.007702	1.9740868
2.3292391	1.9903947
2.325075	1.9910824
1.9506048	1.9699466
2.0554326	1.9699426
2.2035136	1.963779
2.228468	1.8625269
2.2965803	1.7288643
1.9607471	1.7092246
1.7902178	1.3441324
