1.8380588	1.1449829
1.843818	1.3538051
2.042399	1.4099151
2.157343	1.3242196
2.0652158	1.389776
2.1037564	1.4385688
2.2241151	1.4116635
2.2780068	1.425589
2.0872254	1.5221015
2.0756307	1.5691245
1.8260033	1.8845738
1.5597583	2.056955
1.7821748	2.0049584
1.7152337	2.070499
1.4687725	2.104641
1.1955287	2.0725534
1.1520625	2.0572276
1.0682511	2.1138134
1.3246359	2.0237014
1.4683027	2.0187106
1.5120231	2.1264129
1.7937654	2.077479
1.4653137	2.054288
1.5222696	2.0430434
1.5645101	1.9633843
1.682291	1.8150276
1.6099191	1.7915623
1.2891676	1.9488702
1.1008115	2.04668
1.1124116	1.988632
1.211119	1.9003242
1.247892	1.8451046
1.4240925	1.6837865
1.48077	1.7078403
1.5569326	1.7191874
1.6153882	1.6344545
1.6383435	1.6041173
1.7229835	1.642344
1.7259028	1.6809255
1.7582252	1.6245565
1.8959498	1.5514065
2.2439415	1.4257504
2.6270838	1.196126
2.230256	1.2846664
1.6942953	1.7024486
2.354334	1.6621923
2.771301	1.4644179
2.8426783	1.3256366
2.9323711	1.1482735
2.9898226	1.1495352
2.994361	1.1834799
2.8048446	0.97368485
2.941652	1.0405059
2.942455	1.5353558
2.9840548	1.3490261
2.9447398	1.2146739
2.9964285	1.478205
3.0386415	1.1986264
3.1653411	1.1669474
3.199107	1.0899698
3.0164516	1.3481921
3.0165825	1.1456102
2.8129385	1.0856535
2.6247454	1.2438616
2.6548104	1.2206782
2.5483303	1.3665183
2.401492	1.465372
2.4091718	1.4836354
2.353918	1.4169428
2.3455622	1.429782
2.4222772	1.4694647
2.4793656	1.4834667
2.313146	1.5635147
2.3510592	1.7126513
2.5845304	1.8905463
2.4595685	1.8734859
2.4581423	1.900728
2.265112	1.8105026
2.0440454	1.8036172
2.2589974	1.9650041
2.066943	1.9975495
1.7819275	2.046755
1.7063826	2.1268797
1.7602392	2.1958308
1.7657144	2.1899986
1.7888582	2.1018996
1.8110634	1.9999194
1.8691548	1.904542
1.9969479	1.6843499
2.0364256	1.6775398
1.8436067	1.7982862
1.8602926	1.751122
1.9586047	1.7222929
1.7958814	1.7517542
1.7963647	1.733291
1.789418	1.7049258
1.8591138	1.6929889
1.8252294	1.7006086
1.5966307	1.8091326
1.3591342	2.0002508
1.2200146	2.075273
1.1594305	2.0547614
1.0861886	2.0310483
1.1723355	1.9360236
1.1121807	1.9612931
0.96199894	2.0200331
0.972974	2.0041535
0.9654219	1.997454
1.019855	1.8641301
1.1875728	1.6655805
1.4524978	1.5391213
1.5780606	1.5638366
1.5305858	1.6427432
1.5192022	1.6869675
1.5818139	1.6798984
1.7522703	1.5872064
1.8224872	1.5501907
1.7726738	1.5159321
1.7065609	1.5069633
1.6789765	1.5473595
1.7669601	1.5863714
2.0845962	1.5443057
2.3800774	1.5482514
2.5659752	1.6812469
2.6242096	1.8862259
2.5516696	2.0577338
2.53302	2.1236713
2.6567168	2.0743344
2.6203022	2.0771608
2.5058143	2.1226702
2.6409943	2.09842
2.7166445	2.0444582
2.745317	2.0086553
2.8952944	1.952218
2.9302275	1.9816679
3.027839	1.9716517
3.0390654	2.0269735
3.041129	2.0334752
2.9724538	1.9343137
2.659285	1.7341056
2.5388792	1.6039717
2.4504945	1.5931464
2.3313332	1.5479447
2.1756332	1.4550164
2.1779282	1.529488
2.0884326	1.4910014
2.155221	1.5093814
2.2018561	1.5044147
2.0777698	1.3758171
1.9696345	1.4906731
1.7045457	1.4860291
1.5931871	1.4624383
1.6701835	1.6563576
1.5750833	1.8425951
1.4689183	1.9432118
1.4355704	2.0557559
1.4344932	2.1026359
1.4888245	2.1378548
1.4092648	2.1489487
1.2724304	2.1704023
1.1352195	2.1677322
1.0463079	2.132794
0.9823304	2.1225693
0.8576028	2.1462598
0.79061306	2.149837
0.8271895	2.0962493
0.9542098	1.9053854
1.0741825	1.6649839
1.169816	1.6271808
1.3387339	1.5846937
1.4693013	1.5901034
1.4818513	1.6236043
1.4750708	1.6245435
1.5365767	1.6510334
1.6261499	1.6109715
1.5559297	1.591101
1.5744967	1.6369361
1.7586251	1.5994873
1.8196453	1.5473026
2.0834372	1.5267408
2.5356245	1.7183719
2.6143813	1.9698197
2.5694864	2.0325887
2.4396803	2.1491117
2.3683293	2.1770825
2.4078727	2.1471212
2.48235	2.156384
2.4252298	2.1275434
2.353454	2.0729012
2.1947985	2.0062952
1.9825878	1.8824228
1.8677582	1.8284382
1.9188958	1.8051803
1.9861863	1.8650202
1.81376	1.813118
1.7835376	1.7857851
1.84483	1.7723053
1.8599608	1.7612102
1.727808	1.8303002
2.8865485	1.44499
2.9003925	1.0457896
1.3902864	1.7885861
1.130446	1.9972452
1.8083378	0.8382555
2.1015973	0.95530266
2.0787363	0.88669753
2.4379132	0.95344037
2.3467832	0.94541305
2.1903012	0.98655325
2.1403465	0.99179167
2.1707182	0.9917264
2.2289503	0.8621467
2.0671632	0.9134968
2.235075	0.9211507
2.2336848	0.9537337
2.053018	0.9678312
1.5017838	1.4001524
1.691114	1.3343554
1.7095503	1.441872
1.7304379	1.5579836
1.7605355	1.5875947
1.8004612	1.4930404
1.9097393	1.5093204
1.7750692	1.5671244
1.5717483	1.5310335
1.5236427	1.5506154
1.2468473	1.4610448
1.1022451	1.5594469
0.94593275	1.4847666
0.7631391	1.3264669
0.7027682	1.2750448
0.7178489	1.162652
1.0020721	1.1556537
1.6201977	1.1612186
1.5994819	1.3417866
1.7482362	1.6079959
1.9090762	1.8371414
1.9922155	1.7907481
2.0733106	1.7662188
2.1550255	1.606264
2.1023371	1.441761
2.0800495	1.4250731
2.1317875	1.4303734
2.1281452	1.5290365
1.9794846	1.7695678
1.674185	1.9246942
1.3694192	1.9478015
1.0822308	2.124731
0.9339219	2.179483
0.8580221	2.1493878
0.8104624	2.0604823
0.865997	1.9983056
0.7986744	2.1637964
0.7996868	2.1505089
0.88604367	2.0938885
1.001347	2.1511855
1.4718436	2.0207727
1.6652067	2.0516229
1.6930329	1.9430346
1.6250553	1.7666466
1.4024715	1.8831376
1.5843483	1.8090836
1.7911683	1.6980824
1.5392663	1.7883992
1.5661403	1.7608523
1.9022729	1.555739
2.1109266	1.4914799
2.2622132	1.5354257
1.962836	1.725286
2.1328983	1.8227354
2.5717404	1.8143892
2.4660373	1.9243648
2.5062659	2.0103788
2.3957675	2.102456
2.4285092	2.0279746
2.4469259	1.9851488
2.380688	1.989273
2.5522392	1.9025892
2.1283345	1.8522372
2.0133576	1.8515297
2.2781034	1.8661294
2.0872154	1.7475367
1.8309082	1.7457658
1.9353616	1.7725722
2.121886	1.7272539
1.9360379	1.683605
1.8585106	1.719751
1.5714475	1.8082649
1.4839233	1.8579875
1.5070167	1.843624
1.3411201	1.9059055
1.2051705	1.9639015
1.1581919	1.9576654
1.0492244	2.0384593
0.9113239	2.084785
0.96932524	1.9404001
0.91108316	1.9840544
0.88111234	1.9114757
1.0130863	1.6969137
0.9857632	1.691556
0.9003674	1.695206
0.9361654	1.5494548
1.1702803	1.4140152
1.3999702	1.5035667
1.4776152	1.549494
1.4147766	1.5446343
1.4520338	1.5965228
1.5201471	1.5715407
1.6852279	1.4561949
1.9252824	1.4648292
2.2556186	1.5142628
2.3116608	1.6794801
2.5110722	1.9132543
2.6004221	1.9947255
2.545513	2.0759375
2.5086427	2.086512
2.4017315	2.1023355
2.3676283	2.1162457
2.3527606	2.0888221
2.3178914	2.0706754
2.4388826	1.9865663
2.5525594	1.9262536
2.3472314	1.9671475
2.2959762	1.899456
2.2442427	1.8662976
2.176129	1.8507695
2.1761305	1.8102016
2.0658946	1.7736882
2.0306437	1.7939653
1.9991553	1.8200369
2.086074	1.7901853
1.9950987	1.7325523
2.0482082	1.7542081
2.2667105	1.6005175
1.6976862	1.6356788
1.5520717	1.6283965
1.5878084	1.3347979
1.5290337	1.062707
1.5151502	1.0932246
1.6226716	0.87232935
1.4751399	0.8921576
1.0148326	0.94426775
1.0924573	1.0558181
1.2453192	0.9534182
1.0640804	1.0220815
0.90994525	1.0306983
0.88960755	1.0248244
1.0241615	1.0270354
1.6181171	1.1260496
1.9694573	1.1020768
2.3649986	1.2008106
2.4846728	1.2658488
2.418484	1.3527458
2.4150403	1.4503796
2.4392698	1.4436867
2.3824034	1.3900089
2.2637396	1.416588
2.3839579	1.4639773
2.3454802	1.4060099
2.490164	1.2368528
2.6711857	1.1299711
2.7728782	1.1743027
2.953857	1.2289022
3.0043952	1.216033
2.9102147	0.9968634
2.8060336	0.9609464
2.5764973	1.0311865
2.4496994	1.096724
2.4004078	1.1990283
2.6256893	1.2994297
2.8033602	1.3873459
2.7639768	1.3261888
2.7742863	1.2156875
2.810814	1.2256985
2.664508	1.3175777
2.5248933	1.3421264
2.4952352	1.3842182
2.4240673	1.4949332
2.3276	1.5606693
2.3194876	1.5847884
2.391174	1.6088461
2.2735682	1.5274715
2.1641037	1.5245224
2.175348	1.5530448
2.1243436	1.5003983
1.9574035	1.5279367
1.8869197	1.535449
1.8987465	1.4158578
1.4981885	1.2207732
1.4113859	1.0828049
1.4268337	1.0423946
1.377934	1.0004472
1.3466985	1.0135136
1.2626015	1.1650869
1.2199353	1.2806973
1.1488948	1.3150142
1.2272967	1.4084176
1.5243295	1.4695852
1.6541526	1.5669335
1.7516336	1.450393
1.826136	1.2537506
1.8712492	1.3487235
1.7544887	1.4359963
1.9067438	1.51664
1.7606301	1.5793236
1.6607362	1.750561
2.0764663	2.068138
2.1410162	2.1025293
1.9612397	2.049177
2.2518823	2.073444
2.2044744	1.9880854
1.8495929	2.003193
1.8507748	2.0243032
1.8551333	1.9681405
1.982631	1.9385415
2.0130498	1.9718192
1.9539331	1.961372
1.855302	1.9490737
1.7664465	1.8596123
2.0415504	1.8177176
2.680364	1.9052854
2.4073224	1.8618793
2.2543664	1.7803844
1.9624003	1.7373458
1.6338319	1.9782531
1.555971	1.9447469
1.6693705	1.8335519
2.0962164	1.8053075
2.0492759	1.7094673
1.7914674	1.7155831
2.174313	1.7704692
2.5665498	1.8696897
2.681999	1.9420085
2.595218	1.9142063
2.7212203	1.930426
2.801345	1.9988079
2.8782783	1.9895247
2.9502294	2.0045123
2.9143367	1.991785
2.8933384	1.9650786
2.9285877	1.9744235
2.838473	1.9211104
2.671731	1.8643142
2.6886892	1.8560433
2.6449366	1.797576
2.3054333	1.6404706
2.1664143	1.6029705
2.1369183	1.5448967
2.3066552	1.5755765
2.1720896	1.5410591
1.816924	1.428147
1.9237646	1.4918768
2.2874355	1.6512482
1.9876084	1.6152539
1.7051967	1.5558103
1.6977793	1.5854001
1.6667212	1.6163057
1.7134904	1.6978084
1.5185922	2.0406563
1.6377751	1.9261266
1.8885642	1.73245
1.6739726	1.9647601
1.6097729	2.017379
1.6535829	1.9098413
1.7947243	1.717023
1.6856515	1.7685436
1.808937	1.744059
1.8948394	1.7512817
1.6790508	1.7588729
1.7250576	1.7360119
1.9167972	1.7192881
1.9060185	1.6980319
1.8235656	1.6977508
1.8813864	1.7183753
1.8885299	1.6980463
1.8885853	1.6108427
2.046513	1.5691644
2.0121748	1.6486874
2.1286354	1.6112671
2.4035006	1.5526559
2.7223084	1.4115981
2.7876532	1.4187014
2.6287813	1.2937157
2.7913315	1.1141566
2.8457892	1.0009459
2.8721077	1.1291109
2.9448204	1.1643859
2.962986	1.1382003
3.0209098	1.0874918
3.0381286	1.1079959
3.1097553	1.0988749
3.0926313	1.0234973
2.7846086	1.0535125
2.867711	1.0091457
2.8033943	1.0163211
2.586847	1.1020325
2.4878547	1.1411577
2.4311495	1.1903676
2.3655908	1.2170947
2.3373888	1.2469381
2.237404	1.3421401
2.1370122	1.3809861
2.1844153	1.407017
2.1987662	1.4261154
2.162658	1.4574376
2.1568313	1.4628267
2.0425289	1.4313766
1.927078	1.3856354
1.6773577	1.2464957
1.5438414	1.1257876
1.5365256	1.126892
1.4792943	1.1326497
1.4557474	1.1113869
1.412728	1.1494507
1.3802258	1.2280154
1.2879223	1.2282139
1.1698927	1.295983
1.0342383	1.3021648
0.83748376	1.1392279
0.7337439	1.1084254
0.71383274	1.1802274
0.75576484	1.114364
0.86697686	1.0472925
1.0760622	1.1178436
1.3482815	1.2094356
1.5179762	1.242919
1.7078753	1.4053845
1.7317445	1.6545404
1.8022825	1.7722412
1.8695554	1.7102691
1.909584	1.6067138
1.9546169	1.5321592
1.8657731	1.5205796
1.9406407	1.4684643
2.172343	1.4759172
2.3064876	1.4651333
2.4966695	1.5159355
2.710042	1.5634055
2.8150518	1.3761386
2.8745751	1.2547998
2.9016695	1.2929014
2.8238935	1.2646062
2.7679245	1.1257976
2.7625725	1.1777639
2.5901098	1.3202498
2.5541894	1.3887264
2.7522397	1.4550549
2.9307332	1.333268
3.0323067	1.2507626
2.96916	1.2342162
2.8810844	1.2286249
2.8448138	1.2916428
2.759894	1.2131827
2.543783	1.2693443
2.3839498	1.3900412
2.3823442	1.3735907
2.3263817	1.409743
2.17013	1.4227666
2.1103134	1.3855051
2.194965	1.4138789
2.1394935	1.4364475
2.1899228	1.4822018
2.2193425	1.5521445
2.3024786	1.6223539
2.5076816	1.752007
2.6050665	1.8193784
2.7682123	2.0048797
2.7216685	1.9983066
2.8375168	1.9542649
3.027565	2.17023
3.0195692	2.1710305
2.9748394	2.0406291
2.9431667	2.1099532
2.8409636	2.1358094
2.7333286	2.0950408
2.5569298	2.0154946
2.648879	1.9856784
2.5490816	1.9061543
2.1109526	1.8112797
2.1977527	1.7890135
2.3010702	1.77957
2.1582296	1.8064659
2.215165	1.7485263
2.3699033	1.7994297
1.8324487	1.4738784
1.7720878	1.4200491
2.1519718	1.6297109
1.9467602	1.4740559
1.8769821	1.4000219
2.0067344	1.472145
1.8815323	1.1555169
1.547002	1.2829031
1.3754952	1.511105
1.3927845	1.138265
1.3732647	1.036543
1.347671	1.0252771
1.3851895	1.004582
1.2063274	1.1716235
1.2356961	1.0560938
1.5256352	0.99519604
1.4812135	0.9954583
1.1848912	1.0145934
1.094375	0.9867499
0.9874896	0.9161867
0.9497663	0.93452406
0.9615192	0.95891905
0.95449984	0.96310884
1.106614	0.9903408
1.3402824	1.030909
1.6640608	1.1582649
1.7675569	1.193599
1.7693309	1.2271348
2.098441	1.3255078
2.2078624	1.4129128
2.2266254	1.5494205
2.1495526	1.625433
2.1650298	1.5909734
2.2616436	1.5900685
2.264142	1.592654
2.1602306	1.583336
2.2931452	1.5497321
2.6073623	1.5229509
2.6662307	1.6174092
2.7682612	1.7112432
2.857077	1.5946393
2.8942006	1.4505289
2.9130344	1.2653667
2.8055606	1.0036935
2.7471454	1.0114703
2.6149094	1.1946964
2.4881518	1.0287122
2.3865807	0.8743695
1.923992	1.3084536
1.9564204	1.561085
2.1773186	1.1106933
1.9752619	1.446011
1.8718168	1.622923
1.8195363	1.5721084
1.7109559	1.517761
1.7480532	1.5531775
1.737986	1.5257998
1.5727401	1.5188154
1.5276902	1.5825204
1.5535212	1.7315848
1.4239594	1.8354242
1.3018374	1.8264853
1.1334623	1.7540115
1.0573843	1.6625922
1.148287	1.8788531
1.1559894	1.8964939
1.2178996	1.8321762
1.1254433	1.912926
1.0309541	1.9992945
0.9427033	2.089704
0.9225868	2.087113
0.99818635	2.077254
1.1712688	2.0278797
1.3427938	1.9108102
1.3487109	1.9273548
1.2029531	2.062252
1.1738026	2.0144303
1.0410136	2.018188
1.0796056	1.9478983
1.4880738	1.4539108
1.5810442	1.4578012
1.6536839	1.5356946
1.6231087	1.5939192
1.6899921	1.5316229
1.8928462	1.4032415
2.1285412	1.2460802
2.2002885	1.1802047
2.0702405	1.3194929
2.4290698	1.2361631
2.6046453	1.1558883
2.7705991	1.0877703
2.8620758	1.2044233
2.840399	1.3460336
2.9204526	1.1164671
2.900622	1.0057242
2.9398663	1.0310905
2.9270804	1.02464
2.974122	1.2556347
2.9499705	1.1477946
2.651298	1.0410042
2.8021398	1.0976732
3.056135	1.1757631
3.152258	1.1447119
3.2413733	1.0770444
3.19075	1.0352169
2.9065306	1.0344932
2.611373	1.1267226
2.4721618	1.2202463
2.3856354	1.2379203
2.30867	1.3415146
2.201864	1.390121
2.1658323	1.4058592
2.242542	1.4269425
2.1809692	1.4034225
2.1416185	1.4168612
2.0953922	1.4968975
1.9715508	1.5098988
1.9945396	1.5672793
2.089649	1.7059959
1.9011227	1.5475595
1.8541551	1.5612422
1.9716716	1.7116573
1.8633075	1.7595598
1.7107736	1.7684534
1.6720243	1.8490268
1.4269603	1.8639684
1.3170893	1.9777681
1.2889344	2.0944755
1.1738677	2.1162028
1.0282975	2.0263524
0.92867064	2.0318534
0.9382352	2.0189052
0.9150717	2.016679
0.949441	1.9906278
1.0103004	1.9846289
0.9915945	1.9810373
1.0449947	1.8464284
1.0188606	1.7660995
1.1387116	1.6447017
1.3515786	1.5642121
1.3785328	1.5518166
1.3904455	1.4977783
1.4783621	1.458669
1.4937696	1.4809028
1.5249873	1.4646288
1.6648093	1.382388
1.6274555	1.2764051
1.7221851	1.210761
1.9755199	1.1776723
2.228452	1.1529279
2.6319475	1.1552012
2.6724563	1.2113763
2.6223667	1.2411609
2.6976016	1.0407493
2.76054	0.9985259
2.7862785	0.97088736
2.8662179	1.007884
2.9075937	1.1108432
2.9536726	1.1374393
2.9245646	1.0292957
2.8551033	0.97371036
2.7886825	0.9685824
2.7926888	1.0257304
2.9122336	1.113877
2.9252	1.1786798
3.095308	1.1331732
3.1150959	1.1171123
3.0598464	1.0719061
3.0598	1.0039504
2.941875	0.96057165
2.6109104	1.0924425
2.3684032	1.3316377
2.3399532	1.4070814
2.300311	1.3746151
2.2741392	1.3391128
2.1609316	1.387197
2.0754426	1.3425171
2.00989	1.3814617
2.0896938	1.4474854
2.1456473	1.4128193
2.042817	1.4214666
1.9498874	1.4110229
1.8419881	1.3547451
1.7582979	1.3363426
1.6775321	1.3291237
1.5724558	1.2806307
1.4426703	1.2473413
1.4333495	1.2500294
1.41027	1.0981658
1.3612627	1.1769059
1.297241	1.1841506
1.1988733	1.2675332
1.0658402	1.4694483
0.8618455	1.2766111
0.7582413	1.1495358
0.74860525	1.1245166
0.7941397	1.0274044
0.9265177	1.0050746
1.0917016	1.0293849
1.3295362	1.0773087
1.7383789	1.2851517
1.8741437	1.3557812
2.0096586	1.4638128
2.0332298	1.5259585
2.003874	1.3537049
2.1234581	1.3506514
2.076634	1.356935
2.0442321	1.4158111
2.0026264	1.5728989
2.0351992	1.6164339
1.8470203	1.8569009
1.9332962	1.791942
1.9243218	1.7360466
1.979243	1.8484973
2.175025	1.8349214
2.0244555	1.9861323
2.1257157	1.9115691
2.0124354	1.9670411
2.1227973	2.0528295
2.0585744	1.9970055
1.9938194	1.9819641
2.3359928	1.9305043
2.2528236	1.9219512
2.1240456	1.9604142
2.1696403	1.9549576
2.2240393	1.9196385
2.34588	1.8634024
2.211862	1.8380625
1.9930043	1.7881862
2.047075	1.7081009
1.9296824	1.6187195
1.8288496	1.5672587
1.930751	1.5773942
2.0790668	1.5526927
2.200398	1.5624712
2.463876	1.6983854
2.4517288	1.7768447
2.6653934	1.8778996
2.8153458	1.8953724
2.7891889	1.9512769
2.8533223	2.0120769
2.959925	1.9868435
2.9204302	2.0575197
3.0775666	2.0500426
3.035588	2.0771925
2.848036	2.0045052
2.6803508	1.7851392
2.505208	1.685315
2.5674007	1.6803652
2.5146213	1.6128817
2.446054	1.5931352
2.3893597	1.6092172
2.3930526	1.5587972
2.2729502	1.6147292
2.1134658	1.5524894
2.1787632	1.4478532
2.357445	1.5598024
2.4579208	1.572258
2.062112	1.376051
1.9561758	1.3543483
2.1782482	1.4220698
2.134302	1.2624263
1.5334634	1.4172282
1.553247	1.9205463
1.5335304	1.7298276
1.3157134	1.5533957
1.3106804	1.5941497
1.3592656	1.905064
1.3099753	2.0647771
1.4119905	2.1100588
1.4262305	2.0667326
1.2625748	2.0587392
1.1284977	2.0741997
1.0366408	2.097081
1.1434884	2.0059984
1.0435289	2.0092955
0.9549514	2.029324
1.106236	1.9562402
1.0857502	1.9810833
1.0306292	1.9950745
1.1584852	1.8683852
1.5123011	1.6340866
1.5924267	1.5860254
1.5666837	1.6417853
1.5479631	1.708779
1.6881025	1.6022397
1.7059159	1.5438659
1.6666964	1.6293103
1.7097846	1.641594
1.681543	1.6489832
1.7013787	1.6848903
1.7675121	1.6568841
1.9066159	1.5820343
1.9272369	1.6071705
2.0413961	1.5811583
2.3105316	1.4300749
2.3498785	1.3622278
2.338615	1.368347
2.1844456	1.1065538
1.6052998	1.0237764
1.3658848	0.96992165
1.1739872	0.9915098
1.029596	1.0076913
1.0824226	0.9872732
1.1116356	0.9823637
1.252946	0.95958126
1.4083667	0.96283627
1.4343479	0.9861394
1.632018	0.9791578
1.9157121	1.0029753
1.8677298	0.97407454
2.1833715	1.004933
2.0076964	1.0107762
2.0994747	1.0500623
2.0804439	1.1169146
1.9880027	1.0851953
2.1803303	1.1497856
2.1867306	1.2056973
2.209482	1.2068601
2.0936642	1.3162005
2.2401807	1.3775678
2.4665456	1.3671222
2.3116438	1.4265869
2.3171	1.575771
2.2579393	1.6542389
2.004665	1.9209574
2.2027147	1.9356176
2.4185975	1.6637678
2.3014493	1.8131933
2.2842238	1.957328
2.0744123	2.1140838
2.1060827	2.0343924
1.9256222	1.8873932
2.2352362	1.9538134
2.3596287	2.0488036
2.2163997	2.09041
2.1568701	2.1256292
2.0536134	2.0963533
2.2954304	2.0467675
2.2953908	2.004911
2.3057961	1.9801289
2.2396212	1.8575536
1.9100733	1.8067905
2.0042531	1.7520325
2.079161	1.5974272
2.0462646	1.7083082
1.996497	1.6556581
1.9845955	1.6435101
2.0246336	1.6613147
2.0536249	1.6021281
2.0289495	1.5461695
1.9652573	1.4440328
1.9761086	1.3625262
1.9377265	1.3128057
1.8748525	1.4129049
2.0533683	1.0005935
2.159684	0.8207915
2.146832	0.8888647
1.9790242	0.8304769
2.164547	0.91462094
2.2132325	0.92156434
1.8730828	1.0065132
2.040179	0.96085817
2.2460272	0.93457127
2.303601	1.0037863
2.3384004	0.8997981
2.279338	0.9461032
2.383758	0.9584661
2.2794013	1.030551
1.9822186	1.2243313
1.6469176	1.378209
1.6813135	1.3830752
1.85122	1.3022448
1.9911939	1.2686642
1.9528586	1.3273433
1.7347028	1.2916894
1.5939925	1.3145
1.614598	1.574672
1.5862542	1.5491512
1.7915969	1.5873408
2.1254673	1.8598237
2.4137077	2.0216315
2.8019035	2.1771722
2.8908534	2.2157507
2.9299355	2.2099197
2.9790723	2.2404232
2.9717436	2.2076173
3.0479403	2.147074
3.0725358	2.1757302
3.073518	2.1482813
3.038726	2.1259568
3.000591	2.1288757
2.9547327	2.0801983
2.89368	2.0468733
2.7932856	1.9723071
2.5195997	1.8202926
2.4962363	1.8380713
2.560112	1.7325163
2.4421377	1.653016
2.3106813	1.5795579
2.2089221	1.5813935
2.258924	1.5868068
2.1674685	1.5215764
2.2675755	1.5951695
2.2768226	1.5537281
2.0029116	1.4564855
1.9065658	1.4228052
1.7673168	1.3058772
1.5713086	1.1401908
1.5589591	1.1201507
1.4917189	1.2103175
1.3410429	1.1940552
1.4509207	0.9711708
1.7428893	0.8556057
1.4527086	0.9457872
1.3798906	1.0534358
1.8601524	0.93509704
1.7230843	0.92823994
2.3970761	1.0580251
2.5326126	1.0511189
2.1621644	1.070118
2.1066432	1.0555977
1.7307932	1.1101259
1.8627018	1.0475514
1.7873898	1.0443063
1.6421865	1.0786552
1.6091357	1.4264635
1.7937018	1.2972102
1.7471318	1.2875286
1.6389774	1.4247793
1.6705915	1.4463226
1.7154746	1.415647
1.6605735	1.370068
1.658108	1.4161975
1.6774657	1.479803
1.6200577	1.5276577
1.6943694	1.5665052
1.8570323	1.4195327
1.9415803	1.6208893
2.1209192	1.9814655
2.2141974	1.9906344
2.5635715	2.1606536
2.8830783	2.2590635
3.0024812	2.2684844
3.0525546	2.1759229
3.0511267	2.2084138
3.0175567	2.2387395
2.9859881	2.1748848
2.9792829	2.164658
2.987851	2.130999
2.9383366	2.097505
2.8630197	1.9849205
2.7752228	1.9563551
2.7915308	2.043968
2.666763	1.8870639
2.5088804	1.7552066
2.3548403	1.7536346
2.1695795	1.6570212
2.140024	1.5702186
2.089482	1.5531058
2.192022	1.5206159
1.9306777	1.397981
1.8906598	1.5025616
2.0702477	1.6047823
1.6768334	1.4582014
1.5821449	1.6923417
1.7012829	1.7844012
1.7074434	1.7479243
1.532631	1.9281191
1.5183042	1.9802151
1.6741134	1.9481338
1.6019694	2.0866938
1.606323	2.0839167
1.5343909	2.0630472
1.397251	2.1074286
1.32461	2.0658739
1.3079158	2.0221112
1.1563995	2.0776038
1.0157418	2.1243916
1.0121377	2.0985112
0.9614642	2.1061442
0.8780557	2.1077178
0.8667328	2.0809274
0.91497624	2.0057433
1.0039984	1.8294108
1.1647898	1.5821251
1.348016	1.4882568
1.392949	1.5779642
1.4488127	1.6130128
1.5691708	1.5499107
1.5881122	1.5722347
1.5808069	1.5830705
1.5862932	1.5536716
1.7965814	1.4430376
2.1195471	1.3022187
2.3508446	1.2162882
2.1532981	1.4265674
1.9803438	1.4932432
2.3950167	1.3408638
2.7420514	1.1400406
2.716678	1.0356016
2.4777763	0.9819825
2.5065436	0.98302287
2.3337915	0.96632314
2.0026672	0.9747799
2.4484367	0.95503044
2.7240314	0.9426149
2.6639729	0.9495186
2.9024825	1.0447007
2.82287	1.0678926
2.6798768	1.065257
3.0527737	1.1472412
3.1539078	1.148948
3.2176461	1.0847368
3.096897	1.0276301
2.740085	1.1563139
2.4857724	1.2515785
2.4110885	1.2528416
2.3360734	1.275279
2.2433515	1.2987413
2.160055	1.3361008
2.0679166	1.3775129
2.1467845	1.4149493
2.2393107	1.3941374
2.05715	1.3931758
2.0664868	1.4772451
2.2974925	1.5302689
2.3620536	1.7391664
2.3967724	1.9137126
2.420155	1.8936884
2.5079198	1.8210015
2.8442335	2.002421
2.9735994	2.1186106
3.0252244	2.1658251
3.0038195	2.1902444
2.933282	2.1781905
2.9827075	2.1374612
2.8808596	2.0842564
2.6058958	2.082005
2.5473309	1.9993511
2.2853084	1.8840581
2.2081747	1.9169344
2.2366512	1.5685885
2.4878983	1.3721131
2.2248914	1.4826177
2.2121797	1.7136964
2.0863433	1.7005036
1.9034737	1.5742762
2.1107254	1.6134831
2.0411432	1.5597831
1.7614931	1.4376836
1.6907983	1.605306
1.7208325	1.7316785
1.6641922	1.6903945
1.6579113	1.7354418
1.686829	1.7442523
1.6650809	1.9044734
1.63478	1.9703677
1.6745784	1.9375105
1.7193282	1.9417179
1.62786	2.0351365
1.6294084	1.9945108
1.6153541	1.9286623
1.563514	1.9293153
1.6790954	1.7944759
1.6093462	1.7910503
1.6510733	1.7544847
1.7700219	1.7653462
1.9103965	1.796921
1.8647369	1.7778965
1.6591839	1.7290332
1.8313346	1.6468431
1.8840531	1.5858208
1.9506257	1.2350503
1.5468668	0.96636945
1.0686154	1.8881341
1.033068	1.596541
1.0376748	0.9789288
1.1553599	1.047733
1.2324244	0.9954933
1.022545	0.93346226
0.89937353	1.0258746
0.9869645	1.0114388
1.2584888	0.9675287
1.7696428	1.0752257
1.9209602	1.068024
2.2271628	1.0990322
2.411943	1.2617991
2.4896843	1.3270671
2.594208	1.321084
2.629624	1.3076041
2.5645487	1.4411912
2.4377139	1.5611454
2.5310826	1.4723935
2.5176184	1.4531788
2.491097	1.4949329
2.469797	1.6979041
2.3894143	1.9847542
2.53387	1.9645606
2.6491048	1.900235
2.5556552	2.0774527
2.4172351	2.1801286
2.0233147	2.1109438
1.4995743	2.011017
1.8085816	2.02635
1.8143566	1.9985781
2.076289	2.0468287
2.390049	2.1117728
2.296569	2.128853
2.1912022	2.0754962
2.188923	1.969676
2.3282545	1.903044
