1.5547988	1.1337339
1.9218276	1.21621
2.0694556	1.2714942
2.042374	1.4921814
2.196304	1.499328
2.30419	1.430532
2.2267942	1.490184
2.2503848	1.5135921
2.3402355	1.4802402
2.3713686	1.4826376
2.231999	1.5589064
2.21192	1.5815864
2.0299811	1.7666335
1.8438736	1.9330115
1.949193	1.8306656
1.8747694	1.8961143
1.7220392	2.0205243
1.4662888	2.093074
1.3974938	2.126822
1.2728927	2.2656388
1.6168971	2.0045154
1.8764325	1.9112043
2.0242667	2.1141093
2.257995	1.9249111
1.9121765	2.0377743
1.9418643	2.0205746
1.9319515	1.9054785
1.9550576	1.7253925
1.8783839	1.7144276
1.4880906	1.8786067
1.2399911	1.9604081
1.311468	1.8151197
1.50987	1.7030822
1.5956562	1.6211575
1.7872524	1.4978014
1.8966178	1.4986807
1.9928857	1.5058522
1.998738	1.4390624
2.0076737	1.4198773
2.097068	1.4358085
2.1230884	1.4630166
2.1163852	1.431223
2.1841195	1.3912855
2.3165486	1.319117
2.4548552	1.1803035
2.2585087	1.251832
2.0825026	1.5016501
2.4202719	1.4528631
2.5984118	1.3510053
2.6089756	1.2928112
2.7077973	1.1832007
2.877067	1.1750776
2.8541992	1.1952152
2.7602038	0.9553067
2.7127068	1.0860909
2.8475044	1.4388732
2.9999924	1.3846766
2.9275887	1.3629915
2.9957156	1.5205746
3.0596309	1.2865729
3.09272	1.0076845
2.9913993	1.1045684
3.0093954	1.3998227
2.955308	1.2681835
2.7408407	1.26871
2.5971966	1.4082712
2.6100218	1.3820436
2.505305	1.4704578
2.3461573	1.5458511
2.3520937	1.550492
2.3092384	1.5331829
2.2990036	1.5399232
2.3712156	1.537815
2.4238226	1.5277959
2.248161	1.6152037
2.231015	1.6908708
2.376433	1.7787219
2.2506557	1.8443753
2.2367005	1.92029
2.131746	1.9338717
1.9966564	2.0002515
2.1495867	2.0848234
2.0478337	2.1340404
1.7268426	2.208112
1.57208	2.2336142
1.6363353	2.302706
1.6351928	2.2099729
1.6751106	2.0387661
1.7587919	1.9593799
1.8898673	1.9144616
2.0077665	1.6788186
2.0555108	1.6856077
1.9256098	1.8315971
1.9356636	1.7752755
2.0543401	1.7638501
1.907641	1.7849609
1.914463	1.7668194
1.9140886	1.7365639
1.9868752	1.732273
1.9684935	1.7385138
1.728106	1.8163425
1.4103569	1.966556
1.212288	2.0307176
1.15506	1.9656453
1.0743228	1.8621696
1.2169375	1.7790357
1.1667901	1.7916071
1.0024892	1.8006495
1.1123767	1.7703886
1.2119844	1.7303247
1.3424194	1.57757
1.5324844	1.4373168
1.749314	1.3498255
1.8272711	1.3499366
1.7937433	1.3909457
1.8158001	1.413808
1.8826976	1.410392
1.9969223	1.3617235
2.0527375	1.3442461
2.0141613	1.3261986
1.9649245	1.323983
1.9449716	1.3472557
2.0331993	1.3697048
2.217259	1.3401476
2.3780844	1.3451312
2.528475	1.4276241
2.6651704	1.5703642
2.717877	1.748448
2.7462666	1.8755207
2.8432121	1.8788078
2.7163055	1.8527936
2.6072009	1.9289181
2.80088	1.939925
2.8294659	1.8833863
2.769016	1.8360914
2.9467773	1.7942342
2.966467	1.8218215
2.9652114	1.7647004
2.9159715	1.8071014
2.8516579	1.7968438
2.7899773	1.6725017
2.523544	1.5221931
2.438611	1.4514285
2.3620927	1.4546429
2.271721	1.4456352
2.1646583	1.4151348
2.1546235	1.4601898
2.1026955	1.4556535
2.1420138	1.453688
2.1782978	1.440681
2.1012652	1.3861009
2.017688	1.4759016
1.7612231	1.4959623
1.646804	1.4729781
1.6461763	1.5735636
1.3890486	1.6426368
1.188293	1.6585281
1.07712	1.699838
1.0699842	1.7019553
1.1455154	1.7594084
1.0932847	1.7871518
0.995481	1.8971965
0.92415535	1.9943115
0.9194388	1.9715087
0.8820224	1.9815427
0.7053345	2.015589
0.63683176	2.0209181
0.87626004	1.8806896
1.2157717	1.6365843
1.4073257	1.465615
1.5262561	1.3987231
1.616698	1.3522611
1.6815761	1.3457272
1.6662711	1.3613614
1.66416	1.3625828
1.7453278	1.3781964
1.8125482	1.3527167
1.7719469	1.3427974
1.8354645	1.3699591
1.9684924	1.3478495
2.0213888	1.3254672
2.2069144	1.3184543
2.497451	1.4104995
2.6942604	1.6021713
2.7185338	1.7021253
2.6714067	1.8904485
2.5926425	1.9660602
2.5255544	1.9376322
2.6064856	1.9736032
2.4883387	1.9403853
2.3805237	1.9083889
2.256512	1.8926972
2.1250303	1.846442
2.0499423	1.831935
2.0744598	1.7977754
2.1298907	1.8382432
2.0178714	1.838251
1.9882526	1.8220206
2.0216146	1.7892649
2.0288348	1.7740147
1.9594568	1.8766819
2.4793348	1.3940231
2.5001063	1.1706078
1.4168344	1.6193653
1.0550066	1.728734
1.9119534	0.9745215
2.1309369	0.8749373
2.0281985	0.91679645
2.3654487	0.87395465
2.2870588	0.8641159
2.274069	0.79312557
2.238957	0.76411664
2.2210393	0.7605994
2.1177478	1.0032693
1.877148	0.95386297
2.0399766	0.9540412
1.8642051	0.9169245
1.5786579	1.0273465
1.4380167	1.4939755
1.5827065	1.4617605
1.6161685	1.5134705
1.6554334	1.5813991
1.6745526	1.5969527
1.6785996	1.5446851
1.8005698	1.5566559
1.6490782	1.603935
1.4788058	1.5676882
1.4533545	1.5735749
1.3334165	1.4022719
1.3252603	1.3677169
1.2553604	1.2721444
1.1985569	1.1270368
1.113073	1.1435351
0.9434799	1.263595
0.92234445	1.438503
1.4778808	1.4091052
1.6652395	1.6150124
1.9729949	1.7046286
2.1455557	1.7501148
2.1973965	1.7035162
2.2327077	1.6762179
2.2856348	1.5915848
2.2792888	1.5164435
2.2675776	1.5116351
2.3058436	1.5092382
2.2850142	1.560501
2.1716864	1.6918575
1.9725912	1.8202636
1.7639321	1.8845632
1.4565064	2.1023724
1.2200501	2.2537463
1.0723873	2.0630565
0.97543705	1.7733182
0.95697534	1.6642588
0.8393656	1.9083495
0.82923937	1.8730264
0.8622973	1.7665673
0.9739917	2.0660686
1.4575197	1.8445208
1.9820828	1.8035612
2.0898702	1.6764796
2.0480065	1.5395105
1.8865623	1.6437123
2.0603845	1.5841203
2.174866	1.5005643
2.0147285	1.5681102
2.0219672	1.5457984
2.1914058	1.4184176
2.2783048	1.3830918
2.365705	1.4002724
2.2932956	1.5296636
2.3914082	1.5942115
2.5775151	1.563648
2.534766	1.6542461
2.5769846	1.7274309
2.5236204	1.8502046
2.4361942	1.7668588
2.3835447	1.7334533
2.3370886	1.7575682
2.3915818	1.6543493
2.153808	1.7215651
2.1135747	1.7671441
2.23856	1.7077541
2.1185944	1.6689998
1.9853613	1.7333415
2.0606165	1.7405803
2.1326802	1.6538154
2.0309281	1.657816
1.9974053	1.7108291
1.7455573	1.8256506
1.6295369	1.8635838
1.6784215	1.8611763
1.4282061	1.8491943
1.2361944	1.8399143
1.1803957	1.8000278
1.0572006	1.8948612
0.9026791	1.9038953
1.0823047	1.6947205
1.129701	1.6968353
1.1462643	1.5969081
1.3208439	1.4396211
1.2194964	1.3953336
1.06622	1.3606617
1.0056859	1.2957345
1.054036	1.2625281
1.0910475	1.3135148
1.168696	1.3416145
1.2078562	1.3322098
1.3252509	1.3541076
1.3869294	1.3454078
1.5679666	1.2847576
1.782797	1.2743021
2.0676665	1.2799321
2.2668712	1.3794985
2.5436172	1.5348676
2.7033386	1.6346673
2.7269742	1.7714903
2.6701834	1.8088529
2.5208218	1.8532735
2.463626	1.8911699
2.3921664	1.8735527
2.342233	1.8720644
2.360386	1.7596188
2.4045005	1.6914903
2.3142495	1.7851852
2.268212	1.7506938
2.2394562	1.748044
2.2154968	1.7650545
2.2047997	1.736291
2.149382	1.7423363
2.1447906	1.7783458
2.143761	1.822127
2.1755917	1.7715797
2.109827	1.7420418
2.1480231	1.7562821
2.179285	1.5761824
1.8091202	1.6327364
1.6015879	1.5312793
1.6225492	1.3489823
1.5928578	1.2177277
1.5565133	1.2289828
1.6865866	1.1046563
1.5807537	1.1172938
1.2061983	1.0936433
1.4963119	0.8468193
1.5249412	0.9540122
1.3931037	0.88196
1.2316132	0.94883436
1.233879	0.940549
1.4609855	0.9192156
1.9646119	1.2202631
2.3777914	1.1132857
2.534852	1.3096553
2.5948822	1.3542063
2.4984605	1.4256204
2.4525495	1.4839628
2.4726017	1.4731402
2.43302	1.45738
2.3238297	1.4953471
2.3997498	1.5044403
2.4119763	1.4709393
2.5716765	1.3333325
2.7984107	1.2262404
2.7829735	1.2779775
2.8530264	1.3222969
2.86669	1.3273904
2.7575004	1.2666808
2.6677256	1.2715323
2.5670197	1.3148057
2.6299736	1.3141751
2.6409557	1.3224556
2.8073921	1.321215
2.9156244	1.3438036
2.8445141	1.3548101
2.8270893	1.3151478
2.8330917	1.3133358
2.6559837	1.3936504
2.4823632	1.4359711
2.433825	1.4551514
2.3366652	1.5100448
2.2228076	1.5541544
2.2082968	1.5607682
2.27394	1.5564722
2.1740735	1.5444001
2.0723855	1.5601556
2.0754995	1.5717924
2.0427568	1.5639397
1.8970585	1.5774689
1.8463367	1.5883911
1.8832185	1.5760853
1.6772009	1.2953743
1.691179	1.0357393
1.6000937	1.2184906
1.6162491	0.9585135
1.5126778	1.0329945
1.3550817	1.296375
1.2711174	1.4701123
1.2040616	1.5685117
1.3295957	1.6857095
1.6885644	1.6837873
1.8028581	1.7135359
1.9268193	1.6275908
2.0005436	1.5139955
2.0508778	1.554159
1.9235735	1.6204113
2.065974	1.6327957
1.905553	1.7018192
1.7212139	1.8508362
1.9636279	2.0555165
2.0315638	2.1232502
1.9303123	2.1504338
2.2455754	2.118645
2.2440615	2.0186975
1.908616	2.1397939
1.9891016	2.1968625
2.0311153	2.1121497
2.1572669	2.0490477
2.2108366	2.0934153
2.1610537	2.0999968
2.0805016	2.0979247
1.9298847	1.9502829
2.1715164	1.8741391
2.5192115	1.7382762
2.3618128	1.8081295
2.2470129	1.7824849
2.0726957	1.8001971
1.6937274	1.9995359
1.6319193	1.9319446
1.8435541	1.9006181
2.2087061	1.8233176
2.1464431	1.7388
1.9629691	1.7783399
2.226267	1.764655
2.4371104	1.7350777
2.5670836	1.7859848
2.4806144	1.7987875
2.5505917	1.7879714
2.6975346	1.8460464
2.694581	1.7972302
2.7737608	1.7860836
2.6507115	1.7719084
2.6044965	1.7208846
2.6645749	1.7090156
2.5784163	1.6579868
2.4449775	1.6451615
2.4780679	1.6209946
2.4706602	1.5724614
2.263835	1.524607
2.1813095	1.5221179
2.1775255	1.4889507
2.278258	1.4779338
2.1993704	1.4783351
1.9511769	1.4515718
2.0299063	1.4815409
2.2435176	1.5322224
2.044819	1.554624
1.7751123	1.513932
1.7575341	1.5226158
1.704646	1.5245397
1.7071756	1.5587513
1.2029636	1.7085081
1.4696956	1.6427338
1.8526491	1.6186563
1.5049498	1.6926062
1.4228376	1.7377222
1.573121	1.7248703
1.8410612	1.6955018
1.7476876	1.7323691
1.9371709	1.7929053
2.055314	1.811789
1.8095684	1.77756
1.8827298	1.780412
2.0627325	1.7591
2.0461144	1.7345897
1.9806165	1.7411284
2.0361116	1.75631
2.0308359	1.7281545
1.9904437	1.6363105
2.0667257	1.5793465
2.0771542	1.6463526
2.1156404	1.5944438
2.2076817	1.5100911
2.3152292	1.3973757
2.364528	1.3943124
2.2452302	1.3483856
2.3593333	1.2714926
2.529819	1.2149152
2.5332117	1.2959671
2.835364	1.3215121
2.8996184	1.2730428
2.800002	1.1419576
2.8400283	1.2067
2.9223979	1.187456
2.8483105	1.0684961
2.7089534	1.2270821
2.7362292	1.1615444
2.7046144	1.1991531
2.5592325	1.3355987
2.4635022	1.3816789
2.4076767	1.4165351
2.3330595	1.4357888
2.297108	1.449472
2.1880376	1.511421
2.0805085	1.5396819
2.124805	1.5457205
2.1366227	1.552877
2.0993514	1.5744611
2.092912	1.578985
1.9918108	1.584266
1.8911266	1.5601196
1.7262012	1.4320005
1.671404	1.2580113
1.6452521	1.3231304
1.6154573	1.3025885
1.5725775	1.3295215
1.5236465	1.3704748
1.4697167	1.4476057
1.3962638	1.3732187
1.3610085	1.25534
1.2786827	1.1910311
1.1668766	1.060372
1.0699373	1.0879128
0.9391124	1.2376813
0.85763717	1.3414959
0.96023303	1.3798629
1.3061808	1.4193102
1.7259784	1.438815
1.9102575	1.4406897
2.033087	1.5612875
2.0159996	1.6912535
2.0313394	1.7370162
2.0462275	1.6985881
2.075488	1.6433767
2.1032615	1.5983497
2.0693712	1.6031424
2.1247764	1.5617541
2.24907	1.5409809
2.3442254	1.514111
2.460952	1.5075462
2.6093817	1.497964
2.7444847	1.4047009
2.8268223	1.3545456
2.8487775	1.3865302
2.7480774	1.3970371
2.7344856	1.3688564
2.8371649	1.4123436
2.717935	1.4800488
2.78806	1.4957068
2.9446805	1.4964094
3.0064993	1.407459
3.0476549	1.3437476
3.0050194	1.3262132
2.926962	1.3322951
2.870871	1.3653176
2.7586298	1.3362064
2.5277426	1.410556
2.3325408	1.4925723
2.3279731	1.4803547
2.2617242	1.5025228
2.0921576	1.5319982
2.0318103	1.5160582
2.1177888	1.5239291
2.0561662	1.5376786
2.1084566	1.5530688
2.1259415	1.5833446
2.1931188	1.5996962
2.3608844	1.6224439
2.425686	1.6377783
2.4889605	1.7562299
2.4410822	1.7812805
2.5875485	1.7407538
2.7259214	2.014594
2.7060728	2.0564325
2.6766212	1.8504368
2.5812385	1.9770972
2.4653814	2.0916386
2.37209	2.032142
2.249329	1.9272003
2.3285239	1.8435335
2.2903569	1.744363
1.971981	1.7238369
2.0578766	1.6804876
2.1600506	1.6415262
2.036453	1.6995741
2.1083157	1.6264656
2.2085679	1.6445715
1.9125509	1.4769057
1.8662684	1.4473361
2.1295152	1.5377439
2.0336895	1.4675568
1.991332	1.4303242
2.0812993	1.4607873
2.0060983	1.2890666
1.6736045	1.3625811
1.3482721	1.4430441
1.5164884	1.2395623
1.5176836	1.1434771
1.3924468	1.0296615
1.4291208	0.9516364
1.2614129	1.1485347
1.325552	1.0776619
1.6360295	0.8443444
1.5928534	0.8364886
1.2532914	0.9203466
1.1620408	0.95388687
1.0858862	1.0296234
1.0444458	0.99810547
1.0396758	0.98045003
1.0061891	1.0187422
1.1050792	1.0250175
1.2569797	1.2159582
1.5965139	1.4001361
1.9237182	1.3474178
2.043111	1.3763676
2.390998	1.4224825
2.4707003	1.4632744
2.4557898	1.5361974
2.4012058	1.5903386
2.4122953	1.5721745
2.4670877	1.5466799
2.465152	1.5488634
2.4048991	1.5709597
2.4891064	1.5221336
2.6707962	1.4407179
2.6733437	1.4753416
2.6894848	1.5064887
2.7520628	1.4588442
2.7519646	1.4309189
2.7681727	1.3718306
2.6440187	1.2639574
2.501632	1.3170822
2.3428519	1.441923
2.347207	1.358365
2.3102136	1.2135167
1.9736557	1.4979118
2.080514	1.5613784
2.270741	1.3205767
1.9907094	1.5021027
1.8021525	1.6248711
1.7209272	1.6089191
1.593407	1.5793065
1.6335897	1.6091692
1.6151724	1.5861987
1.4897406	1.5707074
1.4655159	1.6064165
1.4931251	1.7247477
1.3846898	1.7907727
1.3200622	1.7811041
1.2232454	1.7493237
1.1610701	1.7331197
1.060936	1.9676124
1.0086923	2.0469584
0.9796419	2.021031
0.85738826	2.1442835
0.7801941	2.2486072
0.7363213	2.3662534
0.75188226	2.2028654
0.96737957	2.1199527
1.3669146	2.0034876
1.6459495	1.7590308
1.6957105	1.7805471
1.5564241	2.018022
1.5014102	1.8764398
1.337386	1.7896242
1.4051993	1.6719831
1.7499322	1.3523024
1.8301268	1.3351126
1.8876624	1.3595184
1.8774601	1.3895866
1.904824	1.3523934
2.0077345	1.2853832
2.0922167	1.1942335
2.1277966	1.1527466
2.0716274	1.2393545
2.2360694	1.1782839
2.3501322	1.1176673
2.5247593	1.0705522
2.594719	1.1699303
2.5853682	1.2669369
2.6926043	1.1345328
2.7903833	1.0279752
2.8128343	1.0639918
2.7044299	1.0847776
2.8064685	1.2726638
2.9640832	1.2750251
3.0966902	1.1299322
3.064484	1.2228868
2.9926991	1.3066473
3.0245116	1.2407212
3.0301158	1.0108289
2.995549	1.0502782
2.841579	1.2028618
2.5774913	1.3328136
2.4296505	1.4025298
2.3227162	1.4223796
2.2405152	1.4774185
2.1214247	1.5107534
2.0810184	1.5173811
2.1561923	1.5150366
2.0911632	1.5128896
2.049085	1.5180334
2.0043654	1.5570751
1.8923515	1.5537263
1.9093629	1.5990312
1.955002	1.6958404
1.8551531	1.6373471
1.8283527	1.7009224
1.8680841	1.8578105
1.7981455	1.9955062
1.6892985	2.0172203
1.6503304	2.0997405
1.3670169	1.9876126
1.1624334	1.9321826
1.0017321	1.9301878
0.8691726	1.7923493
0.8103893	1.7104125
0.7363813	1.7429782
0.72929513	1.8112465
0.7457082	1.8088535
0.8505519	1.7852098
1.0617585	1.7831248
1.1005478	1.7451323
1.1982799	1.5762193
1.1622834	1.5028285
1.2457587	1.4276143
1.3684309	1.3868762
1.3463241	1.375758
1.3368516	1.3508847
1.3781705	1.3331612
1.3804522	1.3421518
1.4098096	1.3337545
1.5030829	1.2936254
1.4749676	1.2469497
1.5656357	1.2100182
1.6850489	1.170839
1.8682221	1.1268365
2.1780446	1.0893052
2.263886	1.1332799
2.3015041	1.1705093
2.4532607	1.0228871
2.6079693	0.9867817
2.7318764	0.9572294
2.676224	1.0364476
2.6124601	1.1392242
2.7341664	1.1764479
2.7963774	1.1391596
2.7751768	1.1371968
2.8525057	1.1916705
2.9631982	1.2486633
2.8518863	1.3377981
2.8668046	1.3445388
2.9940479	1.2612826
3.0174165	1.2337875
2.9741178	1.1892453
2.9286547	1.1089684
2.815029	1.1249382
2.554264	1.304323
2.304824	1.4612002
2.2625575	1.493346
2.2128773	1.4811841
2.178411	1.4693518
2.055683	1.4971303
1.9640942	1.4749153
1.9103501	1.4849356
1.9787375	1.5191717
2.0357473	1.508786
1.9386511	1.5062233
1.8617126	1.4860251
1.7908719	1.4262705
1.751225	1.3818737
1.7211336	1.3317037
1.697293	1.2375398
1.6970735	1.0946287
1.6679813	1.1639483
1.6098275	1.1835326
1.564033	1.238083
1.5048213	1.1917412
1.3989534	1.1898204
1.2832724	1.2622398
1.1379572	1.1711733
1.0172113	1.1595458
0.917903	1.2167485
0.8658972	1.2716331
1.0090036	1.3483396
1.2957269	1.3094707
1.5966847	1.2827334
1.9551153	1.4386027
2.0619876	1.4743457
2.1197014	1.5161167
2.1407087	1.5467662
2.1360145	1.4559737
2.2181175	1.4432731
2.196818	1.4524084
2.1605875	1.4901618
2.1140203	1.5763187
2.1196535	1.5883423
1.9857413	1.7230766
2.0223393	1.6730001
1.9774978	1.6254737
2.0154932	1.6783917
2.1221497	1.6389031
2.129539	1.7991107
2.2307813	1.7122798
2.2495003	1.7935569
2.3816822	1.8782203
2.3001394	1.8281596
2.208772	1.8556416
2.3384295	1.7077018
2.2684538	1.7382025
2.236418	1.8553599
2.2651737	1.8587576
2.2759986	1.8200701
2.3002152	1.7376194
2.2374833	1.7717735
2.1037796	1.7960714
2.0956872	1.6931387
1.9741262	1.6080301
1.8598822	1.5432178
1.96027	1.5641927
2.0442648	1.53128
2.1098692	1.5267886
2.2746663	1.5873513
2.3088586	1.6585145
2.471183	1.7040895
2.6101587	1.678861
2.5849197	1.7628919
2.6736283	1.8287021
2.7410352	1.7278727
2.7015653	1.8920254
2.9462388	1.8439173
2.8548067	1.8832954
2.560334	1.8037237
2.523957	1.5502279
2.4014904	1.5079391
2.457159	1.4950633
2.418162	1.458955
2.3574696	1.4559085
2.3004315	1.4759028
2.3031833	1.4405658
2.198148	1.5050778
2.0866199	1.4932958
2.1480515	1.4105142
2.2653809	1.4462459
2.331284	1.4317403
2.0616832	1.3881598
1.9762228	1.3982832
2.1432433	1.3954239
2.096014	1.3106672
1.5578548	1.4632893
1.25319	1.7353805
1.4249579	1.5945913
1.2778023	1.4352819
1.2787095	1.4352678
1.1687522	1.5590526
0.9883274	1.6221664
1.091606	1.6846675
1.2053683	1.7377847
1.0914592	1.7217661
0.9849786	1.7696768
0.91041666	1.8817316
1.1172858	1.8498974
1.0120062	1.8100562
0.91262275	1.7985988
1.2163409	1.7645916
1.271492	1.7800964
1.2797933	1.7542409
1.489268	1.6132118
1.8733928	1.455573
1.9316245	1.4119508
1.9362285	1.434977
1.9461586	1.4707477
2.0208611	1.406719
2.0068748	1.3663251
2.01239	1.4187363
2.0476673	1.4237473
2.0383813	1.4308288
2.0873117	1.4537431
2.128102	1.438975
2.1933017	1.4027175
2.2249098	1.4207588
2.2769845	1.4132739
2.3497698	1.3296349
2.346553	1.300237
2.3346968	1.3077158
2.206473	1.1530403
1.8901032	1.1288472
1.8594021	0.994961
1.8707716	0.8233434
1.4980903	0.9621851
1.530638	0.8819309
1.4308105	0.9185233
1.6231782	0.82392436
1.652103	0.8543423
1.6780138	0.94831264
1.7893409	0.9723509
2.0577726	1.0280585
2.1980174	0.8736053
2.342052	1.0572761
2.2665133	1.0150539
2.23361	1.1452997
2.1952841	1.2411039
2.1641767	1.1603838
2.2978137	1.2724648
2.2994509	1.3341626
2.3371434	1.3287928
2.24422	1.4473808
2.3306377	1.4732087
2.5419624	1.4248062
2.401272	1.4867575
2.3666189	1.560567
2.3260384	1.6040801
2.1075602	1.7804619
2.234894	1.7393558
2.3820708	1.5703487
2.2619398	1.6524067
2.2126815	1.7340521
2.099128	1.9222857
2.1533585	1.8496093
2.0816433	1.7430843
2.3496637	1.7530441
2.526161	1.8297255
2.446856	1.9624915
2.4238048	2.0801563
2.3084142	2.1231425
2.41864	1.9624814
2.3809109	1.9245805
2.3751428	1.9374458
2.265379	1.8065467
2.0487375	1.8595614
2.0907447	1.7676598
2.0698404	1.5877172
2.1001868	1.7089108
2.0434043	1.6554348
2.0306835	1.6463434
2.068624	1.6590289
2.0602682	1.5968239
2.0219185	1.5444281
1.9420518	1.4592227
1.9280444	1.4010621
1.8907083	1.3652076
1.8580809	1.419761
1.9321971	1.2082423
2.0497952	1.0260725
1.9832639	1.1419948
1.9233482	1.108305
2.1232514	0.90033096
2.1542265	0.89858896
1.9360268	0.7430015
1.999496	0.82395685
2.1346025	0.87856823
2.2290814	0.75354844
2.216018	1.0860348
2.0292008	1.0920422
2.0844977	1.0656978
2.11319	1.231659
1.7664977	1.3860813
1.507789	1.4762362
1.5221183	1.4777569
1.6113166	1.4324371
1.72447	1.42468
1.7015424	1.4783963
1.52091	1.4098592
1.4722046	1.3818284
1.4950979	1.5941879
1.480994	1.5744932
1.6580108	1.6436553
2.0151427	1.7712373
2.268908	1.8428811
2.5893266	1.9261686
2.6332948	2.0183406
2.6914732	2.0377595
2.7365327	2.129101
2.7663639	2.0845368
2.9564023	1.9897293
2.9920912	2.095643
2.963144	2.0523567
2.8752391	2.0294013
2.786239	2.0685725
2.7092578	1.9535314
2.6170518	1.8932294
2.5401833	1.7677124
2.3522604	1.6448456
2.3061762	1.6700361
2.4176679	1.5389448
2.3260596	1.5006887
2.228766	1.4841344
2.1506388	1.5012163
2.1787248	1.4942824
2.137612	1.4671211
2.1846626	1.4959363
2.204785	1.4604115
2.0171783	1.4546652
1.9597738	1.4485953
1.8664078	1.3948028
1.6686836	1.2978071
1.6780705	1.2850804
1.6298643	1.3363758
1.3983009	1.2773654
1.5740161	1.1169508
1.8499662	0.9835904
1.6510171	1.097325
1.5911995	1.2129815
1.8579795	0.88077885
1.8054178	0.92733
2.0423827	0.7755904
2.175776	0.82559323
1.671408	0.84641814
1.6739457	0.890118
1.5311258	1.3468938
1.4910533	1.1875023
1.3882687	1.1458724
1.353851	1.1720538
1.4801173	1.4866631
1.5543514	1.403303
1.493713	1.3832881
1.46529	1.4770342
1.4875708	1.499748
1.5118977	1.4846952
1.457344	1.4354963
1.4743893	1.4764528
1.4990072	1.5285081
1.4788275	1.5551736
1.5410544	1.5972714
1.6505749	1.5106803
1.8084581	1.6406626
1.8550298	1.8923142
1.9798082	1.9031028
2.2741156	2.005297
2.563139	2.1148548
2.810059	2.12627
2.9677103	1.9724722
2.94833	2.1261125
2.8438673	2.2615845
2.8133252	2.1690652
2.8015664	2.18844
2.7881372	2.1026382
2.6896548	2.034941
2.636119	1.7579181
2.517687	1.7353137
2.4837375	1.94535
2.4327958	1.6646206
2.350447	1.5600244
2.2116177	1.6008422
2.1006472	1.5556366
2.1085403	1.4943578
2.0828247	1.4921709
2.1573281	1.4498277
2.001215	1.4202582
1.9369022	1.4918109
2.0673792	1.5338889
1.7463646	1.4731876
1.4813223	1.5764241
1.5826813	1.63847
1.6445029	1.6058068
1.285968	1.6488224
1.2474531	1.6610135
1.4979565	1.6735535
1.323194	1.7669678
1.3648633	1.8007822
1.3640597	1.8123589
1.2116023	1.8439887
1.2553622	1.8773639
1.3271095	1.9111356
1.1354121	1.9670599
0.92778677	1.9972713
0.9692357	1.9895612
0.92467344	2.0032668
0.86435956	1.9460728
0.9595	1.8664525
1.179573	1.7270604
1.3742269	1.5430163
1.5279776	1.3871268
1.6396009	1.3118099
1.606548	1.3349334
1.6242653	1.3524064
1.6830148	1.3184756
1.7265347	1.3290697
1.728786	1.3371116
1.7444884	1.3235548
1.8758765	1.2677642
2.0400078	1.1797198
2.171164	1.124715
2.1407442	1.263625
2.0895374	1.3150263
2.2962172	1.2284389
2.501853	1.0948145
2.5976012	1.0043402
2.550701	0.9134532
2.4971132	0.9439171
2.509113	0.85014343
2.6771305	0.6893877
2.7828064	0.7981659
2.9201694	0.9086979
2.9891574	0.91388917
3.0506012	1.2018192
3.1328557	1.2933934
3.076615	1.1587702
3.0076005	1.2063136
3.0588236	1.257248
3.0680451	1.1097876
2.9801102	1.1245252
2.746703	1.3218104
2.474307	1.4242796
2.3744113	1.4333963
2.2842906	1.4542571
2.1724951	1.4756907
2.0828228	1.5007524
1.9889848	1.5214039
2.064329	1.5325338
2.1575274	1.5125719
1.9769864	1.5275607
1.9796693	1.5598785
2.2111127	1.5639879
2.2186816	1.660035
2.138479	1.7926234
2.1892414	1.8039426
2.3473158	1.7474202
2.5984442	1.8098189
2.6787581	1.9375937
2.7311113	2.0471752
2.7086332	2.167533
2.6240273	2.178413
2.6918974	2.0585704
2.5642967	1.9756851
2.3278794	2.077286
2.274596	1.9100964
2.1046379	1.7803197
2.0339053	1.8369251
2.1959317	1.4780809
2.3615887	1.320199
2.1921628	1.4243073
2.111844	1.5979978
2.027449	1.6095544
1.9270012	1.5389649
2.091877	1.5311642
2.065601	1.5052997
1.8627015	1.4604373
1.6904976	1.5483692
1.6508114	1.616127
1.631206	1.5697577
1.5954785	1.5810558
1.636243	1.5802583
1.5038028	1.6546948
1.4243374	1.6776737
1.512701	1.658633
1.5808022	1.7104124
1.4561179	1.7965273
1.528332	1.8182896
1.6445608	1.8676902
1.6162643	1.8758268
1.8453625	1.8497792
1.7697245	1.8176816
1.8273402	1.8005342
1.9817415	1.8316691
2.0983717	1.8390254
2.058126	1.8236848
1.84322	1.7709459
1.9747547	1.6857103
1.9812956	1.6152617
1.905816	1.3544245
1.6466258	1.1914487
1.0305111	1.5921271
1.0181736	1.4468671
1.319595	1.0933584
1.674919	0.8338642
1.9115932	0.68544835
1.7532388	0.68614256
1.2615533	0.9394396
1.3560151	0.91114473
1.9350666	0.7094848
2.1560829	1.0314636
2.4673855	0.95474994
2.6520603	1.0874609
2.5636368	1.3363705
2.5810912	1.3826648
2.6690757	1.3526311
2.6814928	1.3406067
2.5362868	1.4537376
2.371499	1.5575287
2.4646664	1.4882728
2.478435	1.4775289
2.405772	1.518695
2.3683116	1.6118416
2.2348497	1.7680326
2.3453739	1.7219174
2.4459813	1.6683944
2.3166811	1.803772
2.2113485	1.9588875
2.0252297	2.0438335
1.6653781	2.1899257
2.0665097	2.023137
2.0994365	1.9565406
2.2876842	1.9732767
2.6063583	1.9801546
2.5368154	2.1187608
2.394021	2.115306
