1.5330278	1.2448555
1.7563797	1.6121942
2.0480552	1.5070947
2.1762283	1.6027972
2.2554913	1.6025599
2.3278582	1.6056631
2.325363	1.601196
2.2950506	1.6278172
2.3429656	1.6244509
2.3666787	1.6085964
2.3341832	1.6163573
2.3499906	1.6190475
2.3859074	1.6134288
2.4101324	1.6153666
2.347814	1.6262075
2.354941	1.6323665
2.275465	1.6632901
2.22048	1.6962074
2.2317677	1.6879884
2.1877403	1.7105094
2.1326618	1.7467242
1.9604893	1.7704575
1.8642368	1.7866002
1.6722196	1.8143423
1.738347	1.7390758
1.7880783	1.625446
2.0294015	1.6929075
2.3194897	1.5672413
2.14074	1.5907688
2.1164181	1.5953268
2.0457008	1.5606792
2.038661	1.5019178
1.9523444	1.5036242
1.7234356	1.5387069
1.5553312	1.5531752
1.5886719	1.4956594
1.6640569	1.4641197
1.751763	1.4257951
1.8717228	1.3893807
1.9691148	1.4071869
2.0375335	1.4275565
2.063967	1.401181
2.067015	1.3940378
2.1275833	1.421451
2.135358	1.4401361
2.1335793	1.4204235
2.1692426	1.404225
2.2700002	1.3724743
2.3918102	1.2949944
2.2711596	1.3078593
2.1566887	1.4142833
2.3777637	1.4152621
2.4988823	1.3664352
2.530883	1.3187112
2.642761	1.256777
2.806923	1.2496157
2.829897	1.2407588
2.8030465	1.1044947
2.7598906	1.1484885
2.756086	1.2333224
2.7790062	1.1913747
2.5977194	1.1386715
2.6019514	1.208335
2.7079098	1.3539958
2.7585623	1.4886047
2.573874	1.6372253
2.3807654	1.6526213
2.3362076	1.6167457
2.197658	1.6334051
2.0838976	1.6035235
2.0991347	1.58651
2.0275962	1.5783134
1.9412841	1.5848604
1.9427508	1.5783653
1.9427565	1.5772462
1.9394734	1.5739949
1.9630892	1.564382
1.9832621	1.5574696
1.8877449	1.5815222
1.8349124	1.5990788
1.8379251	1.6269647
1.7622381	1.6721314
1.7270423	1.73011
1.7024158	1.7700281
1.652997	1.8372031
1.7152643	1.8551159
1.7210127	1.8970846
1.608315	1.9126215
1.4767283	1.8373814
1.3087739	1.6845264
1.2460352	1.5578215
1.3700944	1.5592594
1.5281714	1.6165917
1.6667726	1.6508943
1.828878	1.6063931
1.8781003	1.6349736
1.7763611	1.6809853
1.7983478	1.680765
1.8973229	1.6864985
1.800012	1.7017967
1.8100469	1.7021185
1.8209444	1.696125
1.8722243	1.6940626
1.8663992	1.6927749
1.7074021	1.7154204
1.5353012	1.738377
1.4361221	1.7380557
1.403164	1.7016997
1.3548822	1.6488037
1.4398932	1.5995299
1.4348596	1.5566134
1.3692282	1.5209546
1.4389945	1.4809778
1.5137827	1.4502456
1.6458588	1.380346
1.8179837	1.3357089
1.9801515	1.3438901
2.0194614	1.3854263
1.995129	1.4135396
2.0044434	1.4357433
2.0365162	1.446857
2.1005857	1.4317105
2.1306984	1.4219803
2.1103084	1.400657
2.0847692	1.3867079
2.0762918	1.398307
2.1203876	1.4243258
2.222988	1.4271255
2.3130705	1.4304024
2.3982787	1.4593487
2.4719164	1.5096264
2.4842153	1.5658967
2.4898674	1.6057588
2.575238	1.6075319
2.4641218	1.6187239
2.3771052	1.6816779
2.522714	1.7007387
2.5209024	1.7065257
2.460384	1.7119766
2.6317759	1.6817248
2.658944	1.6770709
2.6888642	1.5894554
2.6363795	1.5741704
2.5489395	1.4406843
2.5047686	1.3679067
2.2111447	1.2569911
2.1379483	1.2080141
2.0514424	1.1898023
1.9678967	1.1903404
1.8935868	1.1969713
1.8658868	1.212093
1.8236015	1.221957
1.8606431	1.2134359
1.8928246	1.201607
1.8589067	1.1995707
1.755295	1.2492104
1.5839686	1.3086857
1.53394	1.3410615
1.5121711	1.4042146
1.3834691	1.4997227
1.3157979	1.5760399
1.2892069	1.6469928
1.3082336	1.6844225
1.3663708	1.7226473
1.3383853	1.7361549
1.2931906	1.7555119
1.2648302	1.7526367
1.2647483	1.7196295
1.2501342	1.6849447
1.1561707	1.6502818
1.1140965	1.6169384
1.2399396	1.5373769
1.4377724	1.4328564
1.6429468	1.3470467
1.8088032	1.3371084
1.9123371	1.3611729
1.9440358	1.3983942
1.929703	1.420507
1.9306469	1.4241344
1.9698147	1.4498272
2.0066245	1.4460667
1.9879668	1.4267462
2.014795	1.4492534
2.0852196	1.4569383
2.1095085	1.440778
2.2030926	1.4420136
2.360663	1.5017549
2.4746568	1.5683668
2.424443	1.5739524
2.335047	1.6272515
2.2700655	1.6531199
2.211774	1.6558962
2.286823	1.6906537
2.1968706	1.6992611
2.1010725	1.7164061
2.012129	1.7227622
1.9153293	1.7229544
1.8668474	1.720148
1.8887615	1.7145114
1.9269608	1.7259762
1.8592423	1.724103
1.837124	1.7229997
1.8680483	1.7098086
1.8724706	1.7065912
1.8294047	1.7315377
2.2806075	1.5684909
2.329837	1.4844973
1.5692896	1.6146076
1.380324	1.6089251
2.0655336	1.2756952
2.305705	1.1682702
2.254374	1.0755067
2.4739177	1.0129994
2.3386133	0.95287406
2.262609	0.93699634
2.2831972	1.1162221
2.3043852	1.4271404
2.1578248	1.6247909
1.9839619	1.6455916
2.0372097	1.6279958
1.938514	1.5676757
1.8263676	1.5960325
1.5834689	1.6077708
1.6629202	1.5839512
1.650062	1.5737317
1.6513021	1.5732741
1.6536684	1.5658269
1.6907934	1.55581
1.7422386	1.5407449
1.6700631	1.5572395
1.5743169	1.5818998
1.5456644	1.593444
1.3793344	1.6380106
1.1949282	1.6957376
1.1309726	1.6999633
1.0307218	1.7196803
1.0515292	1.6883494
1.3242701	1.6441219
1.6339505	1.602175
2.145827	1.5854685
2.1065128	1.592997
2.2256472	1.6146188
2.300035	1.6292455
2.3212361	1.6328853
2.3357775	1.6336335
2.3478873	1.6221262
2.324811	1.6080787
2.3190658	1.6067939
2.3359296	1.6039915
2.3348005	1.614283
2.299483	1.6374294
2.2120407	1.6599368
2.0752459	1.6660538
1.898357	1.7088611
1.7008915	1.7392807
1.4565356	1.70409
1.2730144	1.647235
1.2374481	1.626281
1.1087638	1.714863
1.0891011	1.71677
1.0808556	1.6887751
1.1815072	1.751636
1.4354343	1.6420827
1.9071746	1.6143237
2.0788596	1.5299135
2.1457222	1.433431
2.0428772	1.4668335
2.1220744	1.4609183
2.1863434	1.4315975
2.0529974	1.4535482
2.0645196	1.4395747
2.1589174	1.3983811
2.2325027	1.3822147
2.286766	1.3958151
2.2329288	1.4471347
2.2839227	1.4761548
2.405359	1.4638042
2.3502858	1.4979585
2.404324	1.5245992
2.3465335	1.5844789
2.3101902	1.5602237
2.2442026	1.5730343
2.2370248	1.589214
2.272444	1.5707219
2.089335	1.605907
2.05284	1.6309466
2.1425333	1.6152313
2.0483096	1.6132708
1.9427627	1.6393837
1.9968613	1.6409917
2.054629	1.6142995
1.9749937	1.621711
1.9495316	1.6352524
1.7761083	1.6672432
1.7020395	1.6764832
1.7310838	1.6726869
1.5895796	1.6509998
1.4797816	1.6295079
1.4696097	1.5852569
1.4053457	1.5808228
1.3403413	1.542226
1.4515089	1.4446882
1.4948047	1.4232423
1.5947777	1.3554459
1.7481743	1.307255
1.6804568	1.3070315
1.5175954	1.3162485
1.3958079	1.30841
1.4049584	1.3411226
1.3938683	1.4150298
1.4675542	1.4341826
1.5294152	1.41008
1.6464726	1.4276404
1.6890581	1.4267211
1.8377514	1.398804
1.960848	1.4172416
2.1305077	1.4421504
2.250676	1.4927977
2.4192555	1.5501896
2.4981666	1.5664892
2.4392242	1.5845337
2.3581119	1.5832806
2.235599	1.6019741
2.210249	1.6267081
2.160312	1.6377234
2.124515	1.6558939
2.1503625	1.6327215
2.1877797	1.6263103
2.1305938	1.6629648
2.1037478	1.6615443
2.0723937	1.672082
2.0575705	1.6803478
2.0453086	1.6777694
2.0044465	1.6835868
1.9946796	1.6978399
1.9853218	1.7143071
2.0074844	1.7034197
1.9583447	1.7005237
1.9835206	1.7050233
2.0341265	1.6435016
1.7679774	1.6692507
1.6657311	1.6112909
1.7064499	1.5371761
1.7628785	1.4215051
1.7941892	1.3745548
1.9845937	1.2258611
1.9725274	1.170243
1.807634	0.9714384
2.0159864	0.7746908
1.9335032	0.9410868
1.9593958	1.0812044
1.9008968	1.1405451
2.026654	1.3679717
2.0319145	1.436303
2.2199216	1.5739535
2.352459	1.5391561
2.459102	1.5822152
2.5217912	1.588089
2.49298	1.5983049
2.4880445	1.6000177
2.5008914	1.6013844
2.4792552	1.5939118
2.434203	1.6021358
2.4723666	1.5976473
2.4625742	1.5974164
2.5378785	1.5693542
2.655053	1.5492097
2.6580112	1.5334384
2.7271173	1.51425
2.7457051	1.4887369
2.6975522	1.4618589
2.5940652	1.450702
2.3294835	1.4630461
2.1610706	1.4740652
2.0763164	1.4857556
2.199584	1.4670838
2.30018	1.4531676
2.282853	1.4573139
2.2881932	1.4546618
2.2802331	1.4471599
2.175413	1.4485807
2.097084	1.4482696
2.0661647	1.4484411
2.0076206	1.4515886
1.9487469	1.4621804
1.9320675	1.4689956
1.9459867	1.4743571
1.9264367	1.4797838
1.879467	1.4980013
1.875672	1.4968017
1.8694226	1.5098246
1.7752203	1.5397023
1.7242426	1.566548
1.781799	1.5700057
1.554271	1.6636393
1.4595397	1.6905748
1.528483	1.7231959
1.3559641	1.7651474
1.4307885	1.765048
1.44099	1.7632558
1.4509043	1.7515626
1.4697258	1.7394929
1.5425669	1.721321
1.6856551	1.6898911
1.7198215	1.6907635
1.7802587	1.6774305
1.8352108	1.6673412
1.8376118	1.6680372
1.7784168	1.6824692
1.825158	1.6764854
1.756648	1.6958259
1.6734588	1.7285303
1.7077165	1.7512482
1.7358973	1.7737675
1.753736	1.8180176
1.9086186	1.8174205
1.95286	1.7852
1.6929003	1.7437196
1.6205689	1.619442
1.6729611	1.5192689
1.8214549	1.5306286
1.9124731	1.6181222
1.8905404	1.6830248
1.8667827	1.7398521
1.7982193	1.7251111
1.9717797	1.7329571
2.2734687	1.667845
2.1152263	1.7257807
2.0206683	1.7004149
1.8962694	1.7424006
1.6507025	1.7830203
1.6278348	1.7787112
1.7462087	1.7788827
1.9854442	1.7569672
1.945854	1.736072
1.822391	1.747796
2.0091162	1.7361066
2.1728098	1.7185261
2.2768714	1.7260104
2.2035568	1.7341436
2.260314	1.7234102
2.3816674	1.7294123
2.3893952	1.6926012
2.4757423	1.6663331
2.3484764	1.6401871
2.3102922	1.5900459
2.3719537	1.5415225
2.2858496	1.4898396
2.1402717	1.4680548
2.1645052	1.4066919
2.1760228	1.3732395
1.9829464	1.3581928
1.906087	1.3553987
1.9117372	1.3375425
2.0001783	1.3008555
1.9226102	1.3114762
1.7436285	1.3346324
1.7877023	1.3356775
1.9333405	1.3151023
1.774292	1.3797011
1.6181095	1.4048132
1.6271162	1.4544693
1.5993006	1.4786397
1.6117911	1.5311756
1.3503988	1.6357728
1.5017192	1.6290326
1.7421685	1.6586816
1.5432585	1.6918235
1.5042334	1.7158844
1.5905886	1.7209127
1.7531705	1.7139033
1.7002146	1.7214992
1.8158048	1.7342265
1.8985922	1.7354238
1.7416106	1.7300205
1.7877986	1.7306017
1.9120867	1.7180563
1.9036888	1.7100428
1.8618104	1.7097634
1.900306	1.711206
1.9032425	1.6987863
1.8864683	1.6700889
1.9538558	1.6447452
1.9652226	1.6541313
2.0112066	1.6252817
2.0954354	1.5908701
2.2138307	1.5216151
2.255847	1.5010175
2.1621015	1.446046
2.2516334	1.3711293
2.3779821	1.2561696
2.3147523	1.227907
2.489748	1.1122692
2.5261295	1.0804466
2.528304	1.225391
2.5893905	1.4150424
2.5660229	1.6456463
2.4741588	1.6754771
2.2359965	1.7009703
2.2565422	1.6524035
2.223691	1.6204817
2.1230989	1.5939157
2.084503	1.567782
2.059596	1.5475852
2.0384738	1.5261443
2.0276594	1.5114437
1.9735993	1.506629
1.9264287	1.5058658
1.9388697	1.5018783
1.9392672	1.5006244
1.9152814	1.5071388
1.9114034	1.5089455
1.8696201	1.525714
1.8287249	1.5378313
1.7327404	1.5750293
1.6681037	1.5972086
1.6677104	1.6190493
1.6116984	1.6436815
1.6151448	1.6604626
1.5803446	1.6849157
1.555135	1.6991608
1.4585297	1.7291553
1.2599486	1.7727064
1.159872	1.7772969
1.1167359	1.7573557
1.1415972	1.7255262
1.3612107	1.6870974
1.7085793	1.6704483
1.9599613	1.6562587
2.0737255	1.6388093
2.0846992	1.6040255
2.0889907	1.5812088
2.1014166	1.5828823
2.1081653	1.6065378
2.1253986	1.6149182
2.1276524	1.608178
2.1350696	1.5985631
2.152764	1.5945778
2.1289072	1.5932757
2.1709185	1.5923026
2.2515075	1.5936819
2.3299308	1.6020955
2.440447	1.6201613
2.5698247	1.6336129
2.6696582	1.6243694
2.7584832	1.6128117
2.8127878	1.5947812
2.8043911	1.5735886
2.7835166	1.5366086
2.7198133	1.5052024
2.3765347	1.5372262
2.230914	1.5663378
2.3490505	1.547041
2.4187307	1.5405505
2.4545915	1.5360532
2.3899999	1.5313396
2.3129425	1.5270153
2.2580476	1.5152353
2.2075138	1.5006976
2.098329	1.5045123
2.0081837	1.4966993
2.012606	1.4891605
1.9826088	1.4864211
1.922329	1.4913677
1.9103642	1.4888111
1.9376568	1.4840869
1.9117419	1.4845307
1.9158319	1.4859406
1.904002	1.4918625
1.9074234	1.498191
1.9315501	1.5080211
1.930013	1.5215881
1.8683691	1.5702248
1.8338828	1.5975105
1.9006345	1.639995
1.8132056	1.718915
1.7939825	1.7698967
1.9274614	1.8169466
1.8574343	1.8722028
1.7771438	1.9025899
1.7630645	1.8750801
1.6973349	1.7734439
1.7493407	1.592297
1.7705189	1.4521937
1.5752745	1.400892
1.657544	1.339305
1.7723584	1.2686144
1.664925	1.3172154
1.7776093	1.2937781
1.8750647	1.3085816
1.7398163	1.3226961
1.7490072	1.3424978
1.8879968	1.3308698
1.8566991	1.3461238
1.8344227	1.3331128
1.889848	1.3392608
1.8774327	1.2761278
1.6446446	1.384209
1.3960598	1.4336989
1.549375	1.3926208
1.5364866	1.3645144
1.4448179	1.3157579
1.4631025	1.2325181
1.3147265	1.313084
1.3972241	1.2067597
1.6907936	1.0200939
1.7270676	1.0313092
1.531701	1.2125673
1.5320394	1.5127784
1.5778058	1.6292593
1.6245154	1.6745368
1.8706777	1.6383476
1.9854273	1.6289837
2.1866298	1.5920315
2.2064877	1.6019077
2.242524	1.6001852
2.2437642	1.5781823
2.2068985	1.5673472
2.3220427	1.5597798
2.3556123	1.5608186
2.3637831	1.5708305
2.3327014	1.5779161
2.3396876	1.5760276
2.382745	1.5759875
2.3840063	1.5766252
2.3389342	1.5786994
2.3966591	1.5733271
2.5416932	1.5674263
2.5671535	1.5726091
2.6092944	1.5704583
2.6595042	1.5615762
2.6920881	1.549085
2.716335	1.5271741
2.6806614	1.5028809
2.6042385	1.4952506
2.4478269	1.500335
2.3282883	1.4914278
2.177597	1.4847796
1.8301861	1.5574669
1.7828672	1.554516
1.9151409	1.5187244
1.7932069	1.548439
1.7195574	1.559656
1.7091309	1.5625309
1.6676801	1.5708463
1.6816108	1.5684108
1.6761522	1.5655705
1.5973338	1.5899502
1.551272	1.6006315
1.5316131	1.6191971
1.392753	1.6661088
1.3411655	1.6944381
1.312626	1.715223
1.3257853	1.7213212
1.2892482	1.7489562
1.3334975	1.7523719
1.6611509	1.7627168
1.71469	1.7974837
1.7844911	1.8321661
1.6794685	1.8283502
1.4717269	1.6976771
1.534326	1.55343
1.7618349	1.5106362
1.9692346	1.4078978
2.0136278	1.4358517
1.9151875	1.5590566
1.8721278	1.4907821
1.7244415	1.4543196
1.7884227	1.4034454
2.004071	1.2832247
2.0472806	1.2973317
2.0567377	1.341685
2.0418546	1.3637613
2.0562482	1.3493222
2.1187732	1.3224587
2.1671867	1.2741151
2.1864944	1.2430892
2.1314723	1.282473
2.2164836	1.2518684
2.29331	1.2213837
2.403571	1.1814815
2.4698825	1.2328165
2.4960084	1.2520182
2.6216357	1.1783992
2.7281299	1.1163381
2.7631764	1.1236262
2.6890275	1.1044618
2.7326236	1.1688657
2.7173946	1.1613145
2.6721132	1.1237786
2.659123	1.3454632
2.633127	1.575239
2.5980608	1.6201718
2.5583944	1.5986129
2.4472835	1.5794342
2.284398	1.5423181
2.1362667	1.5305611
2.073248	1.5050128
2.0399122	1.4931674
1.9942743	1.482569
1.9462587	1.4795585
1.9299756	1.4770491
1.9539928	1.4689808
1.9380728	1.4684523
1.9183809	1.4691696
1.8766129	1.4794137
1.8127072	1.4967551
1.7909352	1.5196357
1.7552109	1.549403
1.7279261	1.5792873
1.6660428	1.6387093
1.6373105	1.6727061
1.5484804	1.7601595
1.50814	1.811153
1.591597	1.8630481
1.5334717	1.8935976
1.4711282	1.894322
1.3534733	1.8411499
1.0830115	1.6934947
1.0289967	1.5590886
1.0906587	1.4725953
1.2502861	1.42769
1.3937334	1.3703624
1.504096	1.3405864
1.6194171	1.354859
1.5975882	1.350953
1.6284331	1.2750247
1.5476962	1.2522268
1.527401	1.2607783
1.5381335	1.2998011
1.5028522	1.318572
1.5073688	1.3034252
1.5266138	1.3093945
1.5240767	1.3223734
1.5497453	1.319095
1.6089272	1.3029535
1.6064736	1.2645372
1.6627115	1.2411591
1.6987324	1.2451514
1.7885188	1.2297974
1.9514985	1.2288468
2.0177302	1.2373465
2.0985389	1.2219962
2.2178848	1.1285228
2.3620265	1.1017578
2.4426832	1.09111
2.484473	1.1157304
2.5121315	1.1725147
2.6464648	1.1793051
2.684996	1.1692097
2.6186485	1.1543144
2.5778997	1.2851809
2.5991437	1.4178007
2.5063136	1.6005931
2.471912	1.6518073
2.5407481	1.6168487
2.5002644	1.6089164
2.4007201	1.5844622
2.3680027	1.5500627
2.3003023	1.5093017
2.151501	1.4916072
2.0221834	1.4728893
1.9927212	1.4697322
1.987836	1.4573915
1.9859141	1.45459
1.9366896	1.4511218
1.9191843	1.4466618
1.8840312	1.4528352
1.8967429	1.4435989
1.9271436	1.4423821
1.8853818	1.4496958
1.849392	1.457555
1.8159845	1.4694687
1.7746749	1.4867369
1.7224287	1.5098832
1.6523863	1.5464414
1.5037124	1.6156517
1.4799486	1.6504583
1.5162935	1.6782231
1.425418	1.7345077
1.351682	1.7577521
1.253286	1.800604
1.1346109	1.8060861
1.1078739	1.788217
1.2016119	1.7460905
1.4741343	1.7093515
1.8299638	1.6884283
2.1072013	1.6723437
2.1534717	1.6396503
2.1887734	1.6167976
2.250976	1.6278905
2.2602024	1.6239636
2.2863293	1.6325423
2.2889585	1.6336793
2.2821653	1.6196865
2.3226306	1.6187205
2.3116496	1.6187648
2.3135452	1.6291339
2.2963262	1.6419784
2.3110356	1.648834
2.2548306	1.6744868
2.2809656	1.6720984
2.2261264	1.6679369
2.281889	1.690126
2.3161952	1.6968807
2.3624249	1.7450371
2.4100463	1.7440561
2.4057274	1.7684515
2.486334	1.7837381
2.4006279	1.7207288
2.3398561	1.6239082
2.4008272	1.4297856
2.3174477	1.3739974
2.2272968	1.4216166
2.2099192	1.4411198
2.1899679	1.4543501
2.1926649	1.4501569
2.106866	1.5009074
1.9690717	1.5374902
1.9795557	1.5260721
1.9110762	1.5185568
1.8373727	1.5030453
1.9214624	1.5066525
2.0012693	1.4780712
2.0516167	1.4764031
2.162597	1.474086
2.1623876	1.5061413
2.2541728	1.4999083
2.375353	1.4823469
2.283397	1.5074182
2.3238044	1.5035757
2.400916	1.4342263
2.293513	1.503799
2.5957158	1.3256218
2.4931326	1.420383
2.0392182	1.2766083
2.1646419	1.2548735
2.0333285	1.2011889
2.100669	1.1790236
2.0720973	1.1551517
2.016272	1.1651075
1.9552813	1.1869657
1.97994	1.1755321
1.8606668	1.220183
1.7828298	1.2439995
1.8737506	1.1966852
1.9561116	1.1811625
2.025215	1.1658441
1.8235441	1.2101123
1.757194	1.2409956
1.8762413	1.1962104
1.8815099	1.1840138
1.4676929	1.3296211
1.1933784	1.4731586
1.3604214	1.4255172
1.3494427	1.4631557
1.3530143	1.489496
1.2930055	1.5759009
1.1819075	1.6283245
1.2839884	1.6614246
1.3707027	1.6752868
1.332234	1.6689801
1.2989787	1.6598041
1.2994345	1.6502789
1.4553943	1.6101329
1.4247929	1.5498905
1.3862193	1.5173342
1.5772048	1.474578
1.6138716	1.4650058
1.6176642	1.4485568
1.7590312	1.3988636
1.9933245	1.3713021
2.0595665	1.3638875
2.0608196	1.3845705
2.0676064	1.4171989
2.1144094	1.3936764
2.1112833	1.3748287
2.1081133	1.4046152
2.1253111	1.4193779
2.1151097	1.4192016
2.1346347	1.438606
2.1530478	1.4347177
2.1845412	1.4159454
2.196248	1.4246786
2.2282724	1.417854
2.283741	1.3725197
2.2932253	1.3457849
2.3077555	1.3371443
2.282816	1.2216936
2.1401098	1.1382189
2.0868824	1.0164809
1.9798013	0.89617586
1.697527	0.9664258
1.6700778	1.029672
1.6042453	1.1454934
1.7710755	1.2261596
1.7770602	1.2954772
1.8717196	1.4119949
1.9273771	1.4468418
2.134016	1.5141513
2.2494984	1.486576
2.3970249	1.5749809
2.4324427	1.574864
2.4692473	1.6099279
2.4511347	1.6155461
2.4498696	1.5964142
2.4751205	1.6037815
2.4519928	1.5994337
2.455378	1.5928801
2.3770335	1.598663
2.425036	1.5983472
2.50803	1.5889151
2.4427497	1.5967696
2.442758	1.6039758
2.424345	1.6154234
2.3642628	1.6482798
2.4316585	1.6523808
2.487855	1.6456994
2.4644732	1.6663698
2.4897766	1.688511
2.4768603	1.7357025
2.5132062	1.7401645
2.4484255	1.750247
2.5760124	1.7565223
2.6024399	1.7701102
2.577	1.7794987
2.467255	1.7335917
2.2513504	1.6161388
2.2859197	1.461697
2.2294846	1.4802804
2.1578846	1.5245951
2.0876086	1.5161806
1.882039	1.597698
1.9346716	1.5679394
1.9652283	1.5456609
1.9596575	1.5832771
1.9355059	1.5702323
1.9199709	1.5839087
1.9574069	1.5800723
1.958465	1.5673493
1.9451183	1.5454625
1.9011403	1.5114862
1.9115485	1.4735034
1.9011734	1.4376606
1.8824167	1.4378122
1.9868555	1.3011099
2.115306	1.1785526
2.0377476	1.173021
1.9746448	1.1073432
2.119901	0.970855
2.1306832	0.9859827
2.0631382	1.1418984
2.1240768	1.3690097
2.1798441	1.6038237
2.2205777	1.5758868
2.049317	1.6204143
1.9562055	1.5936465
1.9922369	1.5664501
1.9620005	1.5300844
1.8326846	1.5441777
1.663213	1.5647441
1.6664383	1.555007
1.7460933	1.525059
1.8088208	1.5007186
1.7840056	1.4961839
1.6772815	1.51378
1.5961564	1.537829
1.5397978	1.5639733
1.5435237	1.5698409
1.686665	1.5560949
1.7779344	1.5467021
1.8572005	1.5486975
1.9658244	1.5621588
1.9741588	1.5976298
2.0122356	1.643761
2.0185113	1.701392
2.0570252	1.7358304
2.2727652	1.7321265
2.324481	1.7514265
2.292217	1.7791483
2.2248514	1.7965223
2.1019876	1.8067101
2.0658112	1.6956049
1.9877657	1.5712783
1.9767506	1.4746598
1.8712782	1.3779738
1.8232032	1.3744484
2.0069976	1.2676958
1.9515048	1.2438785
1.8737676	1.2893236
1.8103733	1.2733634
1.8364565	1.2783359
1.8239104	1.2387933
1.8482642	1.2496197
1.8880117	1.210931
1.7500521	1.2517655
1.7149583	1.2534773
1.6755614	1.2505294
1.5863849	1.2563491
1.5872545	1.2524838
1.5231974	1.2846767
1.394122	1.3112298
1.5361055	1.2240452
1.7433586	1.1119899
1.5744607	1.1887753
1.516801	1.2634437
1.8232925	1.1010913
1.7942119	1.1681322
2.1394587	1.4699057
2.2158444	1.5077469
2.037303	1.7089235
2.0198348	1.713089
1.8058954	1.665767
1.8355608	1.6477302
1.7442061	1.5965304
1.6774507	1.5971117
1.613349	1.5782647
1.6816928	1.5440518
1.651774	1.5432646
1.5776858	1.5521765
1.5823692	1.5455236
1.6115313	1.5384111
1.5819237	1.5409485
1.5818911	1.5426712
1.5765445	1.5429403
1.5505499	1.5579225
1.5900202	1.5515827
1.7018446	1.5237852
1.7339742	1.531398
1.663586	1.5588876
1.7369708	1.5645115
1.8166403	1.5941228
1.9000925	1.6154194
2.0621428	1.6481546
2.248409	1.6469253
2.2430072	1.7365636
2.0968542	1.8064562
2.1343465	1.8351576
2.1271815	1.7936147
2.132442	1.6455547
2.010037	1.4532412
2.1104736	1.3320858
1.9971737	1.2473426
1.8317889	1.3672724
1.9724112	1.2230425
1.965069	1.1989455
1.8298957	1.2438684
1.777659	1.2514467
1.8231124	1.2331239
1.8132998	1.2436279
1.893295	1.2118244
1.7924014	1.2475303
1.716535	1.277124
1.7943468	1.2852297
1.622796	1.3406559
1.4612218	1.4437622
1.5114652	1.4833719
1.5965955	1.5318661
1.4328585	1.6141281
1.4321086	1.6522607
1.5729169	1.6874663
1.4840498	1.7345778
1.5041002	1.7541937
1.497345	1.7670913
1.4137717	1.7679247
1.4292092	1.7622305
1.4638997	1.7535429
1.365995	1.7330135
1.2559097	1.7111106
1.2766461	1.6738518
1.2516028	1.6403989
1.2146487	1.5920309
1.2510227	1.5439211
1.3812467	1.4782658
1.5531038	1.3998997
1.7695904	1.3352642
1.9140183	1.3389801
1.910139	1.3870281
1.9121692	1.4174726
1.9436479	1.4162835
1.9650246	1.4283519
1.9673371	1.430835
1.9795512	1.4198759
2.0542316	1.3991472
2.1485639	1.3632314
2.2256882	1.3265601
2.193525	1.3933557
2.1600502	1.3918947
2.2923157	1.3506505
2.4392633	1.2718794
2.5194368	1.2015971
2.4844244	1.1002347
2.4414604	1.0893204
2.352828	1.0057559
2.4096384	0.910114
2.4511516	1.0182419
2.6107707	1.1639613
2.7510395	1.2050743
2.8223832	1.3578694
2.7317648	1.4477029
2.6342227	1.4981086
2.592887	1.5871522
2.5596054	1.5878061
2.5188844	1.5599457
2.4008582	1.546201
2.2074513	1.5279921
2.0809183	1.5186436
2.051999	1.5047778
2.0231695	1.4935987
1.9884077	1.4835101
1.950874	1.4809724
1.9051499	1.4818766
1.9277654	1.4755086
1.9697024	1.4664326
1.8977617	1.4809494
1.8735851	1.4835805
1.9508018	1.4763362
1.8887674	1.5044372
1.7749258	1.5473528
1.7828003	1.5820578
1.8628755	1.6034962
1.9082354	1.6346751
1.8774264	1.6794035
1.8554337	1.7529272
1.8246721	1.8293335
1.8269591	1.8853346
1.9596088	1.8711157
1.9013647	1.8058357
1.6593307	1.7239764
1.673681	1.5663674
1.6288328	1.3717413
1.5614862	1.3788282
1.8756909	1.2074088
2.1012793	1.1246623
1.9033082	1.1896818
1.7567099	1.2658583
1.6985755	1.2874287
1.6769251	1.2907988
1.8113384	1.2750994
1.8075316	1.2847005
1.6954422	1.323517
1.5756913	1.4011401
1.5489014	1.4581287
1.5813205	1.4971466
1.5867832	1.5472443
1.6196314	1.5758365
1.5623559	1.6438551
1.5218416	1.6709045
1.5818503	1.7003067
1.6107848	1.723312
1.5428177	1.7555687
1.5776232	1.7653357
1.6352304	1.7818177
1.61876	1.7794685
1.742428	1.7761394
1.6977253	1.7578434
1.7301058	1.7524638
1.8291755	1.749757
1.9038324	1.7537093
1.879739	1.7446591
1.7435608	1.7308041
1.8370737	1.7019999
1.8581599	1.6685841
1.8548617	1.5745177
1.730062	1.4781485
1.3853376	1.548143
1.48563	1.3948509
1.8385781	1.116377
2.1684809	0.8509287
2.1697967	0.72398704
2.0461257	0.7402477
1.8747019	1.0897062
2.1134994	1.4293734
2.278434	1.3918607
2.3655617	1.5542424
2.491214	1.5265841
2.540288	1.537706
2.4798265	1.5524819
2.483943	1.5481608
2.520123	1.5326123
2.5243177	1.5235124
2.4423993	1.5283918
2.3555467	1.5378608
2.407546	1.5295373
2.4231622	1.5357802
2.3867934	1.5354692
2.4036007	1.5566394
2.3810582	1.5797331
2.485918	1.5925274
2.5813189	1.6055658
2.5804617	1.6360241
2.5915263	1.6679587
2.5579238	1.7181718
2.4423587	1.7846026
2.5326552	1.7910364
