1.3726141	1.5552744
1.3259193	1.91599
1.4514211	1.899361
1.4287745	1.9745811
1.303403	1.9998621
1.1217653	2.0198123
1.1211802	2.017379
1.1063582	2.0188987
1.308014	1.9939806
1.422415	1.9849163
1.587631	2.0015016
1.6925607	1.9955323
1.4237593	2.0378819
1.4582661	2.0477352
1.3866941	2.0790563
1.413336	2.0930374
1.3182245	2.1105657
1.019799	2.1488512
0.89008725	2.1429949
0.93538725	2.120344
0.9769905	2.0934982
0.98655856	2.054803
1.0578144	1.9967233
1.0572925	2.0468748
1.0871832	2.059138
1.1112192	2.0346055
1.1231012	2.0234826
1.1738274	2.0347412
1.179034	2.0393145
1.189566	2.0329638
1.2581822	2.0151303
1.4356292	1.9593886
1.7048911	1.7355907
1.4486778	1.8445728
1.1989264	2.0453296
1.5890926	1.9848865
1.91206	1.8907672
2.0712063	1.7465609
2.3728619	1.3926586
2.7270122	1.2339983
2.8203747	1.1863699
2.9106047	0.9501682
2.9980567	0.9909295
3.1092865	1.2298788
3.2250547	1.082724
3.018935	1.1077784
2.9975991	1.273318
2.9413934	1.0390788
3.0601368	1.036537
3.0715356	1.0209299
3.1114485	1.1738673
3.1286137	1.0459467
3.0947459	0.9991844
3.022897	1.000252
3.059793	1.0064722
2.9724524	1.027101
2.8173718	1.0720001
2.8181555	1.0811329
2.815019	1.0237128
2.8002062	1.0271591
2.8472674	1.0547838
2.8916478	1.070324
2.6431334	1.1770505
2.5657039	1.5380459
2.7329752	1.8977385
2.555879	1.9459743
2.498112	1.989835
2.31194	1.9600747
2.1234076	1.9825225
2.3165584	1.9825844
2.2429957	1.9661434
1.9844031	1.950066
1.9542601	1.9238042
2.0999238	1.8752588
2.081728	1.8881165
2.0698946	1.9281394
2.077146	1.9582524
2.1694274	1.9791641
2.2939835	2.0125046
2.355881	2.0143673
2.1065934	2.0178719
2.122898	2.0267105
2.2353408	2.0329568
2.0048983	2.0348568
1.9872385	2.0375757
1.9267392	2.0389302
2.027534	2.0352843
1.9393059	2.038021
1.581592	2.0462492
1.2241958	2.0255113
1.0263723	2.0158582
0.91855675	2.0455449
0.8839209	2.0460036
0.96299493	2.061154
0.9687584	2.0763586
0.9302022	2.0048468
0.926498	2.0058403
0.8970982	2.0049405
0.89487743	1.8481069
0.9324568	1.7879567
1.0423461	1.9237175
1.098831	1.9941974
1.0708256	2.0144403
1.0663619	2.0207698
1.1019137	2.018895
1.1822841	2.0072095
1.21648	2.001835
1.1914	1.9940038
1.1582994	1.9869162
1.1432575	2.0003886
1.1911575	2.0104496
1.3543812	1.9904757
1.4951956	1.9782937
1.6349163	1.9811467
1.7989311	1.9953371
1.919153	2.0276344
2.0604393	2.0590987
2.3141665	2.0662758
2.3281503	2.0423098
2.3004863	2.0579782
2.622408	2.085019
2.8722787	2.0757842
2.99218	2.071388
3.2413936	2.0061698
3.2216518	2.0623512
3.133825	2.0009785
3.0868225	2.1337576
3.0317786	2.1702323
3.024314	2.029166
2.918673	1.9478637
2.8928761	1.8621839
2.8792138	1.9230205
2.8385248	1.9356834
2.7752602	1.9082631
2.7724152	1.9704459
2.7287853	1.9627879
2.7660031	1.9655844
2.7898276	1.9457866
2.7378838	1.8752095
2.6540153	1.9810752
2.4058363	1.9794142
2.2394984	1.9779036
2.2091553	2.017097
1.9248171	2.043313
1.660666	2.0751483
1.5075423	2.0871115
1.437938	2.0696175
1.4901346	2.0420508
1.3378713	2.0047376
1.1289554	1.976715
0.95069766	1.9603776
0.8476217	1.9765271
0.80623937	2.0242033
0.78464174	2.0565245
0.7947717	2.0604115
0.8489643	2.0065641
0.8746917	1.7619346
0.8548042	1.5687903
0.9165859	1.7435738
0.9974303	1.9203348
1.0540743	1.9851937
1.0625807	1.9975578
1.057444	1.9970827
1.0841751	2.0045757
1.1325179	1.9985385
1.0944272	1.9952112
1.0978847	2.0076983
1.1953459	1.9978151
1.2158449	1.9953353
1.3368409	1.9879235
1.579649	1.982596
1.7764544	2.0079372
1.8316678	2.026459
1.9034927	2.0596087
1.9196134	2.0673711
1.9911188	2.0615366
2.15794	2.0692463
2.127764	2.052186
2.1047843	2.0423265
1.9939417	2.0381591
1.8639265	2.039284
1.767608	2.0427866
1.8229477	2.038165
1.9072969	2.0391862
1.7579962	2.0447285
1.7242615	2.0454807
1.7648008	2.0412657
1.7779088	2.0382016
1.6893797	2.04419
2.7170851	1.2485658
2.724414	0.887796
1.1284541	1.9168036
0.9390906	1.9346304
1.6907735	0.94984645
1.9618759	0.9383
1.9338443	0.96470416
2.4363759	0.9007165
2.295365	0.9199783
2.191102	0.9684764
2.110001	0.9954577
2.0888002	1.028883
2.005271	0.9793417
1.8149585	1.0428056
1.9505007	1.0261277
1.9132057	1.0390749
1.816433	1.0490139
1.6695898	0.9753515
1.8032751	0.96002865
1.8491967	0.9462128
1.9287957	0.9622194
1.9860574	0.96829456
2.0021415	0.94626594
2.1710389	0.9385834
2.0359569	0.98293275
1.7865392	1.0239631
1.719473	1.038086
1.3782281	1.0135765
0.9721603	1.3767686
0.9636781	1.0572156
0.89040947	0.96429545
0.9201347	0.9292145
0.9213687	0.9221916
0.98556584	0.9446054
1.0360206	0.9867768
0.9938206	0.9780027
1.0910845	1.0484928
1.3062029	1.2486925
1.3618946	1.2467453
1.4269961	1.2645748
1.4185941	1.1578976
1.292143	1.0632733
1.2554953	1.0492189
1.290178	1.0473677
1.346705	1.1002207
1.3727703	1.2812011
1.3145903	1.5543629
1.1920607	1.652168
1.036274	2.018781
0.85996664	2.0380778
0.7773853	2.0488822
0.781532	2.0605028
0.81367886	2.0743213
0.6971822	2.0537283
0.7064737	2.0459278
0.7981956	2.0294156
1.0220596	2.0057173
1.3336554	1.9769754
1.4167163	1.9805466
1.3595756	1.9899243
1.1747677	2.044487
1.0312902	2.063147
1.1431469	2.056675
1.2505898	2.0414286
1.0919359	2.0689213
1.1085943	2.0661685
1.2756128	2.018988
1.3906173	1.9877843
1.4809775	1.9892174
1.3728238	2.0354292
1.5110643	2.026633
1.8187188	1.9907103
1.8189096	2.0130823
1.9880743	2.0148492
1.9712746	2.0408788
2.0268078	2.0193858
2.0553522	2.0036747
2.053466	2.0064797
2.2499487	1.9155988
1.8902224	2.011367
1.8605871	2.0270917
2.07938	1.9834372
1.9338617	1.97989
1.7272425	2.0360546
1.8552597	2.025855
2.0003755	1.96223
1.8385586	1.9908885
1.7887313	2.0254865
1.4273133	2.0669827
1.3036629	2.0697384
1.3101926	2.078292
1.0656931	2.0959735
0.95772314	2.0913854
0.9668837	2.0875564
0.9114484	2.1225832
0.88594186	2.0833354
0.9242034	1.8187777
0.8764235	1.8855901
0.8134505	1.7030444
0.8318977	1.6156893
0.8295118	1.6833806
0.7901274	1.6299578
0.8072755	1.5548291
1.0138104	1.7673688
1.1386201	1.9411278
1.1599404	1.9562608
1.1081492	1.956473
1.0999355	1.9728243
1.1361797	1.9715055
1.2173381	1.9524465
1.3182348	1.9566385
1.4549106	1.9555992
1.4750783	1.9733565
1.6447293	1.989349
1.8105198	2.0104737
1.9036318	2.0377305
1.9375032	2.045325
1.9103839	2.0520957
1.9379165	2.0527616
1.9490944	2.045924
1.9558767	2.039936
2.0854588	2.0021293
2.2458649	1.9405687
2.1099865	2.013236
2.1175451	2.0037777
2.1058667	2.0095534
2.109206	2.021439
2.1333635	2.0121813
2.0777688	2.021541
2.08048	2.03404
2.0815558	2.041378
2.1676824	2.0347066
2.0859344	2.0301397
2.1733797	2.0339923
2.28956	1.8506855
1.6136199	1.9902736
1.3048097	1.8166744
1.2460405	1.2794135
1.3167744	1.0582043
1.3257688	1.1189736
1.5173454	1.0652248
1.3946403	1.0838152
1.0617489	1.0818533
1.2033569	1.0825899
1.1840472	1.0068746
1.1520147	1.0420502
1.0747112	1.044232
1.0504023	1.0326257
1.0102632	1.0347167
1.0227236	0.99793094
1.1632565	0.965647
1.4211153	0.9757777
1.5285708	0.9935868
1.4569852	1.0304692
1.4723722	1.0664979
1.5059961	1.0707266
1.3925911	1.0337911
1.3062191	1.0384468
1.4293697	1.0661943
1.3685342	1.0355276
1.4025476	0.97296715
1.6863234	0.9282753
1.8564463	0.94654626
2.3740942	0.9685176
2.560578	1.0195286
2.523296	0.9004543
2.5545034	0.9063407
2.5736759	0.9462239
2.6784303	0.98472023
2.761665	0.9847851
2.974118	1.0764704
3.1065736	1.2243052
3.0502293	1.0742943
3.0343153	0.9864826
3.0661151	1.0255758
3.0467358	1.0100847
3.0215688	0.9838294
3.0101912	0.9979243
2.9371672	1.0475243
2.822797	1.0986507
2.7912786	1.1295813
2.8305924	1.1711676
2.8028	1.057062
2.6764677	1.065442
2.6534274	1.1010022
2.6301537	1.0522515
2.3048265	1.2144582
2.1312945	1.3706514
2.264678	1.0724312
1.5914766	1.2610407
1.3998008	1.1157801
1.4696506	0.9521802
1.1826288	0.9310746
1.3805082	0.8636118
1.2546173	1.0123496
1.2355638	1.0814122
1.2737647	1.0949664
1.3831531	1.1872699
1.702535	1.2604167
1.810912	1.3553025
1.9460418	1.2231965
1.9984353	1.0953536
2.0715492	1.121611
1.9379714	1.1729256
2.115468	1.1929111
1.9186045	1.3016971
1.7012458	1.6449784
2.0134547	2.0857837
2.0706627	2.0702255
1.8601071	2.0675416
2.2214313	2.0062814
2.2263696	1.984895
1.7997377	1.9823585
1.9206171	1.9404339
1.9733884	1.9507325
2.1209092	1.9737636
2.1708407	1.9896739
2.1768584	1.9926486
2.1356943	1.9901853
2.0101132	2.0048778
2.3084407	2.0398347
2.877003	2.0212681
2.6312165	2.059984
2.5560827	2.042477
2.304736	2.0339317
1.8865702	1.9820157
1.6830463	2.013181
1.8716823	2.0235875
2.3116055	2.0510323
2.2400727	2.0318499
1.9597739	2.0415611
2.3769786	2.0411282
2.7134686	2.0234928
2.891595	2.0652344
2.7935667	2.0708687
2.9228342	2.0807943
3.0111532	2.1174998
3.0264275	2.1179414
3.0600433	2.1285212
2.936895	2.142184
2.8849106	2.1314626
2.9253273	2.1261506
2.866943	2.1002746
2.7632108	2.1088738
2.8181381	2.0970674
2.8329515	2.0471225
2.6840901	2.0314775
2.625988	2.0353503
2.6272686	2.0025094
2.731512	1.9781959
2.6608596	1.9911827
2.4426737	1.9764776
2.5109916	1.9982773
2.6962576	2.037528
2.4945946	2.0386415
2.246777	2.0147758
2.1727605	2.0227623
2.0864017	2.0266502
2.054613	2.0400243
1.6295446	2.075102
1.7960553	2.0580616
2.1610103	2.0314639
1.8107167	2.0401492
1.6976814	2.0322912
1.7748959	2.0287206
2.0211904	2.026992
1.8026948	2.0358174
2.0597749	2.0351062
2.1333435	2.0412352
1.7711408	2.0428078
1.8353643	2.0435896
2.0618057	2.038786
2.0186377	2.0329297
1.9130702	2.0373528
1.9841974	2.038221
1.9598294	2.03114
1.8955983	1.9766427
2.0343611	1.8890915
2.030808	1.9750682
2.1401665	1.9036391
2.3446927	1.6864098
2.6189668	1.3057811
2.7334068	1.2753254
2.5714977	1.2059524
2.7103248	1.0363153
2.8132663	0.9771701
2.835071	1.0634776
2.9204402	1.0863639
2.932505	1.0558914
2.9543467	1.0017009
2.9845946	1.0267539
3.0376613	1.0233861
3.047873	0.9947427
2.9650352	0.9512426
2.9999163	0.9636933
2.9976482	0.9636547
2.9449162	0.9491514
2.9201028	0.9465008
2.9109201	0.94654775
2.891169	0.94587255
2.8931484	0.948296
2.808832	0.9403077
2.711199	0.9433722
2.7420714	0.9527877
2.7414227	0.9609159
2.6700659	0.9812825
2.6554961	0.98641896
2.5163233	0.9827756
2.3843665	0.9746706
2.0578544	0.94849306
1.8899131	0.8889165
1.8240386	0.9104291
1.6655622	0.9899749
1.6803824	0.964293
1.5905641	1.0303074
1.5125182	1.1052318
1.2924132	1.0787885
0.8637678	1.2371807
0.8329441	1.091844
1.0105875	0.97212857
0.9594485	0.9604594
0.8754744	0.9644293
0.90219146	0.9554669
0.9208413	0.9647895
0.930114	0.98735934
0.9429969	1.0013292
0.9690666	1.004007
1.0720699	1.0280688
1.2200555	1.1609863
1.3438373	1.2837995
1.3629714	1.2563465
1.3353258	1.1777662
1.3271806	1.1413456
1.2525206	1.1183503
1.2660764	1.0936943
1.458307	1.1126616
1.568899	1.1185726
1.7840555	1.1867805
2.114035	1.3465313
2.2490666	1.2327077
2.4091632	1.2049339
2.5991719	1.3293155
2.6330624	1.2621609
2.7052634	1.0884722
2.8555295	1.1234652
2.8049283	1.1634132
2.8912392	1.2121283
3.0252569	1.2943285
3.0195842	1.1537154
2.9955146	1.0575004
3.0005672	1.0108683
3.0290043	1.0003169
3.0579238	1.0409085
3.0833113	1.0034477
3.0138	0.9750258
2.9183495	0.9777681
2.9353228	0.97826284
2.895481	0.98436844
2.7599494	0.9757122
2.7366517	0.96263444
2.7949398	0.97171134
2.726546	0.9781072
2.737588	1.0085969
2.6873472	1.0858353
2.696735	1.1945027
2.8003733	1.5088446
2.865289	1.6995592
2.9268975	2.0457962
2.869657	2.038681
2.9891486	1.9994252
3.129125	2.0387259
3.12797	2.0156248
3.1027205	2.020754
3.0588377	1.9831648
3.0166676	1.9367787
2.95568	1.9405246
2.8759203	1.9528989
2.9025583	1.998466
2.8717752	2.0186107
2.6886501	1.9831398
2.727778	2.0050209
2.7511916	2.041417
2.6635277	2.019295
2.7028928	2.044683
2.7458873	2.0714784
2.523892	2.0030022
2.4692025	1.9938129
2.6707685	2.0500166
2.5748537	2.0118144
2.5384033	1.9799598
2.6034591	2.0029268
2.5005236	1.7258412
2.128365	1.9197555
1.7445886	1.9820821
1.685165	1.628103
1.5460029	1.2714796
1.3769759	0.99230504
1.3948617	0.88577753
1.070409	0.9297835
1.183708	0.8527529
1.5415081	0.93129146
1.5678931	1.0494725
1.3438088	1.0939066
1.2875148	1.099367
1.1849029	1.0774059
1.1695951	1.0566578
1.1542593	1.0449752
1.1211536	1.0240735
1.1264921	1.0228342
1.062646	1.0000126
1.0518152	0.9865358
1.0287806	0.9981671
1.0076146	1.0039274
1.0919448	0.98754126
1.193913	0.9793148
1.3234686	1.0064548
1.340747	1.0313672
1.3140129	1.0204886
1.4329221	1.024437
1.4275835	1.0256842
1.3040887	1.0202549
1.4006591	1.0122607
1.8606769	1.0009222
1.9885292	1.0523359
2.154517	1.2053326
2.249126	1.1746933
2.3045073	1.1440468
2.3644147	1.0337887
2.2036245	0.9237001
2.272363	0.93330157
2.3462076	0.9921962
2.35097	0.9404671
2.178712	0.8598156
2.0785725	0.9763017
2.3154557	1.0164267
2.340346	0.86705655
2.2234678	0.9201655
2.162856	0.9856899
2.0791483	0.9789005
1.9411845	0.9840915
2.000171	0.9950667
1.9799418	0.9832214
1.7881271	1.0108793
1.7189372	1.0691739
1.7031654	1.2469752
1.4040375	1.7985058
1.2499776	1.8429469
1.1365367	1.659418
1.1149569	1.5227895
1.1407318	2.0228438
1.1111875	2.0229506
1.1838254	2.0100548
0.9746488	2.0264943
0.8895405	2.0337083
0.8754397	2.0376458
0.8225833	2.0261188
0.8648723	2.0463672
1.0026505	2.053129
1.1114897	2.0641255
1.1043468	2.0696568
1.0009625	2.0639696
0.9217819	2.0854166
0.860968	2.0848966
0.89833015	2.0533624
1.063492	1.7760677
1.1146536	1.8756537
1.1510526	1.9841049
1.1355214	2.0080192
1.175459	1.9880869
1.285533	1.9379717
1.4271423	1.8157649
1.4836261	1.7195379
1.4088835	1.8727977
1.6441822	1.7708628
1.8071972	1.6298435
2.1001742	1.4134787
2.201822	1.6027828
2.2464356	1.6864804
2.489365	1.2696455
2.7467003	1.0218867
2.8593004	1.014974
2.9051297	0.9909087
3.056306	1.0618619
3.126271	1.0310633
2.8765364	0.97876173
2.8753784	0.9824611
2.909091	1.0034428
2.9865472	1.0012851
3.0606923	0.99465185
3.1016712	1.0092757
3.0983872	0.99918735
3.0339797	0.980437
2.9926405	0.9749329
2.960366	0.9756411
2.91221	0.97136736
2.8219068	0.96826893
2.7899725	0.9709378
2.8500996	0.98361105
2.8127959	0.97159547
2.775506	0.976247
2.6331768	1.0351495
2.4100165	1.1206675
2.3221564	1.2712682
2.3175068	1.6864235
2.0970786	1.4353535
1.9583608	1.6638528
1.9602237	1.9232819
1.7441226	1.9987942
1.5403956	1.995619
1.5228742	2.002473
1.1768551	1.9899603
1.0484807	1.9623185
1.0202447	1.9371485
0.9629635	1.9220878
0.9873772	1.9407868
0.97492343	1.9651756
0.97315496	2.0012827
0.9575883	1.9936937
0.9590978	1.996346
0.92443514	2.0367649
0.89764696	2.0287979
0.92341244	1.9058155
0.86931604	1.7707783
0.9087999	1.7974648
1.0256497	1.9290649
1.044837	1.9500769
1.0498515	1.9123086
1.1048982	1.9231193
1.1182486	1.9454
1.1382918	1.9420441
1.2240003	1.913153
1.2119235	1.8017819
1.2749629	1.7343313
1.4527813	1.7338698
1.6164421	1.6860429
1.9346042	1.6603726
1.9572531	1.7059965
1.9090574	1.6915271
2.1277437	1.2499794
2.3631737	1.1029539
2.5708537	1.0072429
2.5968697	1.0478046
2.6631093	1.1077423
2.8583195	1.0620711
2.9686697	0.9774192
2.9547448	0.98208797
2.8764088	1.0112004
2.8649018	1.0126287
2.8523545	1.0059001
2.8639207	0.97112566
2.9447913	0.96938056
2.9986746	0.98220915
3.0497825	0.97973186
3.0913806	0.9970052
3.0968213	1.0101916
3.0527833	0.9946457
2.9564471	0.9744281
2.921394	0.98483574
2.9278882	0.98301274
2.9276166	0.98443246
2.8327162	0.9785662
2.7882085	0.9709671
2.6949813	0.9663914
2.7285142	0.9948815
2.808216	0.97902143
2.6989024	0.9802762
2.5821311	0.9794569
2.4702067	0.9578834
2.3104672	0.9657435
2.0931907	1.0189221
1.8429465	1.0814685
1.47574	1.3740265
1.3998806	1.4600185
1.4676965	1.0605346
1.2155844	1.3751233
1.03222	1.301501
0.79378617	1.2962333
0.73271835	1.5440278
0.821192	1.0387183
0.9134806	0.98888576
0.9064817	0.9788905
0.9398163	0.973146
0.97269386	0.992798
0.97308856	0.9955909
0.9934785	0.99982065
1.1324917	1.0617404
1.199254	1.091593
1.3288302	1.1865348
1.3619523	1.2193712
1.2832394	1.1084777
1.3613985	1.1145208
1.3198555	1.1053864
1.3186435	1.1408697
1.3515097	1.2566313
1.3945806	1.3281218
1.4294505	1.7201105
1.4515373	1.656065
1.4649911	1.703624
1.5504547	1.8618143
1.7264361	1.8816473
1.7657492	1.9225961
1.9188944	1.8968217
1.9740719	1.9118168
2.1299498	1.9307665
2.1245046	1.9273597
2.1085844	1.9439873
2.3753393	1.8995998
2.2842293	1.9259627
2.1379905	1.9707307
2.1468232	1.977606
2.1948133	1.9764851
2.3402176	1.9537911
2.2501323	1.9858831
2.0934606	2.0061092
2.1654177	1.9869599
1.988878	1.9537402
1.7975947	1.8920741
1.9539914	1.8976457
2.117593	1.8030112
2.2561727	1.764796
2.5562906	1.8122661
2.55926	1.9182712
2.8132823	1.9423732
3.0395162	1.8731301
2.9441056	2.0084648
2.9497933	2.0584583
3.0529766	1.994917
2.8887544	2.1236045
3.0524247	2.1083229
2.9817445	2.19279
2.8218758	2.1401267
2.897937	1.9694271
2.8571453	1.9619882
2.9133608	1.921153
2.9250143	1.8752689
2.9025338	1.9042069
2.8892336	1.9522008
2.9098692	1.9005921
2.8292668	1.9908551
2.7616415	1.9747542
2.8119395	1.8915814
2.8980262	1.9319055
2.9598768	1.8935143
2.7662961	1.863559
2.7234428	1.8691424
2.8209372	1.8648585
2.7769458	1.6718204
2.233539	1.9359503
2.0344093	2.0086184
1.968233	2.0241852
1.5376405	1.9641978
1.4498262	1.9473546
1.3632779	2.0224516
1.2115933	1.992522
1.3183442	1.9829956
1.3129702	1.9833143
1.0637107	1.9076985
0.9257426	1.9052793
0.8650499	1.9929633
0.94009256	2.0821187
0.95328814	2.0598414
0.9411848	1.996611
0.9892992	2.0762806
0.9444946	2.0935504
0.90430415	2.0692217
0.9564333	2.014901
1.0861006	2.0030098
1.1105319	2.0012214
1.094407	2.0260885
1.0831753	2.0435324
1.1556242	2.02279
1.1638621	2.0011656
1.141522	2.0277696
1.1692276	2.027048
1.1504306	2.0316682
1.1693059	2.035059
1.2009411	2.0309963
1.264156	2.0194364
1.2867738	2.021738
1.342031	2.0150933
1.4719008	1.9577655
1.5059303	1.9105909
1.5220908	1.9038316
1.4367186	1.5239199
1.1322409	1.2262524
1.1402011	1.018821
1.1793737	0.93694055
0.9783625	0.9678019
1.0850998	0.95050144
1.0903195	0.9422037
1.2318996	0.91206783
1.314855	0.8871185
1.143963	0.9527223
1.2747033	0.96004736
1.3861612	0.97124356
1.3958281	0.9023813
1.5145028	0.9716581
1.2909753	0.95139235
1.3245426	0.98768836
1.2490448	0.997399
1.162815	0.9769596
1.2458504	0.9851682
1.2149377	0.9874284
1.2107697	0.9820775
1.1560751	0.99588853
1.2641504	1.0171131
1.484342	1.0201808
1.340625	1.0332451
1.4282274	1.1044072
1.4328818	1.1558894
1.423125	1.5044028
1.5985329	1.5979171
1.6782017	1.3504095
1.6572627	1.5991725
1.7272053	1.8304805
1.6792423	1.9306461
1.7905608	1.9118551
1.771361	1.9148815
2.1523526	1.8758347
2.3111885	1.9132707
2.2902956	1.9589891
2.229472	2.003933
2.1351507	2.0020936
2.247583	1.9896238
2.2411005	1.9921049
2.2890692	2.0058815
2.301956	1.997304
2.0744245	2.012917
2.165467	2.0137243
2.2338977	1.9124213
2.2303193	2.007184
2.1464355	1.9862773
2.1483247	1.9872916
2.1789296	1.9864819
2.208043	1.9281937
2.1295877	1.8556689
1.9625132	1.6678259
1.9063059	1.4878554
1.8228027	1.392046
1.7644808	1.5696843
1.9376706	1.0513067
2.0438616	0.92118275
2.0582745	1.0018009
1.9297115	1.0094655
2.0855508	0.98268765
2.125558	0.988257
1.8257514	1.0977796
1.8985381	1.069611
2.0143151	1.0161495
2.0999897	1.0588334
2.1370852	0.97275305
2.0502057	1.0149397
2.1474252	1.0225431
2.2893488	0.967986
2.1081564	0.9861555
1.889105	0.98457223
1.9186581	0.97599113
2.0600348	0.9670963
2.2098758	0.9527956
2.2520328	0.94041467
2.0202885	0.9651247
1.8601432	0.9861576
1.8863024	1.4082344
1.8199873	1.2028592
2.10534	1.0422887
2.6146364	1.3970919
2.895494	1.858887
2.9538243	2.0911202
2.8789368	2.1069717
2.8483684	2.080949
2.860028	2.0298665
2.8575685	2.0287294
2.9947577	2.0594356
3.039546	2.0453827
3.0351443	2.0676532
2.9939675	2.0741858
2.977791	2.0498977
2.9480784	2.0690916
2.9275064	2.06936
2.9383583	2.0681021
2.8802354	2.026454
2.8568535	2.02945
2.9804327	1.9761224
2.9367735	1.9535323
2.897156	1.9285231
2.8272083	1.9603353
2.8630106	1.9518155
2.8101387	1.94032
2.8602219	1.9667535
2.8611946	1.9417902
2.7282543	1.9311666
2.6587765	1.9310436
2.538069	1.868812
2.2303922	1.6827193
2.180802	1.6314927
2.0397284	1.7360744
1.6172193	1.535452
1.7847145	1.0900341
2.1388001	0.9541107
1.7800767	0.9876408
1.6313729	1.0500494
1.9458686	0.9006047
1.8573354	0.9046377
2.0552933	0.9849311
2.2047644	1.0122573
1.923741	1.1096729
1.9234833	1.1119096
1.8579333	1.0604738
1.8758624	1.0788981
1.8286462	1.0510086
1.7769421	1.0340798
1.7863486	0.96706825
1.9017903	0.9587335
1.8628037	0.9624605
1.8190217	0.950006
1.8644878	0.9494498
1.904895	0.9412025
1.8335088	0.9437487
1.8601496	0.9519433
1.9093457	0.9731489
1.8526955	1.0226266
1.9710013	1.040083
2.092985	0.9334224
2.3420002	1.0288869
2.549695	1.9766052
2.6406858	1.9260578
2.7485964	2.0946078
2.8166902	2.1055274
2.943174	2.0377636
3.0115683	2.0503182
3.0186343	2.0177684
2.9981027	1.9906191
2.9416327	2.020128
2.938716	2.0344007
2.9171183	2.06869
2.876314	2.0794969
2.9412732	2.1016622
2.88554	2.1045613
2.855896	2.0537238
2.8980002	2.0870328
2.89818	2.0439522
2.802002	2.0451305
2.7401326	2.0216968
2.7475436	2.0029259
2.717987	2.0048754
2.7907317	1.9738872
2.635209	1.9483783
2.5991917	1.9947817
2.6602411	2.029734
2.3601682	1.9897914
2.099602	2.023752
2.1650255	2.0271256
2.1184566	2.04174
1.7386639	2.0744152
1.6518215	2.082033
1.8485838	2.0597985
1.7222755	2.053517
1.7378662	2.0387769
1.6023113	2.0311918
1.3489438	2.014329
1.2119758	2.0090635
1.1483676	2.0197015
0.9352424	2.011965
0.8144867	2.0067687
0.82086766	2.073704
0.8254785	2.1158848
0.84852034	2.0845952
0.86308914	2.0279143
0.87557006	1.9474144
0.8745735	1.7555591
0.9015046	1.6513712
1.0027498	1.8099581
1.0260421	1.956902
1.0493317	1.9894726
1.1194949	1.9793615
1.121881	1.9877708
1.1171572	1.9902788
1.117335	1.985369
1.2253997	1.9624488
1.4072636	1.901691
1.5485522	1.8282355
1.3904841	1.9590001
1.3101898	1.9828392
1.5252495	1.9110413
1.9013975	1.6623238
2.064304	1.3369753
2.0669954	1.072521
2.0314329	1.0893762
2.1267204	0.95108277
2.2284815	0.80581546
2.556348	0.8791535
2.7742097	0.9121146
2.8347933	0.90315187
3.0306988	0.98782957
2.988536	1.0931348
2.8763509	0.9647468
2.9150105	0.95098984
2.9744928	0.98726666
3.0561163	0.988462
3.0929575	0.9987082
3.0580058	0.9795947
2.967514	0.957833
2.9471102	0.9589266
2.914953	0.9568316
2.863863	0.9527841
2.797126	0.94590884
2.6904871	0.94597304
2.7503824	0.9608027
2.8514502	0.96070963
2.6689157	0.95019764
2.5960236	1.0157353
2.792035	1.0497363
2.6768355	1.5180684
2.5941787	1.9915277
2.5798542	1.9440547
2.6795797	1.7435762
2.9356735	2.014709
2.9952638	2.0495698
3.075665	2.0205255
3.0813513	1.9825914
3.0361419	1.9580092
3.0465577	2.0031106
2.9703703	2.006733
2.8859205	1.9466954
2.831931	1.9846276
2.7217803	2.0016007
2.6727	1.9853034
2.7977636	1.9765427
2.9018385	1.5950036
2.8161798	1.910979
2.7522047	2.0255036
2.6609795	2.0218477
2.582157	2.0058603
2.6837192	2.0298996
2.647551	2.0192127
2.4474337	1.9870158
2.2823489	2.016321
2.2315958	2.024982
2.1158478	2.0372052
2.0294552	2.046883
2.0105114	2.0510068
1.8894112	2.0608773
1.7970781	2.0646
1.8235759	2.0553825
1.9132314	2.0395603
1.7774959	2.0305202
1.7989292	2.023521
1.8032105	2.0182352
1.6865715	2.0243976
1.8617011	2.033731
1.6525984	2.042483
1.697523	2.0440354
1.8548708	2.0439517
2.031357	2.044502
1.9447726	2.0435443
1.6187696	2.045817
1.7916858	2.0092328
1.7535514	1.9414755
1.5962514	1.328267
1.3025572	0.98993766
0.89288217	1.6117791
0.93725526	1.2364389
1.0748324	1.0891939
1.2240279	1.0665036
1.3784858	1.014373
1.3761437	0.99017406
1.0648903	1.0419763
1.0683559	1.0360625
1.1925973	1.0022249
1.1064827	0.9899988
1.1836177	0.99091536
1.246636	0.9582672
1.2712821	0.9618613
1.3597922	0.967849
1.4807299	0.9572553
1.5107874	0.95087594
1.4925884	0.9918103
1.4200742	1.0298007
1.4652553	1.003634
1.4438322	0.99950606
1.4334693	1.0144448
1.5726464	1.129943
1.69148	1.5211111
1.8654635	1.591137
2.0425708	1.6242554
2.0232747	1.819502
2.0177863	1.8785243
1.8613007	1.9190372
1.5869496	1.9724635
1.9775524	1.9392233
1.994262	1.9443866
2.203277	1.9626662
2.4032085	1.9928205
2.2948554	2.0125985
2.198073	1.9976319
2.2153802	2.0008128
2.3748133	2.007688
2.2066724	2.0128946
2.0493033	2.0195596
2.014904	1.9697391
1.9425868	2.009931
2.3065598	1.9909847
2.2905054	1.951843
1.8401271	1.9497292
1.9266491	1.8263947
2.056366	1.6748426
2.0009978	1.2695377
2.068862	1.2012997
1.7759004	1.387903
1.6301785	1.1530399
