1.9622489	1.4177948
1.9677032	1.4445782
2.018296	1.4451553
2.038955	1.4829445
2.0998852	1.4910079
2.14002	1.555308
2.183112	1.5508358
2.2136934	1.595182
2.2375042	1.608074
2.2542763	1.6281278
2.2645926	1.6342297
2.2711563	1.6464115
2.2771297	1.6503985
2.2812624	1.648803
2.2810512	1.6517643
2.2820287	1.6557399
2.2843144	1.6554898
2.2838235	1.6573243
2.282252	1.6583698
2.280231	1.6590824
2.283004	1.6532838
2.2802393	1.6497042
2.2796981	1.630051
2.273795	1.6100868
2.264844	1.5953343
2.2495482	1.5653949
2.2343378	1.5375283
2.2157507	1.5000124
2.1992812	1.4748346
2.1772158	1.4377601
2.1644764	1.4313322
2.147516	1.4083831
2.126674	1.3962845
2.1170201	1.38794
2.1082263	1.3779317
2.1012197	1.3733597
2.0995173	1.3699063
2.0985034	1.3710421
2.1009314	1.3688366
2.1072476	1.3671182
2.1150572	1.3644192
2.1239161	1.3661422
2.129955	1.3654419
2.1373823	1.3673114
2.141227	1.3679894
2.1438677	1.3679749
2.1439013	1.3674928
2.1469932	1.3683975
2.147305	1.368368
2.1464417	1.3679056
2.1454213	1.3671693
2.1460726	1.3678789
2.1454391	1.3685287
2.1447916	1.3707371
2.1444058	1.3749851
2.1462517	1.3753424
2.1422868	1.373188
2.136749	1.3746436
2.1326444	1.3767306
2.1282349	1.3811692
2.1227298	1.3878645
2.1094577	1.3959526
2.0977569	1.4030254
2.0804238	1.4245187
2.056315	1.4286366
2.0006986	1.4424984
1.9489303	1.4585596
1.9024813	1.4782546
1.8668113	1.4850992
1.8337018	1.5117439
1.8099169	1.530706
1.8014041	1.5393087
1.7932918	1.5343974
1.7862288	1.549643
1.7842956	1.5510229
1.7817376	1.5584294
1.7790314	1.5604949
1.779075	1.5630633
1.7794665	1.5634261
1.7793729	1.5651114
1.7797601	1.5675983
1.7798237	1.5685503
1.779462	1.5689434
1.7786554	1.5684879
1.7819024	1.5659891
1.7832257	1.5601919
1.7872212	1.5504905
1.7918762	1.5449228
1.7986346	1.5328335
1.805537	1.5286593
1.817688	1.5135007
1.8254048	1.5035038
1.843574	1.4840478
1.8633841	1.4665576
1.8907293	1.4430479
1.9137641	1.4214689
1.936878	1.4052292
1.9494537	1.3957012
1.9626355	1.3873895
1.9667993	1.3822938
1.9712472	1.3837353
1.9728402	1.3799586
1.9822718	1.3760656
1.9834976	1.3747364
1.9868404	1.3728963
1.9936578	1.3705548
1.9959904	1.3696929
2.0020165	1.3687377
2.0022259	1.3683896
2.009073	1.3672572
2.0179021	1.3644766
2.03264	1.3606905
2.0458026	1.3582176
2.0605352	1.3578649
2.0771182	1.3592752
2.087437	1.3609115
2.1032586	1.3622471
2.1177232	1.3641001
2.1295793	1.3648959
2.1403825	1.3655943
2.1506968	1.3680291
2.1566389	1.369279
2.158499	1.3701631
2.1583333	1.3693523
2.1581888	1.3687611
2.156953	1.3673648
2.1556036	1.3667101
2.1544876	1.3666347
2.1535423	1.3667002
2.1545336	1.36743
2.1551175	1.367866
2.1550884	1.3678507
2.1526873	1.3673072
2.149237	1.3676597
2.144118	1.3674432
2.1358266	1.3667873
2.1237595	1.3650477
2.1083965	1.3627033
2.0901208	1.3606083
2.0679035	1.36106
2.054122	1.3609298
2.033318	1.3599777
2.010614	1.3618286
1.990886	1.3642412
1.9742292	1.3672001
1.9450938	1.374388
1.9296068	1.3768255
1.9037113	1.385207
1.8952187	1.3845632
1.8779906	1.3894414
1.871654	1.3912256
1.8655971	1.3938922
1.8615662	1.3957185
1.8590045	1.3964012
1.8579794	1.3968167
1.8576026	1.3973238
1.8579369	1.3961251
1.8585553	1.3964264
1.8578168	1.3957219
1.8576058	1.396472
1.857523	1.3968298
1.8611265	1.3945227
1.866408	1.3931886
1.8720056	1.3914902
1.8799278	1.387875
1.8931057	1.3840286
1.9080335	1.3800657
1.929189	1.375312
1.9487208	1.3722202
1.9710295	1.3677922
1.9944336	1.3653625
2.0182848	1.3610212
2.0392985	1.3587022
2.0590565	1.3576775
2.0770175	1.3571056
2.0987692	1.35699
2.116032	1.3571558
2.1308901	1.3595052
2.1435568	1.3627526
2.1544356	1.3659215
2.1596026	1.3669069
2.162149	1.3676596
2.161854	1.3669522
2.1618114	1.366614
2.161653	1.3660805
2.1597018	1.3649726
2.158845	1.3648174
2.159513	1.3646626
2.1573763	1.3638326
2.1553125	1.363756
2.1540282	1.3637707
2.1492436	1.3639072
2.139607	1.3622904
2.1255517	1.3600996
2.1152303	1.3587763
2.0973496	1.355489
2.0860512	1.353941
2.0714123	1.3536348
2.0552182	1.3527094
2.0468912	1.3533074
2.0376234	1.3533478
2.0352352	1.3537155
2.0326393	1.354299
2.0330133	1.3546677
2.0306349	1.3558104
2.028511	1.3554509
2.030158	1.3559908
2.0296986	1.356029
2.0301654	1.3570737
2.0290375	1.3580437
2.0307279	1.3567305
2.0178304	1.3706524
2.022917	1.3754975
2.0456276	1.3733445
2.0622427	1.3758212
2.0637898	1.3983755
2.071564	1.4074467
2.0705566	1.4312404
2.0553765	1.4516212
2.0468054	1.484937
2.0147514	1.524237
1.9919376	1.5601006
1.9533798	1.5940752
1.9458838	1.5979366
1.9260774	1.629368
1.9139224	1.6303467
1.8987039	1.6576709
1.9001428	1.6585113
1.8986825	1.664247
1.8914726	1.6640207
1.8886031	1.665918
1.8829167	1.662919
1.8793079	1.6630293
1.8739978	1.6627882
1.8675874	1.6609497
1.8700724	1.6607641
1.8755739	1.6617515
1.8816644	1.6622286
1.9048758	1.6689347
1.9458721	1.669929
1.9914659	1.6840309
2.1083038	1.6873976
2.1640995	1.6949304
2.230601	1.6784841
2.2497528	1.6898525
2.270631	1.6876372
2.2857893	1.68682
2.2900033	1.6762245
2.2913218	1.6693599
2.2906997	1.662988
2.289195	1.6587434
2.288254	1.6594868
2.2903628	1.6621563
2.290791	1.663138
2.2907543	1.6648878
2.2893565	1.659601
2.2888935	1.6497169
2.2873414	1.6312096
2.287578	1.6137475
2.2754009	1.5724244
2.2645586	1.537584
2.2556276	1.5124166
2.2510462	1.4955463
2.241484	1.4801505
2.2208958	1.4450341
2.2112257	1.4330045
2.1956587	1.4126779
2.1750615	1.3951026
2.164121	1.3896961
2.1482313	1.3777673
2.145918	1.377748
2.1439342	1.3736658
2.143589	1.3718755
2.140509	1.3697582
2.1402018	1.370229
2.1406825	1.3675805
2.140824	1.3685979
2.141041	1.3690349
2.1395822	1.3705949
2.1366346	1.3704145
2.1331139	1.369126
2.1258662	1.3681242
2.11796	1.3687557
2.108863	1.36674
2.096066	1.3670455
2.0840356	1.3634579
2.0751228	1.3662658
2.0662959	1.3648239
2.057513	1.3665253
2.0490859	1.3683203
2.047853	1.3673131
2.0410445	1.3675113
2.036587	1.3686018
2.035475	1.3692347
2.0354786	1.3682276
2.0318167	1.3688186
2.0302706	1.370329
2.0316586	1.3700296
2.0310476	1.3697888
2.0395434	1.3663639
2.043503	1.3653585
2.049873	1.3631989
2.062263	1.3634261
2.0746799	1.3628087
2.0886931	1.3645557
2.1015594	1.3629673
2.1186202	1.3645892
2.1317809	1.3679355
2.144847	1.3673292
2.1572266	1.3709291
2.1649315	1.3712399
2.1726284	1.3730376
2.1785893	1.3727952
2.18324	1.3750205
2.1816592	1.3743802
2.1782234	1.3733835
2.1747046	1.3717111
2.1742015	1.3715698
2.1703377	1.3694321
2.1691148	1.3694855
2.1665084	1.3692285
2.1621246	1.3686993
2.1555228	1.3679928
2.1479154	1.3658192
2.1348505	1.3633745
2.1233108	1.3616142
2.1083508	1.3595277
2.0982933	1.358913
2.0863	1.3576174
2.0757327	1.3570313
2.0666137	1.3570688
2.0577533	1.3569173
2.0505085	1.3596216
2.0417771	1.3614348
2.035998	1.3611411
2.029935	1.3631918
2.0261567	1.3629713
2.0212955	1.3640631
2.0186946	1.3644935
2.016329	1.3648454
2.013904	1.3643537
2.0118904	1.363548
2.0088859	1.3645991
2.0102544	1.3645304
2.0074356	1.364992
2.0095372	1.3698164
2.0214856	1.3672675
2.0329983	1.3738306
2.0464678	1.3770764
2.060829	1.3881253
2.074868	1.3914253
2.0877728	1.4080375
2.1062706	1.4134558
2.1368916	1.4391273
2.1579	1.4709374
2.1755888	1.4824998
2.2111418	1.5460362
2.2373068	1.5665628
2.2680187	1.6281952
2.2800612	1.6320833
2.287049	1.6541544
2.284868	1.6679059
2.2799659	1.6715449
2.2745697	1.679114
2.2743533	1.6770976
2.2709951	1.6795453
2.269616	1.6775545
2.2697213	1.6820558
2.273495	1.6786216
2.268627	1.6822239
2.272399	1.6831253
2.260504	1.694878
2.244039	1.7014018
2.221766	1.7070671
2.1677692	1.7046685
2.1062021	1.7015426
2.0209124	1.6910555
1.9626753	1.6783234
1.9182062	1.6664777
1.8841664	1.6551487
1.8611597	1.6479121
1.8360727	1.6364627
1.8183413	1.6258459
1.8070076	1.6212497
1.7953423	1.616023
1.7865515	1.6105454
1.782299	1.6073923
1.7780812	1.605469
1.7754647	1.602426
1.7737525	1.5985788
1.7737744	1.59521
1.7728715	1.5921896
1.7723529	1.5884573
1.772452	1.5898552
1.7738842	1.5875138
1.7741911	1.5873153
1.7762182	1.5869193
1.780045	1.5845467
1.7843637	1.5826936
1.7870619	1.5859334
1.8023014	1.5846381
1.8112624	1.5925016
1.8288924	1.5957713
1.8553501	1.607971
1.8743045	1.6169778
1.90432	1.6241896
1.9196357	1.6287771
1.9423978	1.6331444
1.9439341	1.6314232
1.9424857	1.6294878
1.9395221	1.6251409
1.9303713	1.6249005
1.9232858	1.624856
1.9148042	1.6228905
1.9171889	1.6229516
1.9071094	1.6193205
1.9172313	1.6166201
1.921632	1.6089232
1.9322877	1.5874296
1.9367424	1.5689353
1.9581103	1.5380683
1.950882	1.512801
1.9647483	1.4860888
1.9824901	1.4553185
1.9859172	1.4305402
1.9910527	1.4142029
1.9856783	1.4015487
1.986656	1.38906
1.9860334	1.3805838
1.9886322	1.372263
1.9919397	1.3709637
1.985777	1.3679427
1.9730896	1.3741193
1.9771662	1.3677193
1.9719392	1.3718393
1.9830508	1.3651862
1.990907	1.3619258
2.0007255	1.3591839
2.0011344	1.3580843
1.9978123	1.3593012
1.9999415	1.3601953
2.0024898	1.3594588
1.9937932	1.361944
1.9878956	1.3636978
1.9734015	1.366002
1.9711838	1.3662789
1.9549522	1.3695594
1.9457586	1.3702337
1.9317234	1.3743283
1.9192045	1.3766786
1.9128737	1.3783257
1.9031688	1.3807563
1.8947803	1.3831775
1.8888117	1.3849349
1.886381	1.3849204
1.879563	1.3871082
1.8765163	1.3881657
1.8759832	1.3885099
1.8752557	1.3884637
1.8742955	1.389671
1.8707986	1.3907962
1.8721963	1.3909562
1.8741733	1.3906459
1.8748618	1.3904499
1.8725039	1.3905805
1.879016	1.3882419
1.88182	1.3879343
1.8892711	1.3859041
1.8948654	1.3851504
1.9033144	1.3827381
1.9251027	1.3771201
1.9273859	1.3774204
1.9399854	1.3751893
1.9541796	1.3722144
1.9696822	1.3696176
1.9790795	1.3682013
1.9834585	1.3681096
1.9948682	1.3660948
1.9929868	1.3652444
1.9981306	1.3639548
2.0048196	1.3633227
2.006838	1.3626155
2.0064564	1.363386
2.0087771	1.363352
2.0108364	1.3635446
2.0110116	1.3635116
2.012979	1.3644288
2.0151572	1.3662584
2.0140996	1.3689058
2.0146585	1.3690246
2.0116236	1.3730918
2.0082088	1.3761271
2.0001163	1.3844472
1.9926236	1.388719
1.9876271	1.3977518
1.9714732	1.4073384
1.9471166	1.425396
1.9298859	1.4327359
1.8853089	1.4592968
1.8669938	1.4697059
1.8414187	1.496936
1.8292385	1.501252
1.8106022	1.523259
1.8051718	1.5340799
1.8004103	1.5455451
1.7936863	1.5591923
1.790324	1.5682158
1.7879326	1.5749607
1.7858624	1.5818369
1.7841333	1.5860687
1.7826264	1.5914643
1.7810483	1.5942109
1.7815247	1.5955408
1.7818128	1.5964588
1.7815995	1.5964147
1.781745	1.5963912
1.7825993	1.5953885
1.782934	1.5952916
1.7858992	1.595513
1.7882509	1.5968591
1.7961673	1.5992593
1.8023258	1.6033322
1.8122951	1.6057428
1.8228114	1.6089303
1.8350444	1.613962
1.8505092	1.6178459
1.867305	1.6229931
1.8955579	1.630819
1.949554	1.638045
2.0170019	1.6484159
2.1044953	1.656768
2.1700377	1.6506265
2.217594	1.6396046
2.244818	1.6366172
2.2706642	1.6398919
2.2825775	1.6419265
2.2964761	1.649701
2.3015532	1.6540096
2.3046224	1.6549485
2.303002	1.6482791
2.301338	1.645439
2.2989142	1.6423435
2.298542	1.643916
2.2967956	1.6439666
2.2989	1.6459959
2.2967334	1.648349
2.291892	1.650341
2.2857282	1.6519686
2.2744596	1.6506753
2.2568848	1.6483064
2.2368655	1.651417
2.2053337	1.6512476
2.1598647	1.6521636
2.0980906	1.6501921
2.0148642	1.6443954
1.9384884	1.6280991
1.9080718	1.6197366
1.8725878	1.6086395
1.8477057	1.5991265
1.8265703	1.5956777
1.8105736	1.5909461
1.8005232	1.5904169
1.7922775	1.5885656
1.7859116	1.5864209
1.7804722	1.5895591
1.7794919	1.5903624
1.7775091	1.591201
1.7762704	1.5927272
1.7753885	1.5929773
1.7765789	1.5944797
1.7761581	1.5964371
1.7761165	1.595979
1.7767628	1.5965075
1.7764167	1.5939742
1.7773509	1.5909519
1.7768922	1.5859138
1.7770494	1.5767237
1.7769716	1.5696772
1.7802052	1.5522571
1.7819614	1.5438209
1.7842019	1.5297081
1.7936345	1.4978538
1.7989738	1.4836502
1.8027343	1.473771
1.8134624	1.4549263
1.8224591	1.4409555
1.8315972	1.428119
1.8381232	1.420535
1.842871	1.4116966
1.8463092	1.4083728
1.8547142	1.4003727
1.8556333	1.398663
1.8597931	1.3933922
1.8640352	1.3896986
1.8643104	1.3878382
1.8662145	1.3850584
1.868596	1.3861175
1.8702979	1.3842896
1.8693036	1.3846788
1.8713382	1.3843701
1.8701756	1.3856966
1.8713225	1.3852212
1.868773	1.3907684
1.8779814	1.3871415
1.8844433	1.3900003
1.8873076	1.3941602
1.894323	1.4018676
1.903332	1.411944
1.9126239	1.4281031
1.9387172	1.4299794
1.9513785	1.4558088
1.9655342	1.4802948
1.9852551	1.5152478
2.0388706	1.5385618
2.0702856	1.5725648
2.1193304	1.5829095
2.1527388	1.6152425
2.1875086	1.6292896
2.2157114	1.651446
2.236033	1.6688555
2.2577636	1.6737245
2.2692914	1.67976
2.2873375	1.6920807
2.2982469	1.6989467
2.2993414	1.7056514
2.302008	1.7076333
2.300224	1.7060072
2.3034806	1.7042879
2.3022723	1.7041546
2.3005452	1.7032652
2.299367	1.7030889
2.301648	1.7027175
2.2956276	1.7039094
2.2807095	1.7038544
2.2716892	1.6998042
2.2504084	1.6942829
2.2327175	1.6937864
2.2004607	1.6918378
2.1631963	1.6945314
2.1128535	1.6969929
2.057426	1.6904149
2.0097337	1.6819366
1.9630643	1.6750379
1.9290565	1.6729717
1.9211253	1.6656913
1.8958966	1.661142
1.8803629	1.6606767
1.8750856	1.6581125
1.8708694	1.6568965
1.8692148	1.6565322
1.8703429	1.6578436
1.8685778	1.6563642
1.8694725	1.6582422
1.8756202	1.6578482
1.8803945	1.6578856
1.8881055	1.654436
1.9092543	1.6521562
1.9282446	1.6501168
1.9665903	1.6493702
1.9951618	1.6471593
2.0700288	1.6182617
2.1018162	1.5963622
2.127598	1.5555189
2.1401815	1.5127764
2.1422722	1.472365
2.1392453	1.4382774
2.1434822	1.4236534
2.1394134	1.4067715
2.1366346	1.3995014
2.134952	1.393501
2.1329052	1.3876233
2.1298192	1.3771831
2.1354291	1.3771715
2.1423628	1.3725008
2.1483226	1.3745296
2.154617	1.3767629
2.1560996	1.3772349
2.1566932	1.3768532
2.1567037	1.376264
2.1576397	1.3768585
2.1573546	1.3780981
2.1582494	1.3809329
2.1587598	1.38358
2.1579375	1.3836881
2.1561112	1.3881708
2.1543345	1.3903058
2.149462	1.3973236
2.1433284	1.3971242
2.1357086	1.40255
2.129171	1.4094635
2.1156666	1.4234917
2.0981474	1.4312927
2.0713108	1.4503812
2.0212555	1.4591314
1.9475188	1.4917278
1.8879174	1.5153345
1.8517756	1.5293238
1.830975	1.5383688
1.810924	1.5489565
1.7971722	1.5686818
1.7873889	1.5734012
1.7829049	1.5826757
1.7800086	1.5854943
1.7776431	1.5910878
1.7760571	1.594406
1.7751256	1.5956389
1.7752339	1.5971195
1.7749599	1.5978562
1.7739115	1.5977802
1.7742844	1.5994947
1.7739677	1.5991215
1.775892	1.5965858
1.7780764	1.5944479
1.7811234	1.5902292
1.7849808	1.5825267
1.7899671	1.5829223
1.7975514	1.5730736
1.805212	1.5670828
1.8203027	1.5511038
1.8350018	1.5440739
1.8542227	1.5290653
1.8866259	1.5212406
1.9322035	1.4991627
1.9944246	1.4794935
2.04994	1.4561458
2.085054	1.4462688
2.109713	1.430324
2.1233122	1.4236844
2.1371841	1.414137
2.1447601	1.4104751
2.1507	1.402326
2.1574914	1.3999908
2.1654387	1.39813
2.1727095	1.3977138
2.1760468	1.3965076
2.1759124	1.3951799
2.1770656	1.3937703
2.1777952	1.3934251
2.1770506	1.3922291
2.1766937	1.391461
2.1761217	1.39072
2.1750443	1.3911319
2.1772163	1.3926115
2.1762273	1.3943002
2.1748962	1.3962158
2.1720853	1.3987334
2.1657398	1.4011104
2.1624262	1.4030765
2.1581624	1.4056919
2.1568108	1.4153577
2.1492486	1.4216107
2.1412055	1.435813
2.129693	1.4400399
2.112239	1.4529282
2.0820482	1.462192
2.0312407	1.4896317
1.9749995	1.5076084
1.913186	1.5313342
1.8724551	1.5394359
1.854904	1.5473619
1.8355695	1.5518924
1.8163475	1.5610636
1.8050318	1.5653937
1.7948605	1.57575
1.7857956	1.5844707
1.7789826	1.594746
1.7770159	1.5962452
1.7750878	1.5980494
1.7741278	1.5971769
1.7723117	1.6004509
1.771433	1.6020123
1.7713488	1.6033763
1.7711557	1.6067406
1.7724153	1.605799
1.7715	1.6052952
1.7715883	1.6059289
1.7723904	1.6055467
1.7740357	1.6059773
1.7764884	1.607084
1.7800899	1.6066701
1.7850099	1.6062038
1.7924198	1.6056254
1.8057103	1.6041553
1.816974	1.6038046
1.8337028	1.6108536
1.8569105	1.6098901
1.889576	1.6213099
1.9473273	1.6244843
2.0312395	1.6279855
2.1127498	1.6284217
2.1689515	1.6228744
2.207875	1.6162359
2.234431	1.6189482
2.2498808	1.6194324
2.2672825	1.6288126
2.2745814	1.6331685
2.2765415	1.6317035
2.2795448	1.6348671
2.2764773	1.6303344
2.27783	1.6318829
2.2781231	1.6341709
2.276279	1.6357781
2.2777286	1.6369106
2.2762775	1.6350826
2.2752054	1.6282157
2.2721112	1.6245433
2.267599	1.6062379
2.2636142	1.6045954
2.2565684	1.5879104
2.2461004	1.5781224
2.2313864	1.5617037
2.209245	1.5356196
2.1910996	1.5231566
2.1634793	1.4928957
2.134661	1.4764477
2.1161332	1.4576151
2.0918446	1.4439576
2.0726924	1.4382743
2.054926	1.4266282
2.0396352	1.4173086
2.0259426	1.409612
2.015612	1.4046382
2.0057163	1.402463
2.0021443	1.3969903
2.0023863	1.393439
2.0009537	1.3928466
2.0064788	1.3918116
2.0102375	1.392882
2.0098855	1.3921053
2.0078228	1.3947986
2.0040305	1.3946325
1.9919659	1.3968294
1.9862202	1.3949457
1.9672303	1.3974044
1.9530544	1.3993422
1.9402729	1.3982818
1.9259712	1.3979759
1.9073853	1.4035043
1.9050806	1.3944477
1.8737048	1.4054029
1.8801944	1.3943408
1.8690426	1.3988638
1.8682228	1.398078
1.8621823	1.4006798
1.8592803	1.4008573
1.8548219	1.4030524
1.8539882	1.4022573
1.852543	1.4023553
1.8509221	1.4026526
1.8534142	1.3999962
1.8538346	1.3997953
1.8526905	1.4003179
1.8513856	1.3999075
1.8485396	1.4011983
1.8521023	1.4003103
1.8509743	1.4010303
1.8518488	1.4009736
1.850534	1.4034665
1.8637438	1.3977534
1.8744255	1.3918629
1.8821737	1.3915951
1.8955991	1.3903301
1.9069725	1.390106
1.930933	1.3850628
1.9569706	1.381961
1.9796151	1.3774889
2.0014453	1.3749703
2.026724	1.3731066
2.0475197	1.3714911
2.068115	1.3689504
2.077139	1.3690226
2.0983517	1.3694192
2.1100764	1.3704286
2.119652	1.3699493
2.1282496	1.3695724
2.137467	1.3689767
2.1434474	1.3704447
2.1455786	1.3707596
2.1489298	1.3716028
2.1493042	1.370945
2.1498382	1.3700578
2.1500247	1.3707597
2.151641	1.3708204
2.150219	1.3700287
2.149815	1.3695264
2.1491873	1.368965
2.1473544	1.3678756
2.1465576	1.3677834
2.1453822	1.3680363
2.1439223	1.3677975
2.1423414	1.3686635
2.1420977	1.3708458
2.1427753	1.3730863
2.1430757	1.3753121
2.1516027	1.3825996
2.1617196	1.388291
2.1725268	1.4008365
2.186942	1.4178506
2.1986308	1.4277738
2.2140157	1.4566905
2.2220798	1.4664248
2.2379463	1.5114075
2.2384064	1.5151932
2.2536712	1.554397
2.2490952	1.5535941
2.2562501	1.5874933
2.2534964	1.600974
2.251981	1.615721
2.2560658	1.632807
2.2543128	1.6374425
2.2611852	1.6487095
2.2639897	1.6605248
2.2653837	1.6645029
2.2705212	1.6725981
2.271066	1.6773202
2.2805512	1.6798095
2.2760105	1.6806302
2.2739434	1.6843225
2.2771122	1.6813971
2.2736945	1.6768541
2.276384	1.6712164
2.274969	1.6542112
2.2692156	1.6484929
2.2618182	1.6420254
2.2555108	1.6264316
2.2432485	1.6115876
2.2267804	1.5775987
2.2102897	1.5663706
2.1934803	1.5379626
2.1594164	1.5235559
2.1251612	1.4907705
2.0876591	1.4694852
2.0563772	1.4392384
2.0368097	1.4229972
2.0137708	1.41424
2.0059888	1.4051608
1.9927269	1.3981912
1.9933946	1.3962138
1.9948415	1.3875396
1.9928257	1.3892183
1.9953278	1.3880968
1.9925169	1.3857992
1.9968896	1.3862041
1.9953438	1.3845737
1.9976758	1.3848631
1.99732	1.3856101
2.001232	1.3873847
2.005073	1.3902833
2.0094147	1.3935754
2.0147293	1.3980982
2.019507	1.3999221
2.021397	1.4130821
2.0205483	1.4263042
2.0218487	1.4355174
2.0220137	1.4522425
2.0060415	1.4883595
1.9951807	1.5087094
1.9815781	1.5639793
1.9600816	1.5749296
1.9317541	1.6078247
1.9081757	1.6243743
1.897054	1.6279114
1.8841425	1.643775
1.8733242	1.6481365
1.8616908	1.6544093
1.8631293	1.6576204
1.8651687	1.6595554
1.8640975	1.6615674
1.8587818	1.6644859
1.8529242	1.6653665
1.8499712	1.6647413
1.8536093	1.6668621
1.8579288	1.665482
1.8630127	1.6588202
1.8663075	1.6592981
1.8613093	1.6533787
1.8556895	1.6431469
1.8490747	1.6305687
1.8413693	1.6099794
1.8401618	1.5935076
1.8369981	1.5746522
1.8392081	1.5493522
1.8374828	1.5330582
1.8304377	1.510683
1.830927	1.4848006
1.8287209	1.4712391
1.8336034	1.4532955
1.8372886	1.4396037
1.8393452	1.4312158
1.8427526	1.4219706
1.842714	1.4190183
1.8460166	1.414439
1.8474444	1.4104557
1.8440673	1.411505
1.8465215	1.4082929
1.8453453	1.4089781
1.8493141	1.405014
1.8475364	1.4058422
1.8510264	1.4030437
1.8493215	1.4030044
1.8509933	1.4018282
1.8528258	1.4011337
1.8552083	1.400413
1.8572878	1.4013666
1.8610865	1.4035524
1.8632131	1.4055058
1.869466	1.4069089
1.8753701	1.4122382
1.8761743	1.4207577
1.8731794	1.4351473
1.8825066	1.4412153
1.8862046	1.4517138
1.8773085	1.4874218
1.885322	1.4960861
1.8671172	1.5537987
1.8701565	1.557305
1.8709178	1.6106188
1.874214	1.6106656
1.878583	1.6342449
1.8792113	1.640977
1.8810267	1.6603307
1.883741	1.6640213
1.8808678	1.6657616
1.875341	1.6708506
1.8750656	1.6730858
1.8745314	1.6720784
1.8728641	1.6726272
1.8705544	1.6723413
1.8717179	1.6743523
1.8702819	1.6720927
1.8702265	1.6710421
1.872012	1.6682756
1.8689656	1.6653292
1.8629102	1.6660944
1.8592412	1.6567006
1.8593557	1.6446968
1.855098	1.6356318
1.8536248	1.6159704
1.8473583	1.5925081
1.84257	1.5599269
1.8310623	1.5455786
1.8365139	1.5046077
1.8405719	1.4798758
1.8455082	1.459182
1.8504685	1.4378453
1.8502312	1.429125
1.8553839	1.4151587
1.8485334	1.4185096
1.8546697	1.4069097
1.8560649	1.4014419
1.8541881	1.400794
1.8546635	1.398485
1.8570237	1.3955473
1.8583771	1.3940878
1.8586496	1.3934137
1.8603952	1.3921487
1.8582674	1.3929857
1.8623425	1.3918707
1.8632027	1.3903216
1.8658444	1.388864
1.8713945	1.3876921
1.8807125	1.3833789
1.8867091	1.3812041
1.894851	1.378767
1.9104084	1.3751255
1.9221908	1.3726269
1.9338267	1.370315
1.9536636	1.3659217
1.9659002	1.3637297
1.9861798	1.3607845
2.0028408	1.3589576
2.0198758	1.3570975
2.0319328	1.355835
2.0511692	1.3546585
2.0680196	1.3542415
2.082816	1.3544562
2.0982723	1.3546374
2.1151457	1.356417
2.128548	1.3576285
2.1409106	1.3599609
2.1515129	1.3625836
2.1592007	1.3653655
2.1621616	1.3663862
2.1634548	1.3663182
2.162924	1.3658564
2.1626759	1.3660825
2.1614788	1.3653336
2.1611943	1.3654575
2.1612716	1.3655193
2.160201	1.3668374
2.1591392	1.368549
2.158065	1.3714404
2.1548383	1.3697276
2.154692	1.3718469
2.1519601	1.373283
2.1514792	1.3799189
2.1503906	1.3855225
2.1543524	1.3974082
2.154449	1.4036912
2.1575284	1.4216512
2.1564403	1.4447716
2.1434116	1.4600892
2.111686	1.4850414
2.0519793	1.5166811
1.9569257	1.531509
1.886589	1.5479008
1.8501076	1.5602286
1.8277601	1.5661435
1.8090134	1.5692351
1.795011	1.5803761
1.787248	1.5840183
1.7840394	1.5867758
1.7819928	1.5903149
1.7798103	1.593973
1.7786362	1.5970904
1.7777607	1.6000874
1.7779804	1.6012698
1.7787205	1.6019354
1.7778804	1.6015679
1.7768135	1.6021352
1.7789944	1.6018671
1.7786597	1.5983814
1.7777365	1.5948704
1.7798725	1.5846146
1.7834804	1.5736288
1.786194	1.5653638
1.7877023	1.5584409
1.7900715	1.5400803
1.7949613	1.5214754
1.8020022	1.4954339
1.8128889	1.4710071
1.8221496	1.4523546
1.8275621	1.4382387
1.8349432	1.4278371
1.8463765	1.4117641
1.848934	1.408879
1.8569075	1.3995954
1.8609974	1.3957024
1.8565544	1.3985265
1.8522972	1.4013052
1.8555428	1.3986088
1.8574879	1.3953562
1.8620028	1.3924026
1.8637809	1.3911463
1.8645159	1.3897874
1.8663955	1.3891331
1.8703201	1.3880465
1.8769914	1.384889
1.8832978	1.3823278
1.889957	1.3808478
1.8979455	1.3784237
1.9048271	1.377569
1.9184096	1.3734752
1.9290558	1.3720762
1.9422759	1.3695292
1.9525863	1.367632
1.9705493	1.3636853
1.9786264	1.3621951
1.9908249	1.3589538
1.9992745	1.357947
2.0024676	1.3568804
2.0118222	1.3568689
2.012455	1.3566847
2.0151803	1.356516
2.0124824	1.3566048
2.0160475	1.3568615
2.0218415	1.3574692
2.022226	1.36019
2.0296335	1.3626183
2.037505	1.3703085
2.0590613	1.3778299
2.0822299	1.3767104
2.1064472	1.3904674
2.130521	1.406639
2.1544266	1.440513
2.1768124	1.4740962
2.215806	1.5535883
2.2393484	1.5612789
2.2618217	1.6251695
2.2679036	1.6463675
2.2769125	1.6653804
2.274427	1.6924912
2.2735155	1.7003808
2.2727723	1.7071354
2.268626	1.7100334
2.2611506	1.7159696
2.255583	1.7183819
2.255468	1.7167599
2.2593312	1.713149
2.2534645	1.7154752
2.25718	1.7120724
2.2544615	1.710589
2.2555795	1.6992551
2.25278	1.6849846
