1.8675956	1.4120673
1.874906	1.409951
1.8877096	1.4046618
1.8961798	1.4032587
1.9225059	1.3900318
1.9271148	1.395448
1.9484899	1.3871535
1.9525099	1.404892
1.969968	1.4017649
1.9776436	1.4231831
2.0023592	1.4253027
2.0226274	1.4576739
2.054684	1.4725888
2.1036189	1.5354353
2.128746	1.5454266
2.1698122	1.5923206
2.193086	1.6121796
2.2149003	1.6340808
2.2254233	1.6430502
2.2364824	1.6546896
2.2427545	1.6600292
2.244968	1.6605748
2.246499	1.6627642
2.2489815	1.6657157
2.2504609	1.6664263
2.2509372	1.6673483
2.2506661	1.6677643
2.249364	1.6672695
2.2489376	1.6650548
2.245284	1.6615626
2.235882	1.6482232
2.223255	1.6323463
2.2104533	1.6181213
2.1874151	1.5900012
2.1650176	1.5617261
2.1365407	1.5228951
2.1134825	1.4927577
2.0824823	1.4494588
2.0706306	1.4376119
2.051871	1.4113525
2.0369217	1.3953967
2.0299246	1.3861445
2.023282	1.3759822
2.0192823	1.3710903
2.017686	1.3678026
2.0175867	1.3688172
2.017798	1.3670713
2.0196767	1.3663251
2.0218318	1.364822
2.0259442	1.3678488
2.028226	1.3681834
2.0321429	1.3714626
2.0341558	1.3729215
2.0354393	1.3735739
2.035245	1.3731074
2.0370896	1.3747076
2.0371885	1.3747027
2.0366645	1.3741158
2.0358374	1.3731407
2.0364728	1.3740118
2.036438	1.3744447
2.03697	1.3763459
2.0382519	1.3801851
2.0392585	1.3809239
2.0365543	1.3778797
2.0344315	1.3780044
2.0333552	1.3790467
2.0328548	1.3821301
2.0325491	1.3871806
2.029214	1.3923023
2.026186	1.3968275
2.024608	1.4129602
2.015462	1.4140584
1.9940445	1.422022
1.9674523	1.435716
1.9265137	1.46151
1.8721143	1.4863615
1.8148029	1.528821
1.7659918	1.5587391
1.7466364	1.5696489
1.726464	1.5727916
1.7104375	1.5851932
1.7054188	1.5871314
1.6993096	1.592386
1.6924361	1.5950671
1.6926177	1.5962679
1.6935027	1.596155
1.6935768	1.5969728
1.6945132	1.59802
1.6946906	1.5985428
1.693786	1.5990129
1.6919457	1.5992405
1.7010949	1.5962772
1.7047653	1.592472
1.7149907	1.5850252
1.7270231	1.5786904
1.7435129	1.5671695
1.760426	1.5593677
1.7882303	1.5399538
1.8058813	1.5261575
1.8428048	1.4961559
1.8779169	1.4673315
1.9145758	1.4339664
1.9363323	1.4096764
1.9535693	1.392831
1.9610543	1.3840113
1.9677085	1.3767227
1.9695922	1.3723643
1.9720327	1.3735589
1.9724766	1.3704256
1.9765625	1.3671864
1.9769773	1.3660938
1.9782665	1.3645911
1.9808267	1.3627452
1.9816903	1.3621167
1.9839053	1.3614446
1.9838918	1.361147
1.9862279	1.3604114
1.9889638	1.3583028
1.993315	1.3555989
1.9970623	1.3539666
2.0016363	1.3543369
2.0071795	1.3564973
2.0109036	1.3587732
2.0167532	1.3614416
2.0227387	1.3649628
2.027926	1.36777
2.0329878	1.3706719
2.0389855	1.3755823
2.0426257	1.3785418
2.04394	1.3799171
2.0435512	1.3791562
2.0431848	1.3784635
2.041962	1.3767534
2.04098	1.3756659
2.0403578	1.3753079
2.0399222	1.3750998
2.0407224	1.3760622
2.0411744	1.3766507
2.0410604	1.3764913
2.0395672	1.3752221
2.0378387	1.3744644
2.0352213	1.3728691
2.0311124	1.3702776
2.0255163	1.3664315
2.0191104	1.3622586
2.012275	1.3586402
2.00523	1.3575864
2.000992	1.3567429
1.9942244	1.3550617
1.9867693	1.355835
1.9795603	1.3573649
1.9724524	1.3596561
1.9559349	1.3668587
1.9439138	1.3710996
1.9154246	1.386974
1.9022636	1.3918303
1.8721288	1.4104882
1.8585602	1.4195586
1.8454298	1.4293557
1.8364922	1.4360998
1.8305115	1.440253
1.8281955	1.4420253
1.827705	1.4425625
1.8275291	1.4418632
1.8293335	1.4410458
1.8269596	1.4419569
1.8275735	1.4419907
1.8287578	1.4412464
1.8376313	1.4338763
1.851075	1.4246429
1.8649426	1.4150655
1.8820897	1.402797
1.9055948	1.388594
1.9257332	1.3778545
1.9460897	1.3687946
1.9594582	1.364356
1.970876	1.3602223
1.9804318	1.3584481
1.988497	1.3553901
1.9950285	1.354143
2.000966	1.3541017
2.0064974	1.3546046
2.0136764	1.3562992
2.0199347	1.3584634
2.026645	1.3630577
2.0334344	1.3687598
2.0401628	1.3747268
2.043404	1.3773652
2.045177	1.378986
2.0446866	1.3782043
2.0445058	1.3778265
2.0441983	1.3772252
2.0426552	1.3755141
2.042035	1.3749877
2.0423207	1.3750807
2.0407755	1.3735266
2.0396223	1.3727491
2.0387826	1.3721576
2.0363536	1.3708112
2.0311847	1.3668947
2.0246086	1.3622192
2.0203347	1.3595871
2.0132701	1.3546926
2.0093756	1.352434
2.0047529	1.3512429
1.9996498	1.3495855
1.9971974	1.3497913
1.9943038	1.3494433
1.993597	1.3497269
1.992863	1.3501419
1.9930727	1.350436
1.9924148	1.3513297
1.9916893	1.3509486
1.9922876	1.3514732
1.992121	1.3514922
1.9924517	1.3524146
1.992202	1.3532165
1.9924706	1.3521637
1.9895468	1.3636189
1.991803	1.3678807
1.9994997	1.3670752
2.0057797	1.3701774
2.0111337	1.3896507
2.0163789	1.3978865
2.021867	1.4177843
2.0206556	1.4329908
2.0270278	1.4592125
2.0269592	1.4896771
2.033231	1.5216572
2.033796	1.560734
2.031337	1.5666502
2.0500703	1.6135347
2.0394566	1.618327
2.0659475	1.6640548
2.0687456	1.6650549
2.0781853	1.6745664
2.066497	1.6767232
2.0656266	1.6806823
2.048761	1.6779863
2.0403135	1.6790956
2.0300527	1.6801552
2.0135252	1.6787314
2.0197256	1.6779373
2.038006	1.6780683
2.0532138	1.6763386
2.100751	1.6777864
2.129374	1.6627395
2.1652071	1.6688893
2.189606	1.6579777
2.2142491	1.6682491
2.230191	1.6652933
2.2493455	1.6803113
2.260283	1.6849742
2.2695675	1.6896262
2.2659876	1.6835178
2.263047	1.6792492
2.2591765	1.6745951
2.2557855	1.6709733
2.255612	1.671128
2.2584255	1.6737834
2.2592864	1.6746737
2.2604024	1.6761047
2.25696	1.6723266
2.2523506	1.666099
2.2438433	1.6544577
2.2383642	1.6449081
2.2155108	1.6141192
2.1970904	1.587195
2.1823864	1.5652732
2.1738663	1.5510255
2.1594722	1.5321318
2.1264787	1.4872102
2.1109238	1.4676412
2.0880587	1.4378748
2.0641766	1.4095993
2.05485	1.4000446
2.0412052	1.3837417
2.0400264	1.3831401
2.0375037	1.3788224
2.036637	1.3770081
2.0344055	1.3743173
2.0344615	1.374715
2.0337336	1.3723248
2.034199	1.3733698
2.0343826	1.3737307
2.0342526	1.374798
2.0328174	1.3739986
2.0308216	1.3720065
2.0273626	1.369703
2.0243998	1.3690326
2.020344	1.3659867
2.0158174	1.3648939
2.0108106	1.3607105
2.0084944	1.3625228
2.0052917	1.3607692
2.0026956	1.3617275
2.000251	1.362801
1.9996892	1.3619423
1.9974082	1.3618144
1.9960634	1.362519
1.9958184	1.3630433
1.9956379	1.3621719
1.994452	1.3625382
1.9941509	1.363778
1.9945245	1.363516
1.9942529	1.3632919
1.996605	1.36071
1.9976354	1.3600292
1.9992557	1.3584781
2.0032449	1.3593013
2.0071392	1.3594784
2.0121896	1.3620913
2.0163546	1.3619484
2.0232217	1.3656255
2.029922	1.3710443
2.0359106	1.3735298
2.0438716	1.3806533
2.048732	1.3839658
2.0546846	1.3891778
2.0588398	1.3918892
2.0632002	1.3964372
2.0614831	1.3947082
2.0583851	1.3917964
2.0550904	1.3883711
2.0546196	1.3879162
2.051163	1.3841331
2.0502176	1.383442
2.048348	1.3819743
2.0453086	1.3796309
2.0411625	1.3765253
2.0364058	1.3722305
2.029475	1.3668944
2.0242178	1.3632636
2.0180562	1.35944
2.0144296	1.3578393
2.010172	1.3557216
2.006682	1.3544157
2.0038526	1.3539789
2.0011134	1.3534013
1.999326	1.3554007
1.9968024	1.3565917
1.9948982	1.3561398
1.9931874	1.3576772
1.99187	1.3572748
1.9903595	1.3581152
1.9895527	1.3583384
1.9887967	1.3585873
1.9878757	1.3581111
1.9870656	1.3573642
1.9861143	1.3580772
1.9865181	1.3581669
1.9854393	1.3584294
1.9865022	1.3625631
1.9903822	1.3608696
1.9951538	1.3669121
2.0003965	1.3703451
2.007731	1.3806466
2.0137675	1.3845845
2.0231867	1.4004977
2.0331414	1.4079616
2.0573332	1.4368911
2.0815842	1.4711267
2.098692	1.4886633
2.148365	1.5549915
2.1770675	1.583632
2.2255886	1.6408242
2.2360272	1.6485431
2.2514372	1.6662455
2.2569258	1.6746799
2.255769	1.6755341
2.2568216	1.6791438
2.2553244	1.6775346
2.2548037	1.6781983
2.2525816	1.6762244
2.255494	1.6795856
2.2557049	1.6783127
2.254904	1.6792369
2.257542	1.6807051
2.258489	1.6861173
2.2544534	1.686735
2.2489836	1.6867268
2.2274191	1.6774619
2.2104485	1.6743096
2.1847057	1.6736736
2.1505206	1.6725196
2.0987558	1.6710817
2.0209036	1.6644154
1.9482782	1.6566703
1.8630027	1.6422873
1.8040769	1.6303183
1.7703449	1.6265792
1.7376472	1.623739
1.7129135	1.621329
1.7009155	1.6201602
1.6889267	1.6201833
1.6815871	1.6192037
1.677049	1.6175389
1.676802	1.6157016
1.6744839	1.6143568
1.6731397	1.6125188
1.6734843	1.613262
1.677947	1.6113117
1.6790758	1.6112211
1.6851599	1.6101853
1.6960602	1.6070073
1.7096719	1.6039382
1.7172801	1.604825
1.7596649	1.5977213
1.7876544	1.6011509
1.837478	1.598582
1.9143133	1.6043198
1.964304	1.6099966
2.0206587	1.6100395
2.0427442	1.6116506
2.0666897	1.6114073
2.0653017	1.6086851
2.0617037	1.6065372
2.0541103	1.6017032
2.0460567	1.6037446
2.039701	1.6055242
2.0278344	1.6053121
2.0309908	1.6044303
2.0155423	1.6019795
2.0232682	1.5945702
2.0195608	1.5829642
2.011241	1.5540526
2.0020964	1.5330998
2.001686	1.500996
1.9870892	1.4788926
1.9872845	1.4562234
1.9889269	1.4316407
1.9854306	1.4119161
1.9851508	1.3988485
1.9808985	1.388429
1.979904	1.3781053
1.9786391	1.3709964
1.979102	1.3641018
1.9803051	1.3630275
1.9776373	1.3603727
1.9723358	1.3655312
1.9738677	1.3601198
1.9718133	1.3635201
1.976236	1.3580139
1.9792541	1.355398
1.9828215	1.353245
1.982801	1.3523571
1.9816484	1.3533553
1.9825742	1.354151
1.9834856	1.353597
1.9804788	1.3554224
1.9782768	1.3568172
1.9721097	1.3586241
1.9711413	1.3588293
1.962662	1.3619477
1.9567885	1.3630767
1.9465818	1.368165
1.9350097	1.3728644
1.9276892	1.3765423
1.9156268	1.3827922
1.9036824	1.3895864
1.8933554	1.3957982
1.8885424	1.3981764
1.8763778	1.4060262
1.8704575	1.409959
1.8693451	1.410877
1.867072	1.4122093
1.8658159	1.4137996
1.8590983	1.418331
1.8624583	1.4166178
1.8658023	1.4146447
1.8684467	1.4128027
1.864153	1.4151417
1.8779926	1.4056491
1.8838444	1.4023287
1.8975807	1.3939983
1.9083031	1.3884307
1.9192569	1.3824611
1.9419925	1.3712336
1.9443974	1.3709137
1.9538863	1.3674867
1.9625517	1.364146
1.9704105	1.3616809
1.9746329	1.3605542
1.9765632	1.3604833
1.9810586	1.3589469
1.9801519	1.3583102
1.9820645	1.357335
1.9845273	1.3569196
1.9851481	1.3563691
1.9850581	1.3569902
1.9859209	1.3570254
1.9866631	1.3573371
1.9866334	1.3572642
1.9874009	1.3581451
1.98843	1.3597897
1.988322	1.3619531
1.988503	1.3621095
1.9878149	1.365394
1.9868718	1.3679458
1.9845115	1.3746079
1.9817393	1.3780358
1.9804002	1.3854289
1.9735894	1.3932021
1.9606407	1.4091147
1.947934	1.4173241
1.9020065	1.4530284
1.8739707	1.4727529
1.8293104	1.5124209
1.8045352	1.5252589
1.7678012	1.553085
1.755989	1.563417
1.7457923	1.5732838
1.7306087	1.5852097
1.7226188	1.592339
1.7165408	1.5975742
1.7112436	1.6027039
1.7065254	1.6059839
1.702519	1.6098504
1.6984142	1.6122159
1.6995476	1.6129134
1.7001482	1.6134142
1.6998539	1.6134933
1.7002852	1.6133864
1.7029513	1.6125175
1.7040516	1.6122414
1.7130933	1.6114222
1.7201123	1.6115564
1.7428616	1.6109935
1.7614104	1.6128296
1.7904468	1.6128787
1.8228396	1.6139795
1.8615981	1.6170883
1.9093587	1.6186283
1.9597121	1.6205148
2.0213861	1.6219968
2.0803745	1.6159608
2.1203263	1.6176422
2.1560767	1.6246519
2.1776512	1.6267431
2.1966214	1.6297401
2.2130635	1.6372322
2.2334664	1.6506667
2.2434707	1.6574782
2.2575352	1.6690506
2.2636778	1.6744739
2.266395	1.6764755
2.2622423	1.6715972
2.2596078	1.6688402
2.2563531	1.6656879
2.256843	1.6665953
2.2551723	1.665505
2.2575705	1.667586
2.256529	1.6676189
2.2535596	1.6663463
2.2493217	1.6640798
2.239797	1.6575866
2.2257774	1.6480986
2.2142024	1.6427366
2.19567	1.633015
2.1745553	1.6242136
2.1496677	1.6163694
2.1158023	1.6134728
2.0538409	1.6067221
2.0079765	1.6042296
1.932202	1.6003863
1.8673687	1.5963684
1.8147972	1.5988072
1.7743069	1.5995969
1.7489299	1.6025988
1.7274482	1.6043574
1.7110492	1.60548
1.696468	1.6096773
1.6934838	1.6104813
1.687954	1.6117668
1.6845196	1.6131827
1.6819198	1.6136386
1.6851505	1.6140404
1.6840209	1.615356
1.6839402	1.6151234
1.6856685	1.6152947
1.6849066	1.6139693
1.6878223	1.611949
1.6864656	1.6093793
1.6873876	1.6046456
1.6870565	1.6011006
1.69504	1.59086
1.6995542	1.5864486
1.7033697	1.5789444
1.7184886	1.5590308
1.7268392	1.5493184
1.7319762	1.5425323
1.7495896	1.5245975
1.7641871	1.5091178
1.7793162	1.4932158
1.791273	1.4812816
1.7984532	1.4709616
1.8053403	1.4644895
1.8220626	1.4483619
1.8240975	1.4457297
1.8313257	1.4374301
1.8401713	1.4292089
1.8404225	1.4273981
1.8438374	1.423185
1.8499863	1.4203128
1.853562	1.4166307
1.8513528	1.4182423
1.8561308	1.4152415
1.8539861	1.4175318
1.8583375	1.414267
1.8566468	1.4192672
1.8754388	1.4060135
1.8893522	1.4011141
1.8960484	1.4012516
1.9085636	1.4022342
1.9228793	1.4053991
1.9352148	1.4152366
1.9565191	1.4128933
1.9699876	1.4325874
1.98512	1.451892
2.0082593	1.4811577
2.045064	1.504115
2.0780299	1.5379442
2.107256	1.5544621
2.1442938	1.5904623
2.1719832	1.6111488
2.2026975	1.6382256
2.2262535	1.6586634
2.242947	1.6696671
2.2542799	1.6783445
2.2735553	1.6935143
2.2850065	1.7023692
2.290189	1.7076703
2.2933354	1.7101792
2.2910428	1.7083207
2.2919219	1.7081456
2.2910542	1.7076663
2.2893488	1.7064809
2.2883866	1.7057663
2.289384	1.705947
2.2862968	1.7047343
2.277023	1.6997114
2.2686946	1.6936026
2.2523646	1.6826721
2.2426693	1.6775459
2.2260518	1.6688881
2.215003	1.6668248
2.2048674	1.668497
2.1878288	1.6659575
2.1689138	1.6641868
2.1450222	1.6666895
2.124079	1.6760828
2.1032414	1.6687723
2.0649154	1.6707196
2.0375853	1.6748255
2.0216	1.6722709
2.0111225	1.671424
2.0058327	1.671139
2.01147	1.6730647
2.0060947	1.6711853
2.0125666	1.6738528
2.0253336	1.6712735
2.0368128	1.6694793
2.044506	1.661071
2.0688486	1.6493354
2.0825264	1.639391
2.1017203	1.6262292
2.1094913	1.6175512
2.1084857	1.5812777
2.1060166	1.5629957
2.0960789	1.5314782
2.0849347	1.4990934
2.0717392	1.4664936
2.058155	1.4363413
2.0554547	1.4244978
2.0472333	1.4082184
2.0431705	1.4008709
2.040139	1.3948704
2.0371244	1.3891516
2.0321672	1.3790858
2.0347915	1.3802063
2.036488	1.3776376
2.040242	1.3809879
2.0444593	1.3849504
2.0454571	1.3858634
2.045632	1.3856986
2.045411	1.3851507
2.0462136	1.3860607
2.0466475	1.3872035
2.0482476	1.3901262
2.0495615	1.3927597
2.049091	1.3925538
2.0497797	1.396046
2.049424	1.3972908
2.0492172	1.4022119
2.0458446	1.4002903
2.043721	1.4032227
2.0426197	1.4077648
2.040314	1.4173225
2.0342853	1.4209391
2.0275936	1.4332865
2.007421	1.436241
1.9736159	1.463125
1.9170521	1.4973276
1.8558207	1.5289375
1.8125012	1.5493131
1.7691575	1.5690248
1.7387621	1.5891418
1.7146538	1.596975
1.7027873	1.6044492
1.6948255	1.6073709
1.68834	1.6116192
1.68363	1.6141536
1.6810105	1.6152568
1.6811111	1.6160707
1.6801322	1.6166401
1.6769776	1.6169538
1.6782715	1.6178613
1.6775569	1.6178334
1.6835713	1.6157708
1.6903455	1.6137384
1.6993086	1.6100134
1.7106934	1.6037912
1.7251307	1.6017835
1.7456342	1.591719
1.7663682	1.5834714
1.8031026	1.5623561
1.8392358	1.546304
1.8791072	1.52022
1.9311329	1.4971535
1.9698806	1.4685813
2.0007465	1.4515995
2.0195088	1.436624
2.0326686	1.4325132
2.0398567	1.4230095
2.0447016	1.4199564
2.048886	1.4147407
2.0518274	1.4135954
2.0524187	1.4081204
2.0557227	1.4083687
2.0601184	1.4097365
2.064737	1.4122794
2.0666547	1.4127333
2.0659935	1.4114807
2.0662358	1.4106632
2.066574	1.4106692
2.0655704	1.4091623
2.0648792	1.408141
2.0642984	1.4072785
2.0636678	1.4071134
2.0657892	1.4095117
2.06568	1.4104706
2.0652676	1.4113122
2.0641549	1.412244
2.060864	1.4117663
2.059529	1.412283
2.0576966	1.4129357
2.0603476	1.4210896
2.0578775	1.4240477
2.0579014	1.4339167
2.0526695	1.4343458
2.047571	1.4414194
2.0359173	1.4443065
2.0214896	1.4614352
1.9980499	1.4747231
1.9569621	1.5025764
1.9017227	1.5247403
1.8672907	1.5419993
1.826634	1.5566115
1.7843007	1.5741143
1.7571611	1.5830048
1.7328393	1.5946579
1.7102648	1.6042027
1.6918379	1.613262
1.6861597	1.6148379
1.680484	1.6165937
1.6776032	1.6163986
1.6718967	1.6190457
1.669395	1.6200975
1.6691399	1.6209832
1.6686242	1.6229715
1.6722623	1.622001
1.6694237	1.622009
1.6698326	1.6224344
1.6723881	1.6219572
1.6775554	1.6217892
1.6851046	1.621864
1.6963683	1.6207992
1.7118249	1.619265
1.7339463	1.6171701
1.7722514	1.612957
1.8061833	1.6100795
1.8596907	1.6138928
1.923542	1.6059175
2.0005558	1.6096586
2.061144	1.5976287
2.1029415	1.5923454
2.1346838	1.5964131
2.1575642	1.6012769
2.1767116	1.6069987
2.1964128	1.6193581
2.2078974	1.626416
2.2252755	1.6409178
2.2328784	1.647324
2.2336862	1.6472764
2.2375238	1.6508585
2.2329726	1.6462489
2.2346613	1.6478168
2.235859	1.6494489
2.2353194	1.6497972
2.2369366	1.6513152
2.2349107	1.6492708
2.2314453	1.6445653
2.2272906	1.6404535
2.2163405	1.6262097
2.2121837	1.6227311
2.1998644	1.607485
2.1871986	1.5945446
2.1685843	1.5744452
2.1408343	1.5431896
2.121807	1.5241579
2.0913208	1.4887322
2.067698	1.4662325
2.0512335	1.446193
2.0351605	1.4306986
2.0250053	1.4236175
2.014502	1.4123273
2.0060961	1.4035332
1.9989849	1.3964739
1.9939007	1.3918669
1.9894844	1.3897643
1.9871078	1.3850981
1.9866507	1.3821691
1.9858798	1.3816342
1.9880648	1.3809971
1.9897364	1.3820131
1.9895004	1.3813001
1.989131	1.3834836
1.9875933	1.3832101
1.9827644	1.384702
1.9798932	1.383032
1.9708525	1.38498
1.962838	1.387134
1.9538134	1.3873938
1.9426571	1.3891205
1.9217175	1.4002211
1.9185929	1.3935175
1.8701558	1.4241241
1.8788087	1.410852
1.856804	1.4263738
1.8538811	1.427586
1.8405844	1.4374211
1.8333988	1.4418448
1.8233055	1.4497108
1.8203659	1.4509945
1.8170305	1.4531094
1.8131566	1.4556581
1.8175175	1.4510872
1.8180188	1.4507595
1.8146087	1.4533806
1.8119648	1.4545494
1.8050383	1.459848
1.8140751	1.4535488
1.8114247	1.4556834
1.8164895	1.4518719
1.8166001	1.4532369
1.847923	1.4298186
1.8709309	1.4119475
1.8870039	1.4034147
1.9100555	1.3920695
1.9255772	1.3862978
1.9476898	1.3767545
1.9643667	1.3722687
1.9750828	1.3684424
1.9837966	1.3668046
1.992824	1.3660091
1.9998502	1.3654592
2.006266	1.3644737
2.0092995	1.3651959
2.0170078	1.3673621
2.0216944	1.3696245
2.0253894	1.3706374
2.0289202	1.3717979
2.0327866	1.3730346
2.0361826	1.3757805
2.0373304	1.3766321
2.039325	1.3783147
2.0393088	1.3778255
2.0392594	1.3771483
2.0396018	1.3777851
2.0404484	1.3783455
2.0393455	1.3771245
2.0389125	1.3764838
2.0384042	1.3758354
2.037087	1.3743179
2.03665	1.374017
2.036137	1.3739398
2.0353909	1.373364
2.0349562	1.3737872
2.03569	1.3757907
2.0369363	1.3782061
2.0380387	1.3805467
2.045561	1.3900259
2.0541	1.3992178
2.0667284	1.4160082
2.0849247	1.4396278
2.0990446	1.4561195
2.1232786	1.4909797
2.1339467	1.5043492
2.1615565	1.5475627
2.162799	1.5500284
2.1870189	1.5848122
2.1820881	1.5806775
2.1989856	1.6065286
2.201734	1.6139735
2.2068431	1.6234568
2.2179909	1.6376578
2.2191584	1.6403317
2.2298577	1.651375
2.2385893	1.6613913
2.2418385	1.664849
2.2503908	1.6731166
2.2535913	1.6767375
2.2610865	1.6817019
2.258803	1.6809154
2.259712	1.6829231
2.260145	1.6820774
2.2551527	1.6776415
2.2533257	1.6742344
2.2427516	1.6612473
2.235683	1.6548052
2.227041	1.6469622
2.2145991	1.632951
2.198211	1.6162599
2.170871	1.5834954
2.1529462	1.5663357
2.1287775	1.5363128
2.0997813	1.5116563
2.06724	1.4752852
2.0411625	1.4510198
2.0183532	1.4227214
2.0062885	1.4079827
1.9949836	1.3996191
1.9900545	1.3919396
1.9833645	1.3858285
1.9833269	1.384215
1.9827995	1.3770765
1.9822395	1.37842
1.983104	1.3775402
1.9816673	1.3755345
1.9835548	1.3759962
1.9826981	1.3745922
1.9836565	1.3749584
1.9835103	1.3755574
1.9852688	1.3771666
1.9871311	1.3796768
1.9893744	1.3825607
1.99204	1.3865242
1.9941561	1.3882817
1.997294	1.3991697
1.9994906	1.4098927
2.001956	1.417432
2.006065	1.4308914
2.0089757	1.4592016
2.0107224	1.4756218
2.0298345	1.5259019
2.0234513	1.539069
2.0282042	1.5817103
2.0221407	1.6112351
2.0105677	1.6203712
2.0109007	1.6479446
1.998096	1.6575556
1.9842681	1.669696
1.9939576	1.6745325
2.0018775	1.6772923
2.0014732	1.6805946
1.9930134	1.6858922
1.9809713	1.6882727
1.9723966	1.6875049
1.9878544	1.6902453
1.9978535	1.6876825
1.9939091	1.6758223
1.9993038	1.675266
1.9718987	1.6661681
1.9368783	1.6505972
1.9037927	1.6339337
1.8677444	1.6097322
1.8572874	1.5916718
1.8435235	1.5741124
1.8402377	1.5510691
1.8327683	1.5395908
1.812553	1.5295714
1.8072256	1.5139334
1.7974222	1.5097167
1.8004395	1.4967825
1.8019724	1.4871768
1.8019106	1.4818566
1.8050135	1.473854
1.8027812	1.473184
1.8072659	1.4676117
1.8086059	1.4640503
1.8003097	1.469846
1.8050555	1.4647264
1.8019263	1.4671602
1.8101752	1.4591541
1.8055927	1.4627985
1.8131257	1.4560323
1.808884	1.4585723
1.8131745	1.4550031
1.8181081	1.4512324
1.8247792	1.4462684
1.8314776	1.4427359
1.8433574	1.4369965
1.8507074	1.4339858
1.8648444	1.4271886
1.8778243	1.4247941
1.88323	1.4286934
1.8830335	1.4401262
1.8983798	1.4385561
1.9067395	1.4438745
1.9007412	1.476137
1.9144876	1.4794089
1.9034404	1.5395608
1.9107535	1.5416267
1.9459974	1.6035308
1.9528123	1.6030333
1.9913538	1.6356323
2.0038664	1.6455005
2.0419033	1.6744787
2.054597	1.6800382
2.0537899	1.683765
2.0547924	1.6933576
2.0591304	1.6970373
2.0553215	1.6956164
2.0541964	1.6970531
2.047671	1.6969665
2.0548759	1.6999507
2.0459795	1.6963764
2.042097	1.6945915
2.0380454	1.689822
2.0214229	1.685187
2.0066283	1.686773
1.975613	1.6720974
1.9536413	1.6530187
1.9273528	1.6398342
1.9021285	1.613473
1.8704689	1.5883026
1.8507665	1.5581113
1.8237094	1.5526142
1.8272892	1.5191396
1.8288095	1.5006568
1.8315942	1.4847202
1.833697	1.4684104
1.8276576	1.4656407
1.8327644	1.452631
1.8181425	1.4636968
1.8255501	1.4510981
1.8255506	1.4471741
1.8207442	1.4495593
1.8204893	1.4480479
1.824733	1.4432642
1.8276253	1.4403393
1.827366	1.4400504
1.8319583	1.4360403
1.827079	1.4397752
1.8372782	1.432506
1.8397228	1.4295273
1.8473165	1.4235097
1.8608837	1.414549
1.8803718	1.4004258
1.8929986	1.3920847
1.9069935	1.3837612
1.9275064	1.3733141
1.9399956	1.3678412
1.9495802	1.3639443
1.9622313	1.3588109
1.9684417	1.3567247
1.9770598	1.3543929
1.9832155	1.3531668
1.9887369	1.3520893
1.9923424	1.3514148
1.9981687	1.3510808
2.0031998	1.3515114
2.007829	1.3526474
2.012884	1.3540751
2.0193458	1.3575674
2.0249505	1.3607553
2.0312016	1.3655506
2.0373714	1.37078
2.0425475	1.3757876
2.0446596	1.3777851
2.0453737	1.3781339
2.0448816	1.3775558
2.0447867	1.3776556
2.0438175	1.3765371
2.0436885	1.3765278
2.0437684	1.3765358
2.043696	1.3774318
2.0437124	1.3786227
2.0442219	1.3809493
2.041748	1.3782889
2.0425248	1.3801886
2.041658	1.3807511
2.0440843	1.3869858
2.0456412	1.3919188
2.0525029	1.4042752
2.0549562	1.4100951
2.0631285	1.4270124
2.0700755	1.4462155
2.0668452	1.4546225
2.05773	1.4674916
2.041267	1.4854305
1.9943663	1.4970014
1.924107	1.5280622
1.8586066	1.5565737
1.8092681	1.5725803
1.766883	1.5837638
1.7344906	1.5976855
1.714748	1.603437
1.7062409	1.6063691
1.7003777	1.6093779
1.6942568	1.6124526
1.691196	1.6148425
1.6886333	1.6169461
1.6890444	1.6175826
1.691081	1.6178185
1.6889495	1.6178415
1.6857618	1.618636
1.6921011	1.6176558
1.6913483	1.6158527
1.6893338	1.6142516
1.6959028	1.6074046
1.7055115	1.5994376
1.7125038	1.5935638
1.7163538	1.5892144
1.7209018	1.5785556
1.7304134	1.5662764
1.7409416	1.5491773
1.757418	1.5291673
1.7708893	1.5119898
1.7765937	1.5006708
1.7888926	1.4871995
1.8082845	1.4648492
1.8138115	1.4593333
1.8271195	1.4446687
1.834012	1.4377689
1.8252028	1.4451823
1.816228	1.4527643
1.8237288	1.4459814
1.826933	1.4415138
1.8366009	1.4333609
1.840548	1.4299618
1.8425232	1.4274704
1.8482344	1.4233288
1.8580943	1.4165627
1.8726338	1.4057448
1.8855596	1.3968284
1.8977175	1.3897513
1.9112097	1.3818636
1.920931	1.37748
1.9360873	1.3694638
1.9456378	1.3661848
1.9554714	1.3624285
1.9617023	1.3603139
1.9707404	1.3566415
1.9742593	1.3554329
1.9790502	1.3528864
1.9820211	1.3522111
1.9831136	1.3513925
1.9864055	1.3516264
1.986676	1.3514681
1.9875091	1.3514245
1.9865094	1.3514439
1.9877185	1.3517482
1.9896711	1.3525257
1.98992	1.354836
1.9924816	1.357189
1.9960631	1.364116
2.0047982	1.3717345
2.0129523	1.3724844
2.0264158	1.3876069
2.0431333	1.4067519
2.0691123	1.4443123
2.0969002	1.4825771
2.1543593	1.562362
2.1759543	1.5798596
2.2187736	1.6350062
2.2332513	1.6521838
2.2498252	1.6694088
2.2654817	1.6891197
2.2703743	1.694879
2.2749436	1.6998966
