2.0285048	1.4811001
2.043171	1.5121034
2.0825665	1.5190275
2.1017401	1.5601565
2.1334844	1.5611341
2.149493	1.5901678
2.1671078	1.5999945
2.1771884	1.6155385
2.1854045	1.6207811
2.1899235	1.6292624
2.1937685	1.6329904
2.197482	1.6324885
2.197301	1.634782
2.1972282	1.637913
2.1986167	1.6381443
2.1974928	1.6395538
2.197117	1.6397617
2.1949728	1.6398461
2.200258	1.6328897
2.1996665	1.6275666
2.20308	1.6121892
2.2033103	1.595131
2.1999233	1.5824914
2.1969237	1.5595423
2.193114	1.5390486
2.1922262	1.5098336
2.1849046	1.4927528
2.180637	1.4608158
2.167192	1.455025
2.159514	1.4334358
2.1420674	1.420983
2.1342885	1.4116489
2.1290007	1.3998907
2.1223242	1.3954445
2.1226413	1.3905184
2.122987	1.3915101
2.1293488	1.3873689
2.1394951	1.3846112
2.1519632	1.3794322
2.1635928	1.3805525
2.172243	1.3783728
2.18126	1.3792003
2.1856751	1.3791618
2.1897757	1.3785526
2.1901398	1.3778421
2.1935363	1.3782679
2.1937144	1.3779339
2.1930487	1.3777077
2.191783	1.3771346
2.1915598	1.3786297
2.1894562	1.3808987
2.1877806	1.3841009
2.1840515	1.3895093
2.1843388	1.3901457
2.179338	1.3888712
2.1696098	1.3933071
2.1607907	1.398671
2.1487267	1.4070241
2.1353135	1.4176332
2.1118124	1.4321615
2.0938046	1.4407467
2.0661023	1.4617225
2.0420215	1.4657828
2.0015006	1.4737728
1.9658672	1.4797682
1.9297621	1.4911411
1.8903576	1.4934756
1.8579974	1.5096512
1.8265798	1.5186319
1.813589	1.5258834
1.7968836	1.5189162
1.7888485	1.531727
1.7843562	1.5320296
1.7821372	1.5387659
1.7777364	1.5399057
1.7787379	1.542838
1.7800382	1.5440568
1.7805585	1.5459481
1.7819109	1.5485979
1.7818668	1.5493381
1.7826461	1.5502093
1.7812108	1.5484477
1.7881583	1.5462197
1.7906218	1.5409318
1.796927	1.5319471
1.8061551	1.5287745
1.8171189	1.518845
1.8291607	1.5161178
1.8462089	1.5043609
1.8572211	1.4966505
1.8772464	1.4819238
1.8957953	1.4685425
1.916665	1.4516267
1.9299469	1.4348584
1.9457922	1.4216573
1.9536229	1.4126946
1.9631828	1.4064156
1.9651805	1.4001708
1.9716934	1.4021602
1.9718126	1.3975726
1.980155	1.3938992
1.9821403	1.3921285
1.9853104	1.3901739
1.992523	1.3880767
1.9944556	1.3872586
2.0013337	1.386731
2.0031774	1.3858219
2.0130022	1.3843923
2.0245092	1.3810192
2.0431218	1.3770816
2.061177	1.3747646
2.079697	1.3747257
2.1022892	1.3762786
2.1173534	1.3780489
2.1385984	1.3780077
2.158067	1.378116
2.1746671	1.3772781
2.1891003	1.3758906
2.2010996	1.3767359
2.208149	1.3765831
2.2099295	1.3771677
2.2102487	1.3757571
2.210286	1.3748012
2.209353	1.3732549
2.207847	1.372683
2.2064846	1.3731805
2.2054102	1.3735523
2.2061093	1.3743635
2.2062254	1.374726
2.2052526	1.375053
2.201401	1.375158
2.1947773	1.3769082
2.1858807	1.3779473
2.1722991	1.3788575
2.1539743	1.3786273
2.130864	1.3782841
2.1067727	1.3773006
2.076447	1.3785467
2.0563147	1.3784148
2.030158	1.3763508
2.0033543	1.3768874
1.9776995	1.3776364
1.9578993	1.3781296
1.9241505	1.3811924
1.9045718	1.3786073
1.8728998	1.3806164
1.8582547	1.3758591
1.8352573	1.3753172
1.8256862	1.3748213
1.8175914	1.3753793
1.8124874	1.3759617
1.8087553	1.375734
1.8072288	1.3754038
1.8074688	1.3761157
1.8059906	1.3740495
1.807692	1.3751879
1.8055254	1.3738182
1.8067077	1.3746207
1.8086925	1.3757887
1.8139055	1.3747054
1.8234744	1.3755556
1.8341902	1.3764427
1.8470153	1.3755984
1.8683132	1.376764
1.8900977	1.3776591
1.9181823	1.3784829
1.9437643	1.3803397
1.9708854	1.3791736
1.9990457	1.3796524
2.027442	1.3765504
2.05419	1.3745959
2.082067	1.373295
2.1076732	1.3716081
2.136979	1.3697734
2.1610622	1.3679197
2.1808038	1.3686516
2.1962733	1.3702501
2.2087967	1.3717291
2.214914	1.3713783
2.217889	1.3716096
2.2180595	1.3705359
2.2179186	1.3698384
2.2180974	1.3691665
2.2163906	1.3681186
2.2149298	1.368085
2.2154582	1.3677224
2.2129624	1.3672618
2.209407	1.3680946
2.2054658	1.3686825
2.196363	1.370178
2.1823363	1.3703583
2.161564	1.3698243
2.1467378	1.3695381
2.1223178	1.3673153
2.105164	1.3657722
2.0855527	1.3661957
2.0644584	1.3648971
2.0543063	1.3657058
2.0431578	1.3654455
2.0406098	1.3660347
2.037068	1.366999
2.036977	1.3673441
2.0347066	1.3690834
2.0322852	1.3683524
2.034159	1.369703
2.033559	1.3697306
2.0344718	1.3708637
2.029201	1.3759491
2.0313623	1.3756506
2.0238202	1.3931241
2.0322413	1.4003106
2.0519745	1.4037292
2.0689597	1.4084742
2.0642452	1.4371225
2.0663908	1.4480723
2.0600395	1.471553
2.0452104	1.4888054
2.0386226	1.5122943
2.023502	1.535777
2.0177376	1.5557697
2.0049121	1.5826621
2.0005467	1.586491
1.9945638	1.6222296
1.9882296	1.62547
1.98433	1.6610646
1.9841863	1.6622803
1.9839902	1.6707256
1.9776933	1.6722085
1.9753433	1.6759375
1.969099	1.6741743
1.9645857	1.6751579
1.9607962	1.6763391
1.956124	1.675559
1.9591918	1.6742673
1.9683114	1.6740248
1.9780902	1.6701382
2.0002947	1.6726382
2.0290682	1.6598378
2.0540898	1.6673042
2.0954309	1.6556792
2.118435	1.6650021
2.1528811	1.6562821
2.1679683	1.6677297
2.1843545	1.6657337
2.1969569	1.6649976
2.2018046	1.6552106
2.2038922	1.6490161
2.2041657	1.6442102
2.2036111	1.6413028
2.2027726	1.6420733
2.2039123	1.6446112
2.204194	1.6449018
2.2048264	1.644775
2.2061083	1.6385443
2.2097883	1.6290878
2.2154956	1.6102353
2.2234416	1.5932189
2.2281451	1.56234
2.2341406	1.537129
2.237411	1.5176612
2.243301	1.4993027
2.2414145	1.4866512
2.2387245	1.4556967
2.23319	1.4432588
2.225865	1.4250724
2.2101767	1.4080101
2.1993434	1.4045546
2.1874874	1.3922898
2.1847942	1.3922966
2.184425	1.3869411
2.184812	1.3848809
2.1829388	1.381869
2.1821618	1.3827603
2.1842546	1.3793281
2.1833375	1.3811057
2.182561	1.3818338
2.1792297	1.3840396
2.1739037	1.384481
2.1684344	1.3839394
2.1581142	1.3837385
2.1447895	1.3862445
2.1324081	1.3840812
2.114595	1.3867434
2.1003098	1.3826122
2.0870054	1.3872452
2.0756335	1.3861388
2.065784	1.3881222
2.0551755	1.3903711
2.0529401	1.3892516
2.0457377	1.3895849
2.041269	1.3904188
2.0392258	1.3913189
2.03885	1.3903497
2.0352943	1.3909118
2.0336277	1.392654
2.0370424	1.3915379
2.0371637	1.3909684
2.0472496	1.3864058
2.0540721	1.3854007
2.0639422	1.3826126
2.0803673	1.3833704
2.097868	1.3813745
2.1176865	1.3829361
2.13614	1.3800415
2.1597025	1.3789883
2.176902	1.3813757
2.1953912	1.37727
2.2105284	1.3787817
2.2218528	1.3763454
2.2314923	1.37646
2.239451	1.373864
2.243245	1.3752358
2.2410998	1.3747778
2.2370996	1.3746924
2.2332182	1.373287
2.232289	1.3733203
2.228253	1.3717892
2.2257652	1.3724622
2.2209933	1.3732117
2.2142143	1.3737558
2.203265	1.3747371
2.192433	1.3737211
2.1734588	1.3734833
2.157446	1.3733059
2.136924	1.3726298
2.1222122	1.3729153
2.1060004	1.3722367
2.0916915	1.3719058
2.0791247	1.3730484
2.0670152	1.373372
2.0573237	1.3769363
2.0462427	1.3796854
2.039316	1.3788041
2.031928	1.381473
2.0274093	1.3808851
2.022081	1.3821269
2.0190446	1.3821865
2.016232	1.3821484
2.0130653	1.3814416
2.011132	1.3801008
2.0073504	1.3811522
2.0087824	1.3827007
2.0083208	1.3826253
2.0129607	1.3912356
2.0266695	1.3902298
2.0399442	1.4019291
2.0549235	1.4071269
2.0671234	1.4228859
2.0826933	1.4268541
2.0930471	1.4475042
2.1081984	1.4553953
2.1298518	1.4766501
2.1363478	1.505729
2.1513426	1.5152888
2.1611805	1.5615565
2.1809037	1.5742308
2.1913998	1.6172047
2.1994047	1.622217
2.1998398	1.6388859
2.1942017	1.6505629
2.1898482	1.6528072
2.18413	1.658724
2.183829	1.6568485
2.180921	1.6592897
2.1809409	1.6569359
2.1798127	1.660865
2.1836507	1.658442
2.1771572	1.662977
2.1777842	1.6647638
2.1665087	1.674044
2.1519613	1.6765044
2.1366103	1.6788168
2.1081944	1.6734598
2.0835142	1.6717011
2.0515301	1.6710255
2.021864	1.6682497
1.9912555	1.66547
1.9577546	1.658999
1.9298109	1.6531559
1.8972148	1.6426034
1.8678054	1.6295549
1.8465545	1.6217066
1.8254122	1.6134518
1.8070263	1.6043994
1.7969767	1.5983278
1.7875094	1.5935013
1.7813107	1.5883772
1.776241	1.5821947
1.7745636	1.5772763
1.772149	1.5739665
1.7707192	1.5695529
1.7715652	1.571286
1.774918	1.5697763
1.7772847	1.5703533
1.783312	1.5713586
1.7917706	1.5713563
1.8062634	1.5732499
1.815624	1.5799744
1.8479245	1.582427
1.8714632	1.5941736
1.9008329	1.5978502
1.9383862	1.6067224
1.9596848	1.6125076
1.9857959	1.6138535
1.9959928	1.6151695
2.0085082	1.6151177
2.0086498	1.6126558
2.0066905	1.6113734
2.0034838	1.6081923
1.997883	1.6092594
1.9942582	1.6102166
1.9874665	1.6095104
1.990164	1.6087694
1.9838094	1.6058784
1.9900537	1.5988114
1.9914612	1.589744
1.9949039	1.5694679
1.9925575	1.5544875
1.9991301	1.5334303
1.9924552	1.5155303
1.9953862	1.497152
2.0006678	1.4762657
1.9974328	1.4557948
1.9978201	1.439854
1.9905163	1.4250599
1.9886622	1.4098495
1.9866428	1.399715
1.9852126	1.3885783
1.9856942	1.3885142
1.9789953	1.3818692
1.9673294	1.3888172
1.97074	1.3796737
1.9687624	1.3836414
1.9798863	1.3762629
1.9871244	1.3727773
1.9959469	1.3705525
1.9967246	1.3694553
1.9941661	1.3706748
1.9950999	1.3725313
1.9963734	1.3721697
1.9849654	1.3742064
1.9790258	1.3756752
1.9612898	1.3760624
1.9570992	1.3754004
1.937895	1.376251
1.9247692	1.3742248
1.9093043	1.3757548
1.8928409	1.37468
1.8834836	1.37448
1.8708655	1.3741713
1.8600156	1.3738114
1.8509043	1.3736347
1.8461716	1.3723311
1.837602	1.3724861
1.8335526	1.3724974
1.8330743	1.3730516
1.830703	1.3723705
1.831055	1.3739865
1.827292	1.3743298
1.829926	1.375246
1.8318802	1.375277
1.8345807	1.3756164
1.8317181	1.375081
1.8419034	1.3752229
1.8473817	1.3765404
1.8590103	1.3771933
1.871866	1.3792793
1.882081	1.3794408
1.9088365	1.3793896
1.9148624	1.3809222
1.9315774	1.3818659
1.9476343	1.3816111
1.9640417	1.3816346
1.9756103	1.3816386
1.9795729	1.3818113
1.9916699	1.3807344
1.990959	1.3795685
1.9963342	1.3783233
2.0029857	1.3785033
2.0054135	1.3778646
2.0056014	1.3790196
2.0079467	1.3790876
2.0104501	1.3800398
2.011082	1.3806533
2.012941	1.3828156
2.0155103	1.3855407
2.0141833	1.3897136
2.0140543	1.3907515
2.0100648	1.3972454
2.0061865	1.4014364
1.9998347	1.411979
1.9920468	1.4173086
1.9876783	1.4285479
1.97527	1.4363436
1.9558723	1.4513046
1.9414295	1.4557023
1.9075423	1.4729788
1.8887428	1.4778196
1.8647169	1.4971156
1.8486732	1.4994606
1.8291214	1.5155865
1.8223721	1.5253323
1.817512	1.5356587
1.8097113	1.5476019
1.8059855	1.5565363
1.8028334	1.5631573
1.8005033	1.5705386
1.7977993	1.5747228
1.796647	1.5805452
1.7946516	1.5833927
1.795617	1.5849907
1.7964668	1.586155
1.7964486	1.5859637
1.7968198	1.5859878
1.7995927	1.5857607
1.801518	1.5864825
1.8107989	1.5895566
1.8180412	1.5933049
1.8363962	1.5985637
1.851083	1.6048186
1.8707422	1.6088947
1.8902259	1.6124008
1.9104614	1.6169127
1.9335686	1.6192206
1.9573927	1.6206193
1.9860661	1.6228986
2.0219178	1.6209762
2.0531843	1.6222566
2.0879385	1.6251125
2.1178942	1.6232803
2.1490977	1.6201204
2.1710653	1.6203082
2.1935854	1.6251101
2.204255	1.6278772
2.2156773	1.6339595
2.219668	1.636268
2.2223437	1.636371
2.2221215	1.6308771
2.221073	1.6289139
2.219124	1.6265826
2.218687	1.6280264
2.2162871	1.6284815
2.2167335	1.6302443
2.2127626	1.6321901
2.2059033	1.6332606
2.1973448	1.6334163
2.1844912	1.63211
2.166762	1.6284877
2.1478384	1.6283212
2.1245713	1.6248171
2.0972073	1.6220199
2.06827	1.6179572
2.0368543	1.6165242
1.9968008	1.6103326
1.9717051	1.6064392
1.935962	1.6011258
1.9036573	1.5936024
1.8739353	1.5908124
1.8474492	1.5845027
1.8287717	1.5815024
1.81221	1.5779876
1.8000982	1.5743378
1.7898308	1.575859
1.7874004	1.5763255
1.7833785	1.5762622
1.7818834	1.5782677
1.7801127	1.5786173
1.782658	1.5805327
1.7828656	1.5829898
1.7823462	1.5818026
1.7839056	1.5823761
1.7822506	1.5781587
1.7829014	1.5733483
1.7800939	1.5661327
1.7781813	1.5538143
1.7760366	1.5458288
1.7766933	1.5275222
1.777541	1.5151873
1.7763226	1.5007799
1.7776917	1.4730496
1.7794807	1.4590306
1.7801875	1.448835
1.7856432	1.4320817
1.7900733	1.4195604
1.7933438	1.4065983
1.7976075	1.399869
1.7972882	1.3894606
1.7996174	1.386267
1.8053713	1.3781594
1.8056586	1.375622
1.8060741	1.3691963
1.8090887	1.3650845
1.8085622	1.3634131
1.8084667	1.3595252
1.8138632	1.3624711
1.8153785	1.3608538
1.8139292	1.3611048
1.8174237	1.3617519
1.8176895	1.3649939
1.8215725	1.3651915
1.8268787	1.3744174
1.8400518	1.3752065
1.8571855	1.3854244
1.8694756	1.3960152
1.8902189	1.4124081
1.9135737	1.4280007
1.9358093	1.4500626
1.9609855	1.4588448
1.9801581	1.4837475
1.9978621	1.5038619
2.0151916	1.5283773
2.0443773	1.5443183
2.0614197	1.5670272
2.085476	1.5764406
2.1037428	1.6000726
2.1234965	1.6138409
2.1425085	1.6319051
2.1564808	1.6473045
2.173771	1.6557024
2.1834342	1.6630144
2.1961966	1.6761266
2.2047703	1.6834923
2.2050104	1.6892346
2.2078454	1.6910491
2.2062528	1.689363
2.2086143	1.6877476
2.207487	1.68752
2.206832	1.6864477
2.2047167	1.6864123
2.2040296	1.6859026
2.1979983	1.6855499
2.1839988	1.6824484
2.1754756	1.6774136
2.1580002	1.6689857
2.144287	1.6667898
2.1242356	1.662796
2.106209	1.6626722
2.0871668	1.665018
2.0659285	1.663874
2.0463421	1.6635411
2.0265326	1.66364
2.005891	1.6707195
1.9966344	1.6652638
1.9784237	1.6663321
1.9657869	1.6702545
1.9605871	1.6685315
1.9571184	1.6685926
1.9550587	1.6681846
1.95646	1.6701427
1.9560575	1.668275
1.958029	1.6702117
1.9644525	1.6661333
1.9716691	1.6627506
1.9792628	1.6545414
1.9963703	1.6444526
2.0086458	1.6366886
2.0299745	1.6242262
2.0417967	1.6168112
2.0652778	1.5897195
2.0791438	1.5742494
2.095381	1.549105
2.1124868	1.5218529
2.1275697	1.4943771
2.1388555	1.4657224
2.1501505	1.4509099
2.1545513	1.4336872
2.1557088	1.4248732
2.1581578	1.4157062
2.160239	1.4089565
2.1649873	1.3950107
2.1728876	1.3942025
2.1852856	1.3870164
2.1918285	1.3883696
2.19864	1.3894982
2.2002068	1.3895642
2.2012966	1.3889927
2.2014134	1.3885933
2.2017734	1.3899002
2.2004673	1.3922071
2.1993363	1.3957651
2.1970427	1.4003224
2.1949468	1.4013473
2.1874552	1.4094284
2.1822822	1.4125875
2.1694362	1.4232389
2.1596544	1.4257963
2.1430979	1.4358037
2.1287694	1.4451988
2.1044743	1.4616888
2.0812688	1.469014
2.0512078	1.4853581
2.0140576	1.4905579
1.9714524	1.5069641
1.9295561	1.5190692
1.8909334	1.5276701
1.8632467	1.535366
1.8337964	1.5412254
1.8161855	1.557992
1.7992712	1.5603261
1.7925354	1.5691473
1.7872155	1.5716194
1.7835925	1.5767708
1.7813439	1.5803257
1.7796655	1.5813836
1.7796493	1.582658
1.7795131	1.5840467
1.7771006	1.5833739
1.7791969	1.5855131
1.7794839	1.5852718
1.7840749	1.5828253
1.7893302	1.5805023
1.7967474	1.5782624
1.8049208	1.570649
1.8171966	1.5721912
1.8324313	1.5625685
1.847854	1.5578276
1.8705646	1.5435939
1.8946542	1.5387969
1.9183527	1.5264881
1.9525814	1.5211189
1.9843063	1.5076479
2.019833	1.4986078
2.054801	1.484666
2.0830393	1.4773874
2.1116495	1.4627109
2.129189	1.4552121
2.1505756	1.4426771
2.1628354	1.4371285
2.1763425	1.4265795
2.1877906	1.422008
2.1993914	1.4175495
2.2088327	1.4147239
2.214238	1.4119099
2.2151728	1.4102355
2.2178006	1.4078231
2.2188537	1.4069916
2.2188737	1.4054786
2.2184038	1.4048439
2.218523	1.4042784
2.2162857	1.4056469
2.2174325	1.4074289
2.2137592	1.4107337
2.208879	1.4143898
2.202206	1.4188148
2.1914043	1.4239575
2.1839912	1.4290456
2.1743815	1.4344074
2.1632845	1.447659
2.1487164	1.4556831
2.1293511	1.4709244
2.1117744	1.4760958
2.0871367	1.488434
2.059536	1.4953363
2.0250392	1.5114278
1.9937829	1.5194861
1.9597123	1.5325288
1.9242508	1.5378228
1.9021256	1.5440454
1.8764366	1.5468488
1.8492097	1.5541447
1.8292735	1.5571443
1.8125862	1.5662491
1.7983387	1.5729836
1.7872161	1.5818235
1.7830943	1.5822031
1.7787602	1.5837082
1.7762243	1.5824208
1.7730147	1.5856291
1.7720071	1.5880623
1.772654	1.5897212
1.7727056	1.5931087
1.7752205	1.5926663
1.77334	1.5918775
1.7746844	1.5933527
1.777579	1.5943491
1.7831095	1.596581
1.7905859	1.5998241
1.8010355	1.601926
1.8156465	1.6040076
1.8329439	1.6054735
1.8599628	1.6066799
1.8823986	1.605845
1.9123256	1.6132827
1.9446403	1.6074008
1.9805988	1.6117005
2.0184987	1.6057566
2.0544813	1.6024774
2.0877314	1.6029168
2.1163	1.6029025
2.1425111	1.6015577
2.163894	1.6063728
2.1771162	1.6080464
2.1906846	1.6146667
2.1963916	1.6183476
2.1982787	1.6167119
2.2003477	1.6191279
2.198489	1.6162897
2.1988063	1.6176112
2.1986356	1.6194786
2.196615	1.6203991
2.1981716	1.6205004
2.1969872	1.6185666
2.1987374	1.6115291
2.1962132	1.6088287
2.1974323	1.5946258
2.193128	1.5927118
2.1906126	1.5800792
2.1825578	1.5713922
2.1724591	1.5601965
2.1592183	1.5415461
2.1439931	1.5325769
2.1288028	1.5121378
2.107463	1.5004295
2.0951147	1.4873346
2.0777314	1.4759814
2.062991	1.4700373
2.0497375	1.4590822
2.0376456	1.4497784
2.0258136	1.4416972
2.017157	1.435091
2.009225	1.4314656
2.0051546	1.4254714
2.0057347	1.4218209
2.0050128	1.4213742
2.0095377	1.4206597
2.0126405	1.4226784
2.0116954	1.4216846
2.0087237	1.424426
2.004867	1.4232364
1.9924848	1.4240868
1.9851363	1.421188
1.9675118	1.4200222
1.952661	1.4188086
1.9369069	1.4150679
1.9198481	1.4088006
1.8944926	1.4096636
1.884566	1.3952665
1.8477972	1.3976967
1.8462402	1.385319
1.8317062	1.386465
1.8283391	1.3844671
1.8198192	1.3850992
1.8146263	1.3834552
1.8086116	1.3839724
1.805659	1.3822063
1.8034359	1.3810449
1.8009278	1.3806051
1.8018926	1.3780475
1.8016968	1.3774531
1.7993381	1.3774092
1.7978479	1.3766205
1.7938253	1.3768698
1.7995806	1.377751
1.7985195	1.378944
1.8036834	1.3799447
1.8065003	1.3826147
1.8260306	1.382494
1.8411446	1.3807635
1.8562329	1.385152
1.880067	1.389848
1.9005858	1.3949058
1.9296596	1.3954965
1.9594139	1.3979839
1.9845337	1.3971436
2.0090997	1.3970733
2.037632	1.3963786
2.0601606	1.3949883
2.0873058	1.3916776
2.0999284	1.391507
2.1261618	1.389889
2.141758	1.3893191
2.1561158	1.3867204
2.1680539	1.384808
2.1801143	1.38224
2.1876166	1.3827399
2.1902466	1.3826226
2.1943257	1.3825593
2.1951141	1.3817883
2.1968575	1.3804069
2.1964426	1.381056
2.1985247	1.3806258
2.1970434	1.3798524
2.196603	1.3790022
2.1960561	1.3784649
2.1939852	1.3775629
2.1926622	1.3776245
2.1903121	1.3786608
2.1881094	1.3793262
2.185261	1.3813651
2.1831954	1.3849214
2.1831768	1.3892713
2.1835032	1.3929869
2.189807	1.4029667
2.1989326	1.4105293
2.2052364	1.4243276
2.2100616	1.4443474
2.2180665	1.4532636
2.2143626	1.4839996
2.217546	1.4914668
2.2082703	1.5289962
2.2060592	1.5314329
2.2015827	1.5607324
2.1950414	1.5618596
2.1881666	1.5851017
2.1808562	1.5956095
2.1753638	1.6054008
2.1758213	1.6184776
2.1732028	1.6233494
2.1769369	1.6321269
2.1779199	1.6424497
2.1783817	1.6463617
2.183252	1.6535488
2.182447	1.6574368
2.1888669	1.6607208
2.1860526	1.660736
2.1838498	1.6629972
2.187401	1.6600858
2.1865492	1.6532744
2.1883502	1.6482109
2.188756	1.6344624
2.1850812	1.628185
2.1794136	1.6212345
2.1771889	1.6064031
2.1683512	1.5950048
2.1626363	1.5710576
2.1476035	1.5627393
2.1391258	1.5430446
2.1127586	1.5320419
2.092962	1.5086945
2.0692854	1.492567
2.048351	1.4695302
2.0342636	1.4543103
2.0153499	1.4438127
2.0085633	1.4345094
1.9970596	1.4243765
1.9968807	1.4228035
1.9965159	1.4134837
1.9947293	1.4144378
1.9973571	1.4137714
1.9941301	1.410369
1.9984152	1.4114177
1.9965202	1.4095522
1.9992346	1.4106596
1.9995869	1.4122614
2.0039601	1.4155685
2.0084047	1.4200557
2.0132442	1.4242367
2.01789	1.4318165
2.0212548	1.4359545
2.023776	1.4492629
2.0238008	1.4622458
2.0232317	1.4725459
2.0236852	1.486166
2.0177503	1.512407
2.0136442	1.5241829
2.0128675	1.559567
2.0026562	1.5694557
1.9932778	1.595717
1.9809368	1.6179655
1.9719334	1.6253815
1.9627734	1.6482663
1.9554486	1.657256
1.9474919	1.6689119
1.9492002	1.6734875
1.950193	1.6768713
1.9478658	1.6805364
1.9427724	1.68613
1.9385682	1.6900053
1.9368105	1.6891227
1.941983	1.6885256
1.9467348	1.6853628
1.9484288	1.6732337
1.9498299	1.6704328
1.9419163	1.6609899
1.9317513	1.6446652
1.921905	1.628046
1.908457	1.6033797
1.9037638	1.5834061
1.8948827	1.5643641
1.8870174	1.5392225
1.8772928	1.521826
1.856836	1.5002658
1.8437654	1.4754041
1.8306024	1.45968
1.8241894	1.4417626
1.8177038	1.4263611
1.8125646	1.4167029
1.8093004	1.4061557
1.8054367	1.40127
1.8051691	1.3965305
1.8033171	1.3913157
1.7981753	1.3909569
1.7992883	1.3871711
1.7973905	1.3873869
1.8005862	1.3837105
1.7975687	1.3834797
1.800949	1.3813412
1.798256	1.3804413
1.800765	1.3798616
1.8043783	1.380681
1.8097303	1.3824093
1.8159391	1.3858502
1.8277458	1.3922174
1.8367755	1.3982884
1.8499329	1.4050766
1.8653929	1.4168644
1.8770965	1.4285516
1.8860698	1.4447769
1.9026545	1.4570651
1.9147407	1.4684631
1.9204717	1.5010531
1.9317464	1.5084852
1.9324734	1.5572456
1.936788	1.5595388
1.9493136	1.6090645
1.9522582	1.6101139
1.9611607	1.6392006
1.9637611	1.6475173
1.9686942	1.6714664
1.9704269	1.6778655
1.9686534	1.6819149
1.965312	1.6904258
1.9651245	1.6939867
1.9639704	1.692802
1.9631463	1.6948408
1.9606531	1.6944866
1.9620781	1.6968311
1.9607605	1.6927416
1.959704	1.6907924
1.9590017	1.6871974
1.9545776	1.6813176
1.9491227	1.680835
1.9424274	1.6671706
1.9395338	1.6472616
1.93143	1.632485
1.9238089	1.6057668
1.9084058	1.5813429
1.8951226	1.5473529
1.8759362	1.5317589
1.8673468	1.4962337
1.8584967	1.4724499
1.850824	1.4527172
1.8408687	1.4298766
1.8309271	1.4201076
1.8252127	1.4026507
1.8160877	1.4020522
1.8129872	1.3890642
1.8086509	1.38136
1.8047045	1.3787739
1.8026718	1.3753372
1.8034017	1.3720378
1.8043298	1.3704274
1.8033488	1.3694413
1.8061112	1.3689102
1.8031027	1.3685054
1.8096712	1.3689748
1.8110973	1.3678701
1.8163503	1.3671312
1.8261089	1.3684475
1.8388884	1.3668267
1.8502383	1.3673956
1.8633366	1.3680079
1.8851817	1.3691647
1.9033515	1.370341
1.918881	1.3709216
1.9440329	1.3707131
1.9604023	1.3709108
1.9848661	1.37094
2.0048256	1.3707547
2.0273423	1.3701229
2.0445735	1.3693476
2.0697412	1.3683423
2.0932093	1.3675203
2.1150775	1.3672708
2.137156	1.3659662
2.1602232	1.3662151
2.1788776	1.3656973
2.1949203	1.3664522
2.2073832	1.3675807
2.215979	1.3690423
2.2191997	1.3694463
2.2208736	1.3690057
2.2202196	1.3685352
2.2196302	1.3688753
2.2186046	1.3682451
2.217724	1.3688501
2.2171652	1.369551
2.214114	1.3726227
2.2108595	1.3751861
2.207024	1.379999
2.2030244	1.3791558
2.1999066	1.3838587
2.1940198	1.388086
2.1877544	1.3996739
2.1816168	1.4082283
2.1766768	1.4253435
2.1692355	1.436433
2.1580338	1.4568403
2.1384346	1.4806908
2.112853	1.4956669
2.074675	1.512176
2.033439	1.5289134
1.9845622	1.5352874
1.936217	1.5457807
1.8970965	1.5550658
1.8658559	1.5605736
1.837027	1.5614606
1.8166016	1.5701804
1.8031315	1.5726234
1.7971562	1.5750561
1.7936674	1.5786437
1.7901067	1.5824836
1.7889447	1.5859596
1.7883183	1.5894327
1.7885212	1.5903943
1.7895297	1.5913299
1.7891351	1.5913811
1.7867094	1.590873
1.7903403	1.5902553
1.7892169	1.5843539
1.7875963	1.5787866
1.7902284	1.5676885
1.7944112	1.5564963
1.7967554	1.5461084
1.7977705	1.5373223
1.7955506	1.5167042
1.7975192	1.4979584
1.7968	1.4734663
1.7988396	1.4512451
1.8008696	1.4341451
1.7978929	1.4177518
1.8009323	1.4084194
1.8045993	1.3915193
1.8065753	1.3882896
1.8087797	1.3794765
1.8104374	1.3762559
1.8064702	1.3776882
1.8019445	1.3785311
1.8054849	1.3761268
1.8052553	1.372191
1.809631	1.3697894
1.8116243	1.3689045
1.8125519	1.3676784
1.8167015	1.3676875
1.8238567	1.3682911
1.8334364	1.3673822
1.8430351	1.366841
1.8538561	1.3683312
1.8669362	1.3684825
1.8787941	1.3707974
1.8967875	1.3703406
1.9118706	1.3722548
1.9300989	1.3726889
1.9426247	1.3728938
1.963393	1.3711506
1.9733727	1.3708304
1.9861276	1.3682104
1.9970855	1.3685162
2.000469	1.3673726
2.0112514	1.3686063
2.0111098	1.3681831
2.0147562	1.3685412
2.013088	1.3687291
2.0167363	1.3702329
2.0241122	1.3725089
2.0254219	1.3787874
2.0366812	1.3849156
2.0498312	1.3950756
2.0738232	1.4075725
2.1005185	1.4082624
2.1205664	1.4273248
2.1388412	1.4467293
2.1454442	1.4840814
2.1572926	1.5085257
2.1623282	1.5652933
2.1806219	1.5722867
2.1835613	1.6158756
2.18226	1.6355374
2.186458	1.651621
2.182064	1.6747525
2.1804569	1.6820683
2.1785603	1.6891639
2.1747584	1.6917892
2.1705432	1.6962026
2.1678665	1.6971642
2.1667426	1.6959931
2.169366	1.6926335
2.1656356	1.6940275
2.1683898	1.6891873
2.1669579	1.6847675
2.1664155	1.6727724
2.1632948	1.6584476
2.1569273	1.6453218
2.1468122	1.6301273
