1.0408584	1.1560926
1.011295	1.8160242
1.1840645	1.859246
1.3420126	2.0076597
1.286112	2.0269792
1.1471835	2.0306
1.1196517	2.02745
1.0476604	2.0216784
1.1339399	2.0151553
1.1631893	1.9971747
1.2408155	1.9926778
1.4900358	1.9816804
1.1803086	1.9987707
1.2560387	1.9974715
1.3124738	1.9966538
1.4261836	2.0009575
1.3271334	2.0038328
1.0521486	2.0010073
0.9624021	2.0002213
0.9425295	1.9998825
0.9556382	2.003567
0.9370354	2.00286
0.9672624	2.0016425
0.9812073	2.0079887
1.0241638	2.008735
1.0128813	2.00999
1.0128909	2.010362
1.0799438	2.0102565
1.1014546	2.0081265
1.0957873	2.0112143
1.1554315	2.0143902
1.3417249	2.0162275
1.6104249	2.015699
1.2896074	2.0108678
1.134071	2.0053828
1.6693008	1.9985877
1.9527546	2.0116131
2.020323	2.0202098
2.1266642	2.0277178
2.2107944	2.0252964
2.2509913	1.9946927
2.3924868	1.5216957
2.4935498	1.3683434
2.7547731	1.2844117
2.9456697	1.1127332
3.0603173	1.0437375
3.223369	1.0652617
3.1667438	1.0059482
3.0445137	1.0184776
3.0413892	1.0175734
3.1433012	1.0004091
3.0735533	1.0132234
3.0173979	1.0130969
2.9856036	1.0052825
3.0139635	1.0090691
2.9697416	1.0017525
2.8374875	0.9897421
2.841047	0.98978543
2.8338501	0.9888127
2.8225124	0.9879031
2.874854	0.99205023
2.922224	0.9956266
2.6206622	0.979055
2.506242	1.0056797
2.6925519	1.3817428
2.4571128	1.5259067
2.3190167	1.7782573
2.1954544	1.735759
2.0234947	1.9137876
2.0697234	1.9863548
2.0180478	2.0003731
1.9402126	2.001559
1.9496667	2.0001676
2.0437884	1.9951867
2.0203712	1.9959177
1.9758291	1.9986033
1.9667506	1.9988813
2.010585	1.9976243
2.0525203	2.0018084
2.1151433	1.9996969
1.966042	1.9993534
1.9683127	2.000634
2.0690875	1.9979166
1.9006989	2.0017712
1.8896147	2.0021698
1.8524907	2.0033674
1.9301735	2.0013654
1.872762	2.0020764
1.6426357	2.0063276
1.4647235	2.008366
1.3274665	2.0102913
1.1570326	2.0095174
1.0315251	2.0038338
1.0297201	2.001007
0.9830143	1.9997295
0.91350937	1.995399
0.89939195	1.995199
0.8729322	1.9927137
0.8754411	1.9642533
0.892096	1.9221488
0.9056986	1.974509
0.93963647	2.0023708
0.9387146	2.0028574
0.94572556	2.0024726
0.97522116	2.0039139
1.0276864	2.0084174
1.0534021	2.0107296
1.0157535	2.0098069
0.98294055	2.005902
0.9814978	2.0073256
1.0436293	2.009188
1.2279353	2.0096185
1.4618306	2.006206
1.7477058	2.0004902
1.9410915	2.0021105
2.0156934	2.0064692
2.086611	2.0141232
2.1796885	2.0271711
2.2362583	2.0274088
2.3081589	2.0210648
2.4287853	2.0318427
2.5838273	2.0336432
2.7576697	2.0298715
2.8956351	2.0275311
2.9550745	2.0250878
3.0270572	2.0218604
3.0429966	2.0270965
3.0723538	2.02688
3.0831342	2.0261059
3.0639117	2.0226812
3.058198	2.0195608
3.048234	2.0172052
3.024271	2.0135047
2.985444	2.0080535
2.9839063	2.0084295
2.9481294	2.00477
2.9855127	2.008555
2.9968946	2.009755
2.9628801	2.004697
2.885683	2.0001147
2.5675693	1.9948189
2.3862956	1.9979041
2.3294609	1.9976685
2.096661	2.0020695
1.9681798	2.0048614
1.8857859	2.0062509
1.8256106	2.0074816
1.7919655	2.007752
1.6890253	2.0076573
1.5762728	2.0063791
1.429843	2.0068982
1.2137716	2.0088868
1.0361956	2.007609
0.9123641	2.0026326
0.8556656	1.9976594
0.8604862	1.9919715
0.9019865	1.9568741
0.9245097	1.8175883
0.89502275	1.8813462
0.8746011	1.9626622
0.8912473	1.9942178
0.899555	1.9988304
0.89603823	1.9985328
0.9251629	2.001875
0.95206344	2.0044348
0.9172814	2.0008988
0.93870217	2.003927
1.0116345	2.0079138
1.021839	2.0104082
1.169174	2.0125992
1.6378458	1.9986544
1.9184744	1.9999377
1.9790009	2.0042872
2.033859	2.0083005
2.057268	2.0091205
2.128658	2.0133953
2.1972466	2.0201375
2.2214031	2.014802
2.2261298	2.0072238
2.1126928	1.9965026
1.887782	1.9911625
1.753787	1.9926585
1.8236148	1.9927361
1.9122045	1.9915168
1.7109358	1.9950597
1.6746334	1.9964907
1.7451864	1.9953043
1.7681516	1.9952087
1.6146972	1.9972932
2.576456	2.0266461
2.5847676	1.926259
1.3186624	2.0093546
1.2122935	1.9978018
1.6723341	1.14069
1.8093549	1.1518677
1.746866	1.0552077
2.1176836	1.0616336
2.0374494	1.0263083
2.0484123	1.0198836
2.0050707	1.0162222
2.0299656	1.0141411
1.9071105	1.0115153
1.8221544	1.0137552
1.9715395	1.0124582
2.0036364	1.0115739
1.9164743	1.0115316
1.7578738	1.0129642
1.9334227	1.014058
1.9881266	1.0138943
2.0297172	1.0123148
2.0749695	1.0119022
2.1112115	1.011262
2.2262695	1.0094453
2.101714	1.0095649
1.8320798	1.003046
1.7627451	1.0015184
1.4824469	0.9964618
1.2766296	0.9999783
1.1798878	0.98287153
1.007401	0.98017365
0.9723393	0.9842898
0.91623014	0.9824477
0.95647866	0.9983541
0.9811595	1.0114733
0.9581958	1.0044066
0.9730664	0.9891
1.0330802	0.9795072
1.0734298	0.9848526
1.1329433	0.99422526
1.1470519	0.9919609
1.080104	0.9948191
1.061765	0.9959935
1.0881538	0.99894756
1.1026301	0.99214983
1.0801424	0.9917633
0.98979354	1.104643
0.87094384	1.2429229
0.9666481	2.0221868
0.9928746	2.0353255
0.9281703	2.0322974
0.85005397	2.027876
0.8664189	2.0256395
0.8758708	2.0166426
0.8653922	2.012628
0.86052495	2.0020425
0.91363525	1.9964125
1.09829	1.9803127
1.237835	1.9797468
1.237451	1.9846759
1.1121176	2.000416
1.0084473	1.9980867
1.1036246	2.0012338
1.2067338	2.0056148
1.0576717	2.004987
1.0639361	2.0065072
1.1952678	2.0154266
1.3310244	2.0153782
1.4918783	2.0105863
1.3968973	2.002355
1.6440104	1.9975873
1.964191	2.0059905
1.987418	2.0054896
2.0787587	2.0107737
2.095417	2.0097373
2.145779	2.0122693
2.1803398	2.0139167
2.1961906	2.009768
2.2942982	2.0187273
2.031326	1.9973928
1.9371606	1.9945989
2.222169	2.0010436
2.0319798	1.9969542
1.7353159	1.9999564
1.8852893	1.9971315
2.0948029	1.9970188
1.880713	1.9999149
1.7984188	2.0009909
1.4541262	2.0058994
1.3817592	2.0068612
1.3447447	2.0050554
1.1878616	2.0064933
1.07813	2.004545
1.0174906	2.0015228
0.9638769	2.0000222
0.8902124	1.9964505
0.9066149	1.9856077
0.8629685	1.9826704
0.84685636	1.9463729
0.8701979	1.8655882
0.82623184	1.9024073
0.8012481	1.893062
0.80249065	1.8512834
0.810969	1.9215271
0.85812306	1.9923815
0.89056396	1.9954767
0.86353016	1.9933591
0.8804477	1.9959387
0.9022689	1.998057
0.94109344	2.0019395
1.0530248	2.0070777
1.270343	2.0034804
1.4090607	1.9960735
1.7666163	1.9930203
1.9397969	2.0006676
2.0155995	2.0070686
2.057692	2.0103161
2.081869	2.0099013
2.1099346	2.0101893
2.135053	2.0094483
2.1468205	2.0070841
2.2211354	2.0123699
2.3003042	2.0180702
2.250649	2.0050151
2.247711	2.0006542
2.2180223	1.9971869
2.1945882	1.9946307
2.2087815	1.9947957
2.1064627	1.9943433
2.0813181	1.9940444
2.0550482	1.9937669
2.163864	1.9936337
2.0541692	1.9957864
2.137766	1.9946364
2.3169734	1.998708
1.6455742	2.0096352
1.448916	2.013606
1.3676584	1.9961133
1.3323096	1.6660932
1.2719437	1.5704806
1.3887246	1.1533769
1.2661556	1.1280878
1.0886457	1.0401757
1.1780566	1.0395063
1.0526528	0.9932663
1.0449235	1.0137571
0.9975153	1.0142453
0.9952805	1.0181612
0.96679467	1.0153173
0.9753926	1.0076101
1.1079725	1.0215758
1.2812892	1.0136362
1.3608698	1.0136204
1.2627788	1.0090773
1.2552397	1.0061488
1.2896508	1.0063642
1.2039479	1.008298
1.1160872	1.0029066
1.2133787	1.0046827
1.1742151	1.0067502
1.2840164	1.0190147
1.5812838	1.0137931
1.7164112	1.0080401
2.0974817	0.98900926
2.2262726	0.9776342
2.2991085	0.9684737
2.3990672	0.9629864
2.500815	0.96533626
2.6334972	0.9648812
2.671069	0.9753692
2.877333	0.97065645
3.0626562	0.96466774
2.9789007	0.982282
2.9935818	0.98965746
3.056403	0.98865557
3.0502636	0.99317354
3.0341878	0.9980167
3.0392609	0.9993994
3.0268247	0.9975057
2.9683075	0.9939539
2.9549553	0.9937677
2.9817152	0.995289
2.946494	0.99492663
2.8229346	0.9855921
2.8020728	0.9846924
2.7343333	0.980254
2.3381786	0.9698091
2.1884427	0.98126155
2.2461705	0.9685587
1.8925166	0.99499524
1.758032	0.98903316
1.7150519	0.98385686
1.4782628	0.98430437
1.4601835	0.97994024
1.3828381	0.9827187
1.3658197	0.98650426
1.3368535	0.9885216
1.3948842	1.001942
1.589284	1.0361806
1.7111402	1.1032139
1.7886521	1.0357629
1.8317559	1.009513
1.8898385	1.0125244
1.7632055	1.0137668
1.910511	1.0207201
1.7613374	1.0501353
1.6811506	1.3001792
2.0192468	1.9992558
2.0548983	1.9994667
1.8837303	1.9991484
2.1430922	1.9883213
2.1268888	1.9885594
1.8669364	1.9907904
1.9259194	1.9867696
1.9357146	1.9875251
2.064893	1.9863006
2.1241143	1.9850056
2.0993946	1.9872434
2.0295968	1.9909164
1.9151964	1.9977248
2.1890204	1.9921992
2.7811794	2.0134306
2.5637116	1.9941437
2.393076	1.9915446
2.1143155	1.9965819
1.864501	2.001981
1.7459928	2.005686
1.797377	2.0032809
2.2205215	1.9926296
2.1497605	1.9950435
1.857804	2.0016835
2.3037002	1.9932758
2.6523273	2.010553
2.7767258	2.0198174
2.7247462	2.007793
2.821857	2.0133579
2.8955395	2.0246434
2.9371111	2.0241349
2.9831874	2.0290365
2.964815	2.021037
2.9762473	2.019656
3.0174954	2.025457
3.01185	2.0220513
2.9624236	2.011074
3.0100694	2.0180323
3.0237126	2.0200324
2.9280798	2.0056975
2.874026	2.000391
2.8789558	2.0015273
2.9744995	2.0108354
2.9099293	2.0041585
2.6490138	1.9954426
2.7177022	1.9953815
2.934619	2.0056145
2.6858256	1.9934762
2.385032	1.9976078
2.2957346	1.9994802
2.2094803	2.001796
2.163663	2.0021195
1.9226873	2.005973
1.9746958	2.0057967
2.0964246	2.0029368
1.9101928	2.0068624
1.8354074	2.007622
1.831854	2.0073028
1.9096819	2.0050874
1.7948567	2.0067492
1.9319456	2.0012918
2.005952	1.997493
1.7550542	2.005566
1.7819221	2.003862
1.982135	1.9978716
1.9539126	1.9988323
1.852631	2.0014615
1.9215533	1.9987776
1.9151227	1.9993936
1.8827013	2.0028875
2.0565467	2.0006807
2.0376582	1.9989284
2.1613076	1.9988809
2.3996115	2.0002131
2.6105962	1.9788619
2.6812098	1.9612652
2.4974475	1.901693
2.7089608	1.5357914
2.8786747	1.1229235
2.9244275	1.1972537
3.1114063	1.0481609
3.1104462	1.0275184
2.9861128	1.0197088
3.0426927	1.0164453
3.0502603	1.0166751
2.9995239	1.0188715
2.9184003	1.0032395
2.9672387	1.0078739
2.9711826	1.0061872
2.938849	0.99914217
2.9304898	0.99650395
2.930015	0.99537367
2.9310238	0.9940458
2.9403033	0.99449337
2.8699796	0.9877231
2.7649953	0.9807589
2.7980247	0.98322505
2.7964778	0.9832915
2.7003381	0.97879595
2.678308	0.97803295
2.4815052	0.9709168
2.3330815	0.96819854
2.083678	0.9690902
1.9783174	0.9717731
1.9195542	0.9725241
1.8237113	0.9760884
1.769644	0.97620857
1.6817448	0.97895634
1.6094246	0.9829499
1.4540628	0.9837703
1.2290833	1.0065042
1.0907166	0.99274915
1.0185786	0.98499405
0.93595654	0.98060614
0.8587829	0.970722
0.86762965	0.9669724
0.89751154	0.981276
0.9143389	0.9844991
0.9290395	0.99333686
0.9439684	0.99924463
0.9700578	0.9932151
0.99105215	0.9754611
1.042877	0.98925436
1.071337	0.99279785
1.0660992	0.9843293
1.0745498	0.98482275
1.0279405	0.98124593
1.047217	0.98570013
1.2052642	0.99673814
1.3265039	1.0047406
1.588966	1.0283709
1.8545252	1.0677254
1.9544922	1.0424328
2.0593646	1.0340177
2.163901	1.0402144
2.2407854	1.036282
2.4001245	0.993634
2.6064916	0.9681344
2.6832645	0.9896672
2.8062608	0.9908078
2.9963183	0.97922033
3.0385387	0.97761065
3.0587852	0.98251504
3.035234	0.99121743
3.0401816	0.99659747
3.0687025	0.9966418
3.0497518	1.0033245
3.0088873	1.0028085
2.9702044	0.9977523
2.9858809	0.9993102
2.9698334	0.99747527
2.8692021	0.9874772
2.8600452	0.98551255
2.9043899	0.9902515
2.8438263	0.98525983
2.8547153	0.98712623
2.7934954	0.9842589
2.8104796	0.98664314
2.9050033	1.0038209
2.9678354	1.0474262
2.9732192	1.874222
2.887774	1.8305221
2.9733624	1.6875305
3.0422864	1.9959146
3.0208614	1.9950927
3.0016546	1.9854488
2.9737003	1.9982796
2.9054136	1.9922105
2.89431	1.9936295
2.856959	1.993989
2.9864342	2.0039527
2.9881837	2.0055902
2.794677	1.9934237
2.8892577	1.9975779
2.9663734	2.0045512
2.8696022	1.9947872
2.9523685	2.002909
2.9963987	2.0090125
2.8187735	1.9961971
2.7907865	1.9954617
2.955234	2.0052035
2.88927	2.0004168
2.8627234	1.9993478
2.9132798	2.002822
2.8450747	1.9991379
2.3773541	1.9992101
2.0244715	2.0064836
2.0211685	2.0011053
1.9274101	1.9608704
1.7962167	1.6246929
1.6487298	1.1561356
1.5251386	1.5135419
1.4242072	1.1057774
1.6383827	1.0189109
1.60146	1.0187402
1.3418964	1.0162436
1.25312	1.0116795
1.1256015	1.0030054
1.086271	1.0047883
1.0601361	1.0092021
1.0249212	1.010019
1.031539	1.0169346
0.9876825	1.010798
0.9841075	1.0074607
0.98422366	1.015945
0.9794547	1.0175532
1.0331292	1.0224231
1.0820712	1.0230424
1.1204582	1.0179334
1.103812	1.0141097
1.0999756	1.0154229
1.174715	1.0158538
1.1724206	1.0153317
1.0937831	1.0147905
1.172358	1.0170579
1.5853275	1.0117106
1.7285244	1.0095279
1.8953749	1.0142047
1.9719578	1.0100192
2.035835	1.0083469
2.1010876	0.9972341
2.0437548	0.99288034
2.1176717	0.99148387
2.203651	0.9941771
2.2612326	0.9875979
2.1666749	0.99635935
2.0740004	1.0094235
2.2626386	1.0043771
2.2918503	1.0031027
2.2389505	1.009103
2.178344	1.0097532
2.1192153	1.0089618
1.9980438	1.007136
2.0326743	1.0067227
2.0366979	1.0075433
1.8160677	1.0026397
1.7396353	0.9986804
1.7042958	0.9989298
1.5630401	1.1449876
1.4525357	1.247673
1.318435	1.1740236
1.2560052	1.1279267
1.184997	2.000962
1.1877947	2.010913
1.1550378	2.013441
1.1197927	2.0058446
1.0854927	2.0025282
1.038705	2.0028715
0.9505436	2.0045702
0.9048408	2.007814
0.9336935	2.0077798
0.9886852	2.0030851
1.006581	2.0009696
0.96520424	2.000488
0.93743086	1.9992932
0.8737392	1.9969618
0.86217135	1.9955679
0.93822616	1.9387976
0.95179695	1.9831773
0.9981106	2.0059125
0.99994797	2.0048535
1.0175604	2.0065362
1.0978805	2.009683
1.2074146	2.0052092
1.2614552	1.9956106
1.2221218	2.0083365
1.522415	2.0039413
1.7191681	2.001364
1.9523295	1.990875
1.9935565	1.9955094
2.0002134	1.9858897
2.1019297	1.9548273
2.2279308	1.6610703
2.3064065	1.439652
2.419657	1.130004
2.63849	1.1240233
2.8504825	1.025463
2.989845	1.015556
3.079289	1.0001394
3.072979	0.99767506
3.0604043	1.0036075
3.003506	1.0124505
3.027228	1.0131532
3.029485	1.009354
3.0071194	1.005711
2.9997509	1.0026103
2.9925497	1.0006632
2.9791446	0.998062
2.9319503	0.9924221
2.9150681	0.99051523
2.9636323	0.99558806
2.9396393	0.9925376
2.9182339	0.9905856
2.7686408	0.9814299
2.4816058	0.9706122
2.3544168	0.97303826
2.3545506	1.0846899
2.1597712	1.0031067
2.1215513	1.1231201
2.1180663	1.6188658
1.9166317	1.9605278
1.8384515	1.9836417
1.8006457	1.9864244
1.6795571	1.9831061
1.6032175	1.9849285
1.5169523	1.9811621
1.3668576	1.9492793
1.2066444	1.9145099
1.0912182	1.9319687
0.9915142	1.9695467
0.8533409	1.9880881
0.8138303	1.9989964
0.82165414	2.0030465
0.80859834	1.9997942
0.7944806	1.9920677
0.77146345	1.9819664
0.7993235	1.9839618
0.8821474	1.9934318
0.8967619	1.9936068
0.89105976	1.9932183
0.92759436	1.9947584
0.9397181	1.9947912
0.9495493	1.9955635
1.0099353	1.9972458
0.98265624	1.9945983
1.0378625	1.9929253
1.2249495	1.9939095
1.4458418	1.9870303
1.7932135	1.9760418
1.811698	1.9738175
1.7823905	1.9749838
1.9171668	1.9122612
2.0152068	1.784734
2.1042078	1.4159645
2.1263988	1.371238
2.185351	1.3236103
2.379147	1.1301124
2.553338	1.0145631
2.6594093	1.0034728
2.796597	0.99694943
2.9601476	0.9942676
2.9160125	0.99851424
2.9357903	1.0002773
3.00668	1.0005808
3.025172	1.0039207
3.0165951	1.0076251
3.0200698	1.0093508
3.0234995	1.0077267
3.0187542	1.0051923
3.0013144	1.0004307
2.995857	0.9994499
3.0051918	1.000258
3.0053744	1.0003693
2.9755735	0.99559796
2.959006	0.99218506
2.8927386	0.98602635
2.9318314	0.990877
2.9700692	0.99452764
2.8969054	0.98713136
2.769827	0.9783779
2.6061893	0.9713607
2.3749566	0.96762705
2.1661322	0.9665618
2.01439	0.9701102
1.861883	1.0109326
1.8241953	1.04643
1.7079389	0.982541
1.5872954	1.0300282
1.4165014	1.0102723
1.2306273	1.0267884
1.0830374	1.1499068
0.959704	1.002933
0.90008837	0.98465896
0.8526393	0.97545445
0.8754946	0.9677166
0.90815884	0.96766883
0.9290839	0.9824191
0.9449683	0.98853785
0.9798497	0.974174
1.0107577	0.9774043
1.0778314	0.99688405
1.1006929	1.0057158
1.0633079	0.9834979
1.1334723	0.9912401
1.0981113	0.98732793
1.0775985	0.9864812
1.0841417	1.0166453
1.1176018	1.0629358
1.0717742	1.5688887
1.1063075	1.5063763
1.1533343	1.7028867
1.3320049	1.911391
1.58436	1.9578398
1.6550956	1.9991875
1.7494857	1.9910821
1.7543867	1.9955167
1.8879722	1.9861672
1.844076	1.9926912
1.8261784	1.9990193
2.123685	1.9836578
2.1339912	1.9922307
2.086007	1.99339
2.1987493	1.9906832
2.2939346	1.9897904
2.4287515	1.990334
2.2955654	1.9905727
2.043925	1.9949872
2.0769258	1.9979818
1.8889796	2.0051818
1.7312603	2.0090902
1.8598934	2.006337
2.010758	2.0002983
2.1575716	1.9956162
2.4943783	1.9916538
2.5303106	1.9932129
2.7564967	1.99814
2.8742926	2.0007427
2.8712502	2.0049572
2.9300964	2.0097408
2.993702	2.012497
2.972911	2.0143895
3.0796144	2.011702
3.0623827	2.024083
3.0187705	2.0145705
3.043079	2.0202525
3.0205767	2.0147521
3.0515215	2.0175383
3.0519788	2.0136569
3.0413153	2.0128953
3.0285842	2.0114367
3.039283	2.0104322
3.0017474	2.0091438
2.947511	2.003492
2.9914808	2.005678
3.0417747	2.0125148
3.0662906	2.0120854
2.9593248	2.0007274
2.9104674	1.9955704
2.992901	2.0039072
2.9653172	1.9814315
2.3265665	1.9961655
2.1068206	2.0009446
2.1014266	2.0036342
1.910686	2.0085514
1.8586918	2.0097208
1.7970833	2.0093749
1.7037959	2.0054545
1.6834462	2.0064442
1.6353964	2.0062869
1.4811084	2.0017495
1.342717	1.9973545
1.1848683	2.0003498
1.0806519	2.0048623
0.9540304	1.9987909
0.9051873	1.9941111
0.9410476	1.9999789
0.9187522	1.999299
0.88256747	1.9967252
0.8959879	1.9964646
0.9770688	2.0051699
0.9875807	2.0067594
0.9885145	2.0078144
1.0006058	2.0055058
1.0395148	2.0096138
1.0222881	2.0098138
1.0348239	2.008611
1.0619223	2.0075572
1.048225	2.0081754
1.0819016	2.006997
1.1109163	2.0081744
1.1700146	2.012042
1.2112718	2.0106258
1.2873131	2.0107682
1.4123653	2.0158682
1.4316031	2.0176835
1.4542742	2.0164225
1.2417408	1.8929012
1.0557501	1.4268713
1.0696945	1.157471
1.0923822	1.0565271
0.97952217	1.0038539
1.0145154	0.98255527
1.0297765	0.9791777
1.1892767	0.99641085
1.3306592	1.0002621
1.1037703	0.99081403
1.2343949	1.0007457
1.3250611	1.0047269
1.3833519	1.0090244
1.4285752	1.0086442
1.2058144	1.0087432
1.1803173	1.0001975
1.1024531	0.998771
1.0705429	1.0118892
1.1207322	1.0083603
1.0925883	1.0098636
1.0976534	1.0131675
1.038337	1.0083356
1.0984663	1.0064106
1.2947558	1.0123817
1.1474751	1.0071143
1.185473	0.9998769
1.1722301	0.9949142
1.1004397	1.055631
1.2967861	1.1486462
1.4663548	1.068702
1.3815621	1.2723688
1.4982123	1.7439816
1.6230086	1.999078
1.6971431	1.9952091
1.6194019	2.0057952
1.9132954	1.9815792
2.0278838	1.96915
2.0653179	1.9797796
2.0856128	1.9841589
1.9971007	1.9902226
2.3822598	1.9844964
2.4138935	1.9859136
2.4391944	1.9844772
2.3364992	1.989015
1.9889016	1.9950217
2.0645466	1.9961315
2.0848403	2.001496
2.1075528	1.9974482
2.0221968	2.0012877
2.0110836	2.002088
2.0635402	2.0001056
2.070005	2.0020664
2.0024254	2.0044646
1.8640723	2.00548
1.8257519	1.9918882
1.7473222	1.9676337
1.6861489	1.9916735
1.7860718	1.4180266
1.9660662	1.0451312
1.8110837	1.0971413
1.689533	1.0448877
2.0055153	1.0162631
2.015429	1.0138785
1.8238331	1.0166128
1.8524766	1.0132878
1.9825952	1.0131083
2.104665	1.010824
2.1201432	1.0112591
2.1150925	1.0098557
2.2079403	1.0078076
2.3013067	1.007559
2.2120357	1.0069633
1.9544139	1.0047244
2.0128832	1.0063288
2.196744	1.007378
2.302633	1.0068164
2.332498	1.006538
2.164686	1.0056792
1.9473968	1.0024475
1.8970053	1.0046163
1.846525	0.9989748
2.097872	1.0056027
2.4636402	1.0145559
2.7908258	1.1275345
2.900186	1.8899324
2.9071288	1.9611795
2.9191408	1.9703741
2.9011633	1.9756738
2.8995783	1.9786247
3.0455647	1.9846264
3.0662246	1.9922986
3.0758197	2.0017407
3.058605	2.0070286
3.0289073	2.0048735
3.0384362	2.0095747
3.034383	2.0105217
3.037655	2.011526
2.9823356	2.005119
2.9792442	2.0055733
3.0517762	2.008784
3.0323725	2.0075934
2.9964259	2.0008247
2.9655302	2.0028794
2.9878585	2.003662
2.9663231	2.0031536
3.0026743	2.0071747
3.0110052	2.008272
2.9053063	1.9987173
2.8408868	1.9959038
2.6948783	1.9889843
2.3725066	1.9662758
2.3161938	1.9609451
2.1531484	1.9829701
1.9460871	1.9420967
2.0365882	1.6525688
2.133475	1.0875171
1.9259672	1.3127676
1.8474782	1.427115
2.019299	0.9962477
1.901637	0.9986315
2.3117907	0.9942072
2.3577132	0.99501044
2.14915	0.9949648
2.0850952	0.997012
1.8238674	1.0019464
1.9216019	1.0034783
1.9398617	1.0062356
1.8680748	1.0086216
1.905431	1.0110974
2.0676057	1.0117117
2.0400255	1.0114647
1.9917611	1.0119566
2.0388825	1.0120823
2.0812933	1.011622
2.0264869	1.011814
2.0340502	1.0113035
2.0648842	1.0112672
1.972804	1.0094535
2.0617702	1.0097555
2.209973	1.0097923
2.3062782	1.007623
2.6499074	1.2707329
2.6442401	1.2109829
2.7614868	1.8733755
2.848922	1.971158
2.912262	1.9714781
3.0193195	1.9643825
3.017353	1.9826709
2.9380565	1.977672
2.949931	1.9882057
2.9782753	1.9941905
3.0239074	2.0053382
3.015693	2.00726
3.0569944	2.0148423
3.040435	2.015207
3.0019004	2.0057206
3.0504184	2.0166368
3.0475137	2.0160854
3.001516	2.0095527
2.9623966	2.0052676
2.9787714	2.007632
2.964081	2.0060532
3.013178	2.0120242
2.9043128	2.0017343
2.8627455	1.9982505
2.9221728	2.0019333
2.5811927	1.9945045
2.2760098	1.9980932
2.3046086	1.9957823
2.2721646	1.9969903
2.0254893	2.0031865
1.9723748	2.0048478
2.014401	2.004091
1.9201455	2.0059595
1.8935163	2.0062487
1.7943957	2.0081024
1.671381	2.0094254
1.5515058	2.010672
1.4368966	2.0112119
1.2289909	2.0114584
1.0819355	2.0099382
0.9969338	2.0051353
0.95072716	2.0010407
0.89732665	1.996106
0.879721	1.9936779
0.8772289	1.9875942
0.89738554	1.9244114
0.9146412	1.8182023
0.8998432	1.8888493
0.8706061	1.978993
0.8827323	1.9953042
0.91132504	1.9991902
0.92172396	2.0014918
0.92299515	2.0019784
0.9186931	2.000362
0.97971684	2.0050616
1.0996741	2.0078156
1.2449216	2.0064101
1.1982105	2.012621
1.1486751	2.0099177
1.3863583	2.0140245
1.8063258	2.0154662
1.9298722	2.0020561
1.8982003	1.8463563
1.8771985	1.8051057
1.9309096	1.4343687
2.0323815	1.2050036
2.1312475	1.0957856
2.2503123	1.0069072
2.3945107	0.9765738
2.6776218	0.975708
2.9046009	0.98240185
3.0275574	0.986599
2.9819808	0.994307
3.053494	0.9944567
3.0218344	1.0038115
3.0265393	1.007738
3.0222697	1.0049499
2.9761338	0.9998452
2.9743686	0.9987711
2.965873	0.9967854
2.9461434	0.9933791
2.900125	0.9884478
2.7979295	0.98118305
2.8641346	0.9864364
2.9487844	0.993525
2.768333	0.9796828
2.6846962	0.9771378
2.9037726	0.99029636
2.7562056	1.0119259
2.6708775	1.716323
2.5906017	1.5317118
2.6316617	1.153944
2.897589	1.8743834
2.9823987	1.9878724
2.9975321	1.9919906
2.9419634	1.9864814
2.8973224	1.9870613
3.021973	2.0034957
2.997754	2.003355
2.8673131	1.9899073
2.899394	1.9952903
2.8528044	1.9941268
2.772341	1.9894755
2.9877875	2.0084565
3.0619266	1.999846
3.0006692	2.008604
2.9598138	2.0041382
2.881456	1.9978328
2.812025	1.9955457
2.9417756	2.0038764
2.9156928	2.0020113
2.704775	1.9944795
2.46659	1.9943075
2.3725252	1.9945905
2.2831063	1.9974742
2.20636	1.999271
2.1721818	2.0003858
2.0703409	2.0022743
2.000858	2.0042307
1.9765258	2.0054767
1.9722645	2.0049524
1.8833568	2.0062485
1.8668805	2.0061712
1.8265898	2.005713
1.7564253	2.0069182
1.7892213	2.0041063
1.6583222	2.006552
1.6706362	2.0054662
1.7600995	1.9994112
1.9332631	1.9947351
1.859516	1.996072
1.6066296	2.004646
1.7791446	2.0009408
1.7959949	2.0012555
1.7308167	2.0034783
1.3699607	1.7463177
1.0544705	1.9852332
0.962478	1.8069475
1.1337625	1.1233742
1.1914734	1.0804069
1.1906259	1.043242
1.1290487	1.0189756
0.98801816	1.0127004
0.9954685	1.0173606
1.1065106	1.026876
1.0444249	1.0199991
1.1380578	1.0292858
1.2115083	1.0292712
1.18711	1.024987
1.250151	1.0233854
1.3650445	1.0231481
1.4027691	1.0228094
1.3495594	1.020999
1.2479961	1.0170264
1.3180476	1.0200546
1.2966132	1.0200019
1.2790174	1.0184937
1.3583525	1.0090925
1.4635707	1.039474
1.669593	1.0879205
1.8246859	1.1482329
1.8155992	1.7009822
1.9164052	1.9661192
1.759179	2.0032606
1.4236647	2.0228348
1.7324046	2.0063617
1.697674	2.0066853
1.9757547	1.9927877
2.3132672	1.9669601
2.3897312	1.978684
2.2748697	1.9812299
2.2891948	1.9835167
2.450059	1.9874029
2.1205006	1.9938796
1.9340026	2.000895
1.8890097	2.0058234
1.8575193	2.0048585
2.214905	1.9955752
2.1981845	1.9976063
1.7754003	2.0091283
1.8334831	2.008603
1.9623464	2.000843
1.9006773	1.9242117
1.9375278	1.8444906
1.6654187	1.9327822
1.5380617	1.6542763
