1.6847858	1.3678056
1.8141888	1.268299
1.714483	1.3296016
1.7815714	1.388574
1.9471568	1.3678839
2.0266936	1.3911086
1.7888759	1.4899852
1.7804394	1.5559609
1.6160178	1.9220709
1.43714	2.0725086
1.6316502	2.048991
1.6145419	2.1053827
1.4179833	2.1289172
1.1048348	2.1043684
1.0359416	2.1090176
0.98858374	2.1559048
1.1497483	2.039343
1.355424	1.9525377
1.6147689	1.9721916
1.9305793	1.9374121
1.5381556	1.9321843
1.637088	1.9103252
1.6277258	1.8564751
1.6757151	1.7380196
1.5645134	1.7316426
1.1837312	2.01539
1.0583223	2.1444788
1.0455649	2.0829258
1.0871603	2.0075696
1.0911111	1.9690922
1.1914532	1.8259373
1.2256948	1.8546946
1.295544	1.841511
1.3187002	1.7858883
1.3355032	1.7586696
1.4408883	1.7469246
1.4611636	1.7683812
1.4692414	1.7289935
1.6112236	1.6273264
1.969935	1.4432266
2.4585392	1.1259042
1.9506143	1.2634284
1.45463	1.7469369
2.1649685	1.6418629
2.6400924	1.4298059
2.7763402	1.2295147
2.944486	1.0423174
3.0598476	1.0111084
3.067873	1.0191324
2.783276	0.9817694
2.919877	0.98019415
3.0784798	1.2041197
3.1394103	1.0302761
3.1023192	1.0356468
3.2959535	1.2793834
3.2944045	1.1004592
3.240938	1.0011511
3.1689296	1.0872627
3.1874647	1.2946653
3.1704345	1.0635118
3.0437508	1.0262765
2.927851	1.1578236
2.9567957	1.1106111
2.8384833	1.2781702
2.6644251	1.4441468
2.657337	1.467805
2.6319726	1.3841642
2.613072	1.4014941
2.6676614	1.4354962
2.7151551	1.4350654
2.4747415	1.6232562
2.4263415	1.8316895
2.607891	1.9846511
2.4235508	1.9839972
2.4041498	1.9897466
2.2189488	1.9121897
2.0634441	1.904623
2.243007	1.9656631
2.103309	1.9703203
1.9065119	2.0574462
1.845623	2.1269119
1.9035927	2.187823
1.8741045	2.1939514
1.8560175	2.1323261
1.8862852	2.0640302
1.9848436	1.9785091
2.0533807	1.7713083
2.110765	1.7644997
1.9606446	1.892532
1.9557261	1.8532097
2.0645018	1.8055896
1.8778872	1.853754
1.8632646	1.8342195
1.8164867	1.8034003
1.8919481	1.7764976
1.8334731	1.7761692
1.59162	1.924838
1.3745946	2.126615
1.2501097	2.1920195
1.1420709	2.1642876
1.0450685	2.11579
1.0737396	2.020565
1.0415103	2.0366871
0.9634278	2.0642684
0.9692383	2.0643919
0.9609991	2.0772967
0.96375227	1.9790215
1.0256847	1.8717232
1.1671664	1.7941047
1.2518901	1.8039156
1.2135272	1.8751208
1.2172954	1.9004086
1.2728585	1.8747975
1.413225	1.7698772
1.4864091	1.7168989
1.4327637	1.7025944
1.3659246	1.7181624
1.3376684	1.7627939
1.4378203	1.7502631
1.7893498	1.6287012
2.1178973	1.6073326
2.3591828	1.7353157
2.5068772	1.9244248
2.5453978	2.061102
2.5896099	2.1248043
2.680713	2.1065404
2.6305788	2.1052375
2.5156512	2.133102
2.5945969	2.163333
2.6144211	2.1377888
2.6381924	2.0974896
2.86467	2.0924373
2.9688134	2.1228626
3.1174545	2.0765295
3.0849757	2.130748
3.0659528	2.1368873
3.061305	2.0539367
2.8408504	1.8822324
2.7585173	1.7745869
2.6764228	1.7769583
2.5523517	1.7225727
2.3727508	1.6120743
2.376382	1.6777997
2.2654717	1.625978
2.3524723	1.6619638
2.4070237	1.6643947
2.258296	1.5267689
2.1189728	1.605953
1.744099	1.5778608
1.583389	1.5651635
1.6571257	1.7275771
1.4924375	1.8844612
1.3593801	1.9534608
1.3207792	2.0311038
1.2957653	2.0457587
1.3815002	2.1094909
1.3546813	2.133629
1.3360456	2.1979296
1.2545358	2.2315426
1.1112875	2.207649
1.028541	2.1995249
0.95269567	2.2107925
0.9173413	2.2079883
0.9146189	2.142436
0.9426417	1.9802186
0.98091954	1.8373501
1.0155723	1.8681462
1.0894351	1.877364
1.1622932	1.8788878
1.1723537	1.9006939
1.1650863	1.9088163
1.2152834	1.9075269
1.2922875	1.8510916
1.225768	1.8678364
1.2484974	1.8832487
1.4284478	1.7912062
1.4784682	1.7393335
1.7752498	1.6462669
2.3189888	1.8131493
2.5191429	2.022886
2.534231	2.0560553
2.5292501	2.132577
2.503858	2.146528
2.5050266	2.1280959
2.5529096	2.1615806
2.4716938	2.11512
2.3614333	2.0431712
2.203344	1.9568208
1.9846286	1.8447272
1.8617779	1.8027545
1.8921641	1.7896714
1.9814663	1.8373065
1.81183	1.7995057
1.7684833	1.7864043
1.8110989	1.7706491
1.8197873	1.7619213
1.7427206	1.8173237
2.814974	1.3325387
2.8396327	1.0127873
1.216693	1.8971287
1.0555342	2.055713
1.6441354	0.96452236
1.9878453	1.0248362
1.8922924	1.0012137
2.3582366	1.026605
2.2583654	1.0297165
2.1618872	1.0366213
2.1082993	1.0348465
2.0983026	1.0249664
2.0799582	0.99665964
1.8431513	1.0149536
1.9937625	1.0239112
1.9227085	0.9956466
1.8065821	0.97893155
1.640321	1.2171341
1.8389288	1.1821772
1.8751426	1.2889009
1.8650112	1.4502968
1.8793851	1.5068865
1.8935672	1.3744909
2.0041506	1.4204296
1.789502	1.5406154
1.4812258	1.5024796
1.4384103	1.5162205
1.1714855	1.3363192
0.9988416	1.510597
0.8927492	1.3307663
0.79700214	1.0865699
0.76014405	1.0272708
0.7751218	0.96966046
0.8599335	0.9286109
1.0056698	0.93441516
1.0877587	1.0733862
1.3626729	1.4557167
1.6876684	1.8098655
1.7942888	1.7769028
1.8979845	1.7664692
1.9489596	1.5791206
1.8033782	1.3592972
1.7468848	1.3284985
1.825081	1.3319603
1.8724434	1.4661946
1.7775283	1.7752569
1.5117105	1.9399269
1.2284851	1.921014
1.0738469	2.065163
0.99371195	2.1079822
0.87620384	2.0385578
0.7816877	1.9105082
0.79071504	1.8806068
0.8182302	2.0880384
0.82054114	2.0998054
0.87325794	2.1130779
0.9812349	2.182895
1.3554587	1.9954278
1.671354	1.9417007
1.6022594	1.8754183
1.4003174	1.8107818
1.2070608	1.9655907
1.3875788	1.8433739
1.5802811	1.7174037
1.3208787	1.8626597
1.3360122	1.835974
1.6352241	1.6039578
1.8635664	1.4985389
2.0486412	1.5228114
1.8205316	1.7000805
2.0603566	1.7822824
2.4670265	1.8072728
2.4285321	1.8996361
2.5102756	1.9874296
2.4688687	2.0709443
2.443697	1.9944772
2.4250052	1.9528636
2.3467247	1.9505582
2.4560122	1.8718228
2.058994	1.8045467
1.9587282	1.8083481
2.1666708	1.8304995
1.9699411	1.7233466
1.7501103	1.7417607
1.8596746	1.7611421
1.9902387	1.7120436
1.8227617	1.6851412
1.769254	1.7298281
1.4855291	1.8711731
1.3935102	1.9533844
1.4176874	1.9033816
1.221766	2.0224314
1.1090758	2.0733693
1.0653428	2.0506456
1.0212761	2.124705
0.95535815	2.146361
0.9578784	1.9635687
0.9294874	2.0417995
0.9040955	1.9794451
0.9481374	1.8772894
0.9285256	1.9033108
0.8905714	1.9158282
0.91258025	1.8246889
1.0413159	1.7588128
1.1288176	1.8466125
1.1628174	1.8766712
1.1275796	1.8769062
1.1467452	1.9063354
1.1933819	1.8768137
1.3348053	1.7439356
1.5701123	1.6630355
1.9415776	1.6318635
2.0536711	1.7656208
2.3786943	1.9549687
2.5264919	2.0305753
2.5504205	2.0836582
2.5442915	2.0829916
2.4802425	2.0770335
2.455513	2.085595
2.4122453	2.0548048
2.3611536	2.0296206
2.39215	1.9641894
2.4514022	1.9178697
2.2775643	1.9374915
2.1963224	1.8729912
2.1454017	1.845766
2.0982232	1.8357495
2.086886	1.8069274
2.0065908	1.7827792
2.0064707	1.8043805
2.0139787	1.8284334
2.0661073	1.8090813
1.9761924	1.7684937
2.0460663	1.7895765
2.1225736	1.6350567
1.5915005	1.7386856
1.3558975	1.7287381
1.366013	1.3192325
1.3433676	1.0806283
1.3301722	1.1014637
1.4440928	0.99231094
1.3328123	1.0269676
1.045258	1.0482835
1.1208513	1.0563893
1.1631004	1.0534624
1.0460155	1.0514785
0.9430182	1.0342135
0.79062814	0.9706221
0.779563	0.92968595
1.0994879	0.9673492
1.4567435	0.9867553
2.0614252	1.1078063
2.2447767	1.1600229
2.1600313	1.271726
2.1732438	1.3889248
2.2132795	1.3868865
2.077654	1.3050427
1.9039404	1.3367296
2.1123219	1.404572
2.0255146	1.322095
2.1284895	1.1184111
2.4048178	0.98290956
2.5788915	1.0289416
2.863383	1.1717099
2.918503	1.1895487
2.8843622	0.94774276
2.8620708	0.91109276
2.8140874	0.95679843
2.7712724	0.98826426
2.6936467	1.0637909
2.7832577	1.1343354
2.8727303	1.2327641
2.8111246	1.2147869
2.8369591	1.0859197
2.8825305	1.0785571
2.7780204	1.192774
2.692855	1.2076205
2.6777325	1.245417
2.5928109	1.41393
2.4786646	1.5494471
2.475088	1.5798224
2.547016	1.5908654
2.4750974	1.4730598
2.3361523	1.5039456
2.3228502	1.5579556
2.2697554	1.492028
1.9397765	1.5590681
1.8007704	1.5882766
1.898208	1.4193176
1.5045434	1.2238939
1.4395396	1.0206687
1.5508047	0.9739863
1.4850681	0.85070735
1.5512255	0.78870755
1.4727714	0.97934514
1.4056727	1.1252731
1.3294958	1.186055
1.3858492	1.3721771
1.7033697	1.4981097
1.7907976	1.5862424
1.9414514	1.4543089
2.0409029	1.2560844
2.080728	1.3324687
1.9440345	1.4188794
2.0749524	1.4809748
1.8935537	1.5553442
1.7069175	1.7193248
1.9583782	1.9785849
2.0046115	2.0010667
1.8307623	1.9696032
2.1263561	1.943
2.0826774	1.8870597
1.8304025	2.0124326
1.8852727	2.0323176
1.9031085	1.9805751
2.0825486	1.9367582
2.165855	1.9583098
2.1667755	1.9630662
2.0921137	1.9641383
1.9177092	1.9328396
2.202245	1.8678901
2.6039033	1.9479117
2.4680593	1.9029256
2.379153	1.8444763
2.1163268	1.8292606
1.781264	2.0785968
1.6614069	2.059912
1.7925645	1.9283923
2.1779134	1.8437947
2.0757222	1.7719232
1.8504372	1.8014903
2.205565	1.8189508
2.4702322	1.9096124
2.62284	1.9963933
2.5838485	1.9572113
2.723892	1.9825219
2.8217962	2.0716822
2.889579	2.0534542
2.9662373	2.0833652
2.898929	2.027172
2.87289	1.9838893
2.9320812	2.0171678
2.8624008	1.9540826
2.7190812	1.8834798
2.7699356	1.906665
2.7622554	1.8731247
2.446191	1.7104206
2.3064837	1.6730348
2.285468	1.627636
2.4887934	1.6880915
2.3331184	1.6327721
1.8942047	1.5143179
2.0336494	1.5699443
2.436079	1.7272705
2.0787375	1.6625278
1.704965	1.6331718
1.668514	1.6641488
1.6038716	1.6885015
1.6241295	1.7546657
1.4007182	2.0319066
1.4958643	1.9450718
1.8071438	1.8075337
1.5590309	2.0071824
1.5320858	2.062103
1.6175135	2.0045543
1.8236041	1.8437344
1.7063233	1.9012295
1.9134501	1.846698
2.0012994	1.8184105
1.7114834	1.8745466
1.7597109	1.8328727
1.9426708	1.7754031
1.9060638	1.7558638
1.8211673	1.7654744
1.8857545	1.7700524
1.8655771	1.7493546
1.8051337	1.672548
1.9242429	1.6087171
1.921062	1.6856748
1.9986557	1.6418653
2.2091095	1.5465667
2.5326855	1.3337146
2.6228962	1.3361434
2.462896	1.2141889
2.7022245	1.0880871
2.8696914	1.0337063
2.9254591	1.1249945
3.180119	1.1160368
3.1964884	1.0781226
3.0556824	1.0363954
3.1135068	1.1004454
3.13992	1.1299073
3.0476346	1.0735624
2.9239328	1.0935929
2.976241	1.0038949
2.969816	0.97109556
2.8609614	1.0314754
2.7783632	1.0635651
2.716467	1.1050705
2.6435351	1.1255639
2.6062362	1.1469408
2.4509792	1.2734514
2.2966125	1.3387209
2.3402455	1.3768232
2.3448446	1.4079206
2.2682636	1.4627528
2.253337	1.4734813
2.083197	1.4361011
1.9204134	1.3589144
1.646673	1.1661353
1.5480204	1.0060639
1.551878	1.0371156
1.4913954	1.0656649
1.5166203	1.0180391
1.5007603	1.0564474
1.480016	1.1323466
1.4193372	1.09495
1.270908	1.165069
1.1225853	1.1025875
0.977076	0.8920011
0.84122276	0.9292777
0.7663349	1.0608294
0.7889096	1.0147438
0.8287124	0.91126734
0.9041391	0.95409876
1.0194234	1.0054568
1.1159133	1.0336788
1.3785086	1.2263715
1.5298632	1.575858
1.6681256	1.7582281
1.7243458	1.6971033
1.7311108	1.5624231
1.74734	1.4797736
1.63431	1.4439163
1.6815705	1.391365
1.999808	1.4317615
2.1687248	1.4389186
2.412193	1.5421803
2.6408856	1.6341912
2.7436054	1.444518
2.8071492	1.3261685
2.835092	1.3652214
2.8360891	1.2827034
2.8729923	1.0557736
2.9134598	0.9755927
2.8353517	1.1126637
2.8017764	1.2246242
2.960688	1.2691952
3.058883	1.1855109
3.1129658	1.1033411
3.0613897	1.0820897
3.01115	1.0878667
2.982596	1.1452011
2.9363537	1.0554656
2.7842042	1.1346445
2.6176517	1.2907757
2.6287885	1.2535179
2.5652375	1.3072305
2.367481	1.3587596
2.3105078	1.299298
2.4028533	1.3378936
2.3058379	1.3847076
2.3488722	1.4547162
2.3320384	1.5825055
2.4078062	1.6804944
2.5865805	1.8355923
2.6765523	1.8980545
2.81782	2.0641732
2.7781959	2.067548
2.9165988	1.9572774
3.0692096	2.0793262
3.08126	2.0581641
3.042435	1.9540473
2.998575	1.9960591
2.9214418	2.023705
2.8029358	2.0023227
2.6373713	1.9473841
2.7517471	1.9746666
2.679085	1.9339017
2.233183	1.8069948
2.3433814	1.8116411
2.4750245	1.8376979
2.3133173	1.8210417
2.3966324	1.8100328
2.553271	1.8688726
1.9528353	1.5914599
1.8665485	1.548543
2.333739	1.7349082
2.1030574	1.5992937
2.0044136	1.5252141
2.1633642	1.5975018
1.9952439	1.2416368
1.5084745	1.3942319
1.26459	1.5753785
1.3105463	1.1538275
1.324102	0.9881599
1.2868028	0.88432044
1.33641	0.8455063
1.2288948	1.0260732
1.3074511	0.9399243
1.511339	0.87024087
1.4884285	0.8928153
1.2485025	0.9038801
1.1694962	0.93313736
1.0502917	0.9876213
0.9357234	0.9919064
0.84717304	0.98018223
0.7820589	0.9049674
0.8017141	0.8728907
0.90406805	0.87583864
1.0901306	0.98454106
1.068218	0.94600254
1.0492474	0.937377
1.4296465	1.0560681
1.6925426	1.1348708
1.9045482	1.285556
1.8863882	1.372502
1.866569	1.3375914
2.0317118	1.3483326
2.03157	1.3532596
1.8576316	1.3341774
2.027903	1.3061985
2.5063827	1.2889565
2.6127353	1.4500722
2.7000558	1.6402369
2.763295	1.5494605
2.7990267	1.4572694
2.844733	1.2683349
2.7371666	0.9641622
2.7608724	0.9979317
2.7833164	1.1879692
2.7164536	1.0006902
2.4399912	0.877237
2.346875	1.2425134
2.360605	1.4651103
2.3915074	1.03715
2.1807232	1.3095565
1.9551021	1.5781703
1.8613423	1.5094312
1.7054543	1.429561
1.7320057	1.4989381
1.7310296	1.4556539
1.5170317	1.4384937
1.4408954	1.5571632
1.4787835	1.7631717
1.3293439	1.8915331
1.2458092	1.851228
1.1282338	1.7543616
1.073048	1.672185
1.0491503	1.9627637
1.0314167	2.0093458
0.9580612	1.9545591
0.9114869	2.066889
0.9114982	2.1433468
0.9363187	2.2028522
0.93133193	2.190277
0.9724908	2.1830127
1.0567521	2.1185663
1.1653975	1.9660887
1.188313	1.9740037
1.1252831	2.121345
1.0730736	2.107131
0.9968804	2.1197288
0.9980858	2.0588808
1.2165061	1.6335791
1.2763647	1.6371118
1.3259189	1.7036921
1.2989542	1.7630017
1.3590117	1.692148
1.5584838	1.5116271
1.8360786	1.2648911
1.9348269	1.1637774
1.7573344	1.3413613
2.1693861	1.1582426
2.4299064	1.0583708
2.6886325	0.9972939
2.799315	1.0794488
2.763669	1.1821555
2.8927536	1.0002867
2.8672302	0.9616939
2.9208384	0.96273404
2.8881059	0.9694031
3.0551775	1.0200378
3.0444384	0.96573657
2.9088118	0.94401205
3.0969784	0.9821877
3.2357967	1.1378804
3.2077212	1.1613872
3.164435	1.0273161
3.1656008	0.93574214
3.0483913	0.9238974
2.8770268	1.0059847
2.7529323	1.0809622
2.6765168	1.0932589
2.5761342	1.208921
2.4292483	1.2904091
2.3788266	1.3147621
2.4692898	1.3264066
2.39694	1.3029865
2.3461869	1.3226883
2.203899	1.4871056
1.9618247	1.519608
1.9411501	1.6285864
1.9744592	1.8379555
1.78139	1.6187562
1.7492802	1.6695551
1.8398442	1.8555715
1.88505	1.939111
1.8590802	1.9283842
1.8375576	1.9245198
1.6129199	1.9068261
1.4801247	1.9801667
1.4305551	2.0741081
1.248207	2.073556
1.0270692	2.0312464
0.9283004	2.086572
0.9230435	2.103198
0.9111254	2.0778615
0.92241293	2.0470433
0.9524211	2.0597823
0.9405272	2.0500698
0.9529828	1.9115793
0.9405392	1.837328
0.9921635	1.7757949
1.0941471	1.7482533
1.1130899	1.7483845
1.1289022	1.7014496
1.18789	1.6675357
1.194799	1.6888171
1.2171625	1.6755977
1.3392591	1.5610507
1.3586154	1.4405354
1.4598876	1.3329633
1.7140082	1.2128643
1.9904006	1.1114104
2.4857023	1.0545797
2.4985757	1.0917317
2.3943262	1.1002944
2.5522814	0.97350246
2.6696358	0.9589026
2.7195265	0.95127535
2.7768197	0.9561098
2.8460767	0.9808578
2.95526	0.9807975
2.917347	0.9547438
2.8510115	0.9604628
2.8492503	0.95334285
2.9634445	0.95941377
3.0835366	1.111431
3.071911	1.2148308
3.1510496	1.1691123
3.151526	1.1245253
3.1225226	0.99033767
3.1015599	0.89413416
3.0165396	0.85725826
2.8443263	0.95265585
2.6234908	1.1866956
2.575704	1.2817605
2.559482	1.2182213
2.5513916	1.1657691
2.406927	1.2447624
2.3116674	1.186052
2.1735723	1.2530524
2.2602446	1.3612964
2.3579433	1.2945294
2.197927	1.3224889
2.0250385	1.3111303
1.8518438	1.216586
1.699939	1.2014658
1.5606029	1.2191918
1.4472349	1.1831086
1.3376782	1.2088487
1.3550851	1.2461712
1.4353567	1.0342726
1.420219	1.1494604
1.3878356	1.0991819
1.3567618	1.1222122
1.1639025	1.3152788
0.9545766	1.1157178
0.8356332	1.051356
0.7894945	1.0478361
0.80321383	0.9660171
0.86269593	0.963271
0.9044894	0.93943
0.99115443	0.96787506
1.3564467	1.233431
1.5043133	1.3179667
1.6837162	1.4745579
1.7452537	1.5453832
1.6555669	1.3374945
1.8050065	1.3486109
1.7461711	1.3464408
1.7127243	1.4161605
1.7016457	1.6011856
1.7396519	1.6677697
1.5937005	1.915186
1.6467887	1.8603126
1.6042148	1.8066964
1.697258	1.9236127
1.9171103	1.9166611
1.9548415	2.045904
2.0262825	1.951246
1.9650781	1.9342629
2.1386132	1.9729203
2.0435362	1.8953427
1.9827807	1.8810437
2.2539945	1.8375316
2.1444278	1.8409277
2.0413122	1.8885282
2.0736034	1.8956858
2.1046524	1.8764567
2.1846447	1.8365256
2.1173837	1.8285332
1.9741454	1.8098457
1.9925377	1.7427918
1.828807	1.6714596
1.683069	1.6341393
1.7964259	1.6194905
1.922678	1.5588332
2.0367186	1.5569329
2.2811377	1.6889257
2.3089554	1.7808121
2.5441928	1.8881313
2.715326	1.9223553
2.7523987	1.9730955
2.8490927	2.0413883
2.964501	2.0120375
2.913026	2.0809546
3.1148772	2.1280046
3.0349348	2.1576016
2.867606	2.031563
2.8223176	1.8761629
2.6840367	1.7995247
2.7675834	1.8321809
2.7358015	1.7944006
2.666592	1.772691
2.6073976	1.7827578
2.6234531	1.7569485
2.4794912	1.7626995
2.2911124	1.679471
2.377799	1.6161299
2.591252	1.7642596
2.6982052	1.8081331
2.2258613	1.5240283
2.0848584	1.4851236
2.3756824	1.5924762
2.3026235	1.3935202
1.5017545	1.5087179
1.5263376	1.9427156
1.4657606	1.7830644
1.1952204	1.5725758
1.1843544	1.5822935
1.2037923	1.8278093
1.1610388	1.9368519
1.2751453	2.0310626
1.3725295	2.0823965
1.2259164	2.06761
1.1196203	2.1026604
1.05527	2.167494
1.0731924	2.1127374
0.9995257	2.0816925
0.95237756	2.0685701
1.0357935	2.0334537
1.025282	2.0694096
0.9922424	2.0870807
1.0353838	1.99164
1.2414984	1.7858423
1.2883661	1.7482686
1.2740277	1.7985597
1.269268	1.8539393
1.3752724	1.7455789
1.3864008	1.7011032
1.3601558	1.7725295
1.4026158	1.7714889
1.3835136	1.7794828
1.4287568	1.7837988
1.4954004	1.7439789
1.6238774	1.6562458
1.6655596	1.6633825
1.7803823	1.6196892
2.0487552	1.4288937
2.101111	1.3306925
2.089492	1.3265058
1.9266297	1.0817302
1.4174173	1.1400532
1.3295234	1.0819994
1.3250818	1.0772439
1.1104804	1.0799744
1.1753803	1.0679429
1.1673808	1.0612732
1.2753644	1.0397583
1.3504124	1.030581
1.110492	1.0058206
1.2642642	1.0097884
1.5044259	1.009296
1.509468	0.9776876
1.8195727	1.0051124
1.5353788	0.993003
1.6480163	1.0494974
1.6015446	1.0924604
1.4104371	1.0109612
1.6989615	1.0942465
1.6884855	1.1242868
1.6971538	1.1104007
1.586601	1.1814165
1.8399395	1.2775468
2.2191367	1.2577403
1.9838513	1.3241355
2.0653234	1.5197159
2.0233371	1.6263549
1.785896	1.9613253
2.0535638	1.9918807
2.247107	1.7407106
2.0911407	1.9012017
2.1115992	2.0282443
2.0438366	2.1583004
2.0755072	2.094453
1.8038332	1.9526949
2.2026157	1.9475164
2.3288028	1.9846612
2.2357433	2.0102448
2.2029254	2.0336144
2.0882156	1.9954071
2.2193444	1.9890636
2.2067468	1.9574913
2.2571986	1.9493479
2.1864302	1.8545808
1.9803952	1.8543718
2.0316312	1.7985781
2.0081809	1.6474875
2.056794	1.7605013
1.9636663	1.7154061
1.9611559	1.7109388
1.9909507	1.7175223
1.9913653	1.6580858
1.927909	1.593175
1.8188252	1.4735036
1.8081142	1.351414
1.7573227	1.2789485
1.681072	1.4057178
1.876898	0.9697045
2.0069218	0.9372087
1.9701718	0.93029505
1.8519567	0.9243293
2.0561779	0.9991867
2.1068513	1.0072159
1.7579273	1.0091841
1.9047445	1.0038886
2.0596433	1.0145755
2.1214695	1.01806
2.1715026	1.018446
2.1214209	0.99399924
2.1856327	0.9723749
2.231501	0.99671173
2.0064254	1.084658
1.5947865	1.2262368
1.6266292	1.2506098
1.8278633	1.1616949
1.9752175	1.1526023
1.9177053	1.2691039
1.5881077	1.2270278
1.3910961	1.2778938
1.4022958	1.7627373
1.3963201	1.6719415
1.7219417	1.6304979
2.131154	1.9806995
2.3988981	2.0972307
2.7127218	2.1409137
2.7603967	2.1516557
2.8235939	2.08365
2.918488	2.0614476
2.950156	1.9845221
3.015241	1.9932085
3.0265572	2.0568163
3.0181227	2.070849
2.988214	2.0827265
2.9730737	2.0757484
2.9422538	2.0677857
2.909017	2.0523314
2.862582	2.0217354
2.6663196	1.8968314
2.6431284	1.8990719
2.7577994	1.9083521
2.6528559	1.8280793
2.5145257	1.7437775
2.3948786	1.715509
2.4576714	1.7377641
2.3548217	1.6679145
2.4746983	1.753768
2.4919112	1.7268528
2.151539	1.5828464
2.0269718	1.5351905
1.829148	1.3940622
1.5363485	1.1670997
1.5289346	1.1373576
1.4501945	1.247841
1.2623107	1.1489232
1.4213183	0.8994905
1.7400545	0.81976163
1.5011088	0.88212156
1.4479865	0.99181944
1.8000187	0.87320155
1.7542974	0.8672951
2.133354	1.0132539
2.3093405	1.0256015
1.9655392	1.0381927
1.9556531	1.0262864
1.8875428	0.9345025
1.8923527	0.9164523
1.7131369	0.89603865
1.6151623	0.8899471
1.6518408	1.2478081
1.8295631	1.1232038
1.7476088	1.1089525
1.6078159	1.3368114
1.6424389	1.4012051
1.7005944	1.3426179
1.6058936	1.2731591
1.5911819	1.3757281
1.6204885	1.5138352
1.5279902	1.5979424
1.6315447	1.6611828
1.8790625	1.3470572
1.9579293	1.6940368
2.109869	2.1794045
2.1490624	2.1390018
2.4399416	2.1843185
2.7298179	2.2105572
2.9309936	2.1158607
3.047458	1.9391078
3.0471241	2.0078008
3.0492268	2.0504196
2.956723	2.0650613
2.9560587	2.090846
2.9515326	2.0967562
2.9252396	2.0814059
2.9055858	2.0500908
2.8490725	2.016164
2.8550436	2.0340276
2.8033109	1.9860929
2.7087262	1.9057064
2.5463812	1.8489053
2.3517406	1.7562816
2.3377755	1.7085717
2.2847009	1.6881628
2.4069872	1.693894
2.072964	1.5289273
2.0257902	1.6153469
2.244197	1.7058529
1.7163652	1.5694342
1.5446106	1.7729783
1.6712308	1.840002
1.6543369	1.8156823
1.4112625	1.9546056
1.3826263	1.9861969
1.5418856	1.9847223
1.5017233	2.1015396
1.5444707	2.1200576
1.5237231	2.1205359
1.4230741	2.1540227
1.3827472	2.148262
1.337422	2.1315618
1.1772268	2.1775439
1.0642327	2.204885
1.0306823	2.18345
0.9973703	2.1861281
0.9459163	2.167443
0.9318129	2.1376579
0.93856543	2.0842993
0.95445126	1.9688377
1.0154301	1.837214
1.1042719	1.8047547
1.1151062	1.8900734
1.146997	1.910357
1.235059	1.8405566
1.2509421	1.8497194
1.2437886	1.8588452
1.2456622	1.8409196
1.4361778	1.6857102
1.8321571	1.415543
2.1558201	1.2287933
1.8231727	1.5311228
1.6462102	1.6057281
2.132087	1.3516055
2.6890683	1.0679222
2.7346234	0.9774523
2.4921	0.9806133
2.4324205	0.98213965
2.3150403	1.0023657
2.2773206	1.027804
2.5169306	0.9849711
2.7158813	0.9459915
2.7212355	0.9505633
2.972565	0.9222454
2.9969947	0.9188774
2.9369137	0.9377228
3.1473145	1.0844915
3.1898367	1.1544741
3.1862617	0.97870857
3.1263409	0.9060842
2.9400508	1.0302696
2.74051	1.1446011
2.674383	1.1357274
2.5974164	1.155911
2.4941034	1.1849427
2.3717687	1.2413114
2.2057045	1.3054113
2.3030388	1.3596548
2.4389076	1.3079872
2.174594	1.3349643
2.1296024	1.4713843
2.425144	1.5381396
2.3962586	1.8767567
2.3451278	2.0819564
2.3609116	2.0406582
2.5218387	1.9313371
2.8632288	2.006349
2.9768965	2.0538287
3.058691	2.0407534
3.0667224	2.0493681
3.005106	2.0388942
2.9976468	2.0484858
2.9088237	2.034172
2.7295241	2.0027468
2.6518085	1.9521112
2.4149597	1.8649106
2.3373263	1.8774539
2.4361553	1.7126732
2.727774	1.5535381
2.4322913	1.6497449
2.3989546	1.7948544
2.2419481	1.7558224
2.031386	1.660251
2.289666	1.7161522
2.206092	1.6663873
1.8367473	1.5465776
1.7064718	1.6934093
1.716386	1.7937244
1.6210687	1.7660444
1.5793608	1.8077921
1.5883843	1.809954
1.5452801	1.9476391
1.5010617	1.9943871
1.5293373	1.9725233
1.6237057	2.0042486
1.5918754	2.096896
1.6407214	2.0826137
1.7022605	2.0447195
1.6493652	2.047943
1.7773626	1.900103
1.6384757	1.9028108
1.6694812	1.8556788
1.8078108	1.8079455
1.9643124	1.8186167
1.8943075	1.8012234
1.6254437	1.8094846
1.758488	1.7027351
1.7596662	1.6246445
1.7559993	1.1772891
1.3634471	1.0246755
0.96640164	1.8445604
1.0021557	1.4572005
1.0539311	1.0459768
1.200446	1.0635573
1.391972	1.0541328
1.2891812	1.0212737
0.95408714	1.0360157
0.80023426	0.9655098
0.9982931	0.9637781
1.1816976	0.949991
1.345994	0.9430172
1.663383	0.9661034
1.896095	1.0789319
2.0781276	1.1280012
2.2358754	1.0953
2.2700338	1.0781752
2.2777588	1.2244762
2.1620731	1.3815581
2.2443728	1.2710507
2.2141092	1.2577623
2.2008207	1.3179166
2.2985616	1.623393
2.273997	2.011968
2.4299712	1.9967424
2.546317	1.9426961
2.475481	2.098247
2.4234877	2.171972
2.1537597	2.1587334
1.5518119	2.1032
1.889465	2.004612
1.8085825	1.9137738
2.0730736	1.9553264
2.3727987	2.0748498
2.2810552	2.0609565
2.194024	2.003095
2.1925416	1.9377996
2.2873344	1.8976356
2.0842419	1.8162653
1.9199893	1.792633
1.8498883	1.6957763
