1.459573	1.1697496
1.5117637	1.2149949
1.652607	1.2023771
1.7342939	1.220447
1.5441263	1.3123946
1.5541974	1.3966604
1.3932686	1.9079169
1.163909	2.0152178
1.4901398	2.0104353
1.5301803	2.0090332
1.364055	1.994183
1.1215189	1.9875147
1.0754614	1.9844153
0.9998828	1.9838371
1.0820234	1.983885
1.115862	1.9850996
1.177909	1.984846
1.4487001	1.990368
1.2184504	2.048673
1.2682024	2.0591934
1.331528	2.0425272
1.567595	1.8955743
1.4811455	1.887612
1.1662959	2.071269
1.0812079	2.1242988
1.016447	2.0916412
1.0136652	2.0493035
1.0161988	2.018969
1.0791192	1.9175515
1.189533	1.9264805
1.2922274	1.9131992
1.3236556	1.862179
1.3338947	1.842103
1.4573691	1.8366299
1.454484	1.861183
1.4888446	1.8203835
1.6468737	1.7298391
2.0575793	1.5161293
2.3328457	1.1309483
1.9927483	1.2755011
1.5261475	1.8269787
2.2897556	1.7103285
2.7914145	1.442093
2.7273848	1.2361159
2.6832676	1.1172096
2.7598255	1.1366992
2.7799819	1.1376584
2.6529076	1.0395204
2.7216892	1.0650272
3.040171	1.3187798
3.000419	1.1881502
3.1057003	1.1390642
3.2896788	1.3021228
3.2131498	1.0735877
3.2076836	1.0006604
3.156027	1.0013913
3.0308828	1.2798392
3.0760198	1.0632732
2.995448	1.0229123
2.802866	1.1286837
2.876958	1.0928615
2.6465242	1.2323987
2.3573713	1.3426558
2.3540213	1.3722681
2.3878872	1.2665068
2.3636804	1.2860385
2.4134746	1.3519707
2.4781501	1.3764235
2.163631	1.5283153
2.3112695	1.8864052
2.6732905	2.0089967
2.3204968	1.9958434
2.236779	1.9916601
1.9312586	1.9697196
1.7860545	1.9600445
2.1640267	1.9695035
2.1787994	1.9504846
1.9880486	1.924508
2.0093608	1.9110168
2.1019576	1.9106882
1.985025	1.9457074
1.901563	1.9947429
1.8653669	2.005492
1.874153	1.9940119
1.9645355	1.8799454
2.0190835	1.8649589
1.8293538	1.9785371
1.8417097	1.9456758
1.9399391	1.9193108
1.7835145	1.9395778
1.7829126	1.9196831
1.774389	1.8757508
1.8521229	1.8616387
1.809022	1.8654319
1.5838068	1.9594741
1.4524895	2.0636215
1.3585799	2.0978465
1.2022669	2.087501
0.99623203	2.0538998
0.9647281	1.9991149
0.93901145	2.0368931
0.8992017	2.0532665
0.91193455	2.0609376
0.92775893	2.0718071
0.9020467	2.0113273
0.9211338	1.940185
1.1010861	1.8615619
1.2481557	1.8678321
1.1985272	1.9260937
1.1897117	1.9533532
1.2401929	1.940572
1.3961122	1.8628416
1.4792991	1.8201354
1.4388121	1.8036547
1.3660623	1.8112341
1.3426019	1.8431947
1.4346577	1.843518
1.7659997	1.745465
2.0799932	1.6900039
2.2709153	1.7660426
2.3244777	1.8976445
2.2013237	1.9959568
2.1908178	2.0453715
2.4874032	2.0433702
2.4596057	2.0288632
2.1994312	2.067984
2.4265015	2.091659
2.657891	2.0645547
2.7829568	2.0394433
3.02374	2.0060422
3.036758	2.0472248
3.123297	2.0076816
3.0799398	2.0770836
3.051255	2.0956862
3.0981603	2.019628
2.9342113	1.8889954
2.830188	1.7518812
2.757464	1.8208793
2.638574	1.8072447
2.4463708	1.6823503
2.4770665	1.8097177
2.369316	1.7629161
2.4559503	1.789612
2.499785	1.7718174
2.2948241	1.5364108
2.237795	1.7704552
1.8554096	1.7567167
1.6504598	1.6835938
1.7762069	1.8858511
1.6474644	1.9663371
1.5066925	1.9806905
1.4445692	1.9985869
1.3681854	1.9787644
1.4142332	2.0012777
1.3525928	2.0082805
1.3454139	2.0531788
1.3064116	2.0903454
1.140485	2.0947123
1.038609	2.1093357
0.95524836	2.1216795
0.9222317	2.1222112
0.9029275	2.0943654
0.8776037	2.0206592
0.8674763	1.951867
0.90939516	1.9505658
1.0233723	1.9396158
1.1221557	1.9402884
1.1301367	1.956481
1.1258042	1.9609678
1.1651299	1.9661514
1.2291716	1.9364552
1.180662	1.9417048
1.2027178	1.9539548
1.3399079	1.9047657
1.4045334	1.8630532
1.6687824	1.7779691
1.9746383	1.8435278
2.0671062	1.9687338
2.0953069	1.9863716
1.9344758	2.038719
1.8446083	2.0510526
1.9849116	2.0412416
2.0975935	2.0703347
2.0825484	2.0391476
2.0651524	1.9950142
1.9267049	1.9616648
1.829789	1.902751
1.7546757	1.8848754
1.8386871	1.8458318
1.8573847	1.9009115
1.7135291	1.9049228
1.7077082	1.8812294
1.7768911	1.8460594
1.8021759	1.8269217
1.610581	1.9520187
2.6664152	1.2063794
2.5569298	1.0680325
1.1258278	1.8118051
1.0289718	2.0050013
1.5649726	0.9907876
1.9294595	0.98707795
2.0882041	0.97843283
2.5213106	1.0061201
2.4971032	0.9765506
2.3856618	0.9853474
2.2137408	1.0071688
2.145234	1.0248495
2.1695511	1.0472146
1.9036653	1.0666608
1.9902163	1.0593592
1.7830225	1.0515051
1.7065381	1.0534804
1.7136029	1.1330224
1.8331665	1.1221931
1.8859531	1.1523029
1.9365336	1.2275847
1.9910212	1.2738858
1.9591521	1.1860535
2.1029382	1.1934358
1.9367371	1.3357749
1.5988427	1.4076229
1.5348045	1.4342045
1.2463818	1.2311441
1.0171597	1.6168731
1.0207695	1.2161602
1.0243266	1.0227573
1.0036877	0.9991073
0.97060674	0.981632
1.0059704	0.97468364
1.0889392	0.9820656
1.0883151	0.98997724
1.1482028	1.1979363
1.4221454	1.7473148
1.5975218	1.685095
1.7555327	1.6692657
1.7402382	1.4072919
1.5248541	1.1835982
1.4777131	1.1601542
1.5269821	1.1634265
1.611054	1.275671
1.6151288	1.6871903
1.2343838	1.9219018
0.92844635	1.9209268
0.88679045	2.0022032
0.9344777	1.9857204
0.8313296	1.9889506
0.7603165	1.978584
0.7467233	1.9801642
0.8329436	1.9830525
0.8303351	1.9835826
0.8249345	1.9878442
0.875612	1.9903129
0.9898441	1.9893427
1.1101202	2.0003123
1.2217447	2.0019412
1.4195147	1.8939408
1.2060161	1.9972293
1.3686304	1.929888
1.6052115	1.8164992
1.3117933	1.9372786
1.3433414	1.9109789
1.6819742	1.6999581
1.9637399	1.5647564
2.148119	1.5772364
1.7763293	1.7948967
1.8982174	1.8376138
2.4910405	1.7871077
2.304865	1.865724
2.362283	1.936806
2.0656803	2.014326
2.2467687	1.9487458
2.3251324	1.8863662
2.2018888	1.924931
2.5420156	1.7997253
1.9939765	1.8516246
1.8441867	1.9110174
2.1774037	1.8576789
2.0398495	1.7733626
1.7403154	1.8673904
1.8380319	1.8781062
2.0965104	1.7541928
1.9056879	1.7574606
1.7932557	1.8476499
1.4677472	1.9824586
1.4071963	2.0167139
1.3934534	2.0024173
1.2519076	2.0283675
1.0929147	2.0491698
0.99776375	2.0391533
0.98920083	2.1010098
0.94070184	2.107165
0.8756423	2.0009575
0.8961044	2.0436149
0.8694242	1.99445
0.8672512	1.9243023
0.8665203	1.9112431
0.8329718	1.9006783
0.82279646	1.8119131
0.90802765	1.8496816
0.8820874	1.981751
0.91005754	1.9992075
0.9393473	1.9783871
0.988881	1.9899471
1.0288563	1.9751406
1.2301894	1.8734782
1.4434671	1.8320985
1.7295375	1.8049214
1.7071688	1.8780857
1.8833871	1.945766
2.1132295	1.9761013
2.12204	2.008569
2.1496325	2.0055804
2.0308049	2.0008452
1.9759271	2.0159628
2.0089078	1.9907829
1.9953319	1.9791827
2.3090675	1.8720528
2.5229049	1.7906849
2.187823	1.9116298
2.1909084	1.8720849
2.1528025	1.8597014
2.0818696	1.8856833
2.1280518	1.8460994
2.0313075	1.8480744
1.96969	1.8929559
1.8984041	1.937396
2.035345	1.890675
1.9830678	1.8419092
2.0299456	1.868933
2.2641175	1.5085498
1.6090075	1.6797129
1.2399213	1.5463659
1.1335237	1.1502836
1.0793829	1.1105155
1.054751	1.1508731
1.324589	1.0419127
1.1275343	1.1137
0.8090718	1.2195776
0.8625656	1.1440524
1.0658236	1.0014172
1.0196279	0.9793504
0.9238877	0.96480525
0.919884	0.9595882
0.9643908	0.9599355
1.1647829	0.99876004
1.3359697	1.030782
1.6812103	1.0768105
1.8493714	1.0862383
1.7764843	1.1413668
1.8295926	1.219581
1.8789724	1.217671
1.6902728	1.1657354
1.5558134	1.1785324
1.7591785	1.2386024
1.6563491	1.1723366
1.6944934	1.09057
2.0335186	1.0175064
2.2681549	1.0077515
2.706811	1.0868016
2.8219714	1.1362312
2.6864955	0.9886075
2.6858678	0.9742044
2.6921842	0.98488307
2.7095537	0.977605
2.703028	0.9793074
2.825578	0.9905393
2.9866827	1.0497696
2.9968023	1.0602877
3.0020545	1.0306399
3.0484507	1.0549415
2.960975	1.1444708
2.8655913	1.1565111
2.8162327	1.2009684
2.653319	1.4306275
2.5697207	1.615983
2.5550442	1.6524372
2.638064	1.691718
2.399552	1.4112678
2.1863554	1.4013014
2.1895216	1.4841162
2.1058009	1.3716128
1.6767735	1.4749823
1.5449663	1.5937793
1.6478262	1.2593575
1.4100267	1.1059352
1.5538031	0.9892106
1.6240761	0.97843003
1.617299	0.94420236
1.626677	0.9507209
1.448655	1.004205
1.3182772	1.072289
1.2868385	1.1427658
1.358836	1.4000912
1.8466733	1.6540775
2.014875	1.7930462
2.12748	1.5861809
2.1129172	1.2937167
2.1659498	1.3548863
2.0242994	1.4803826
2.1795268	1.5336207
2.012124	1.7101531
1.6948447	1.9379375
2.1052914	2.039164
2.1764758	2.024502
2.093633	2.0094144
2.4045238	2.011205
2.4792385	2.0108929
2.229339	1.9694103
2.258965	1.9589431
2.1362593	1.9485497
2.0542421	1.9621774
1.9527593	1.9777541
1.8777618	1.985992
1.7830449	1.9984423
1.7395774	2.0039551
1.9483131	1.9735193
2.7234724	1.9715103
2.3476825	1.967821
2.2059827	1.9418372
1.9499929	1.9220359
1.70034	2.0317788
1.6331055	2.0197468
1.6775461	1.981708
2.065246	1.9167995
2.0875185	1.7933615
1.7952087	1.8566065
2.187279	1.8665745
2.6252663	1.8890038
2.7333062	1.9847652
2.5881498	1.983514
2.734887	2.0018127
2.803423	2.0571513
2.8998268	2.0434198
2.9992542	2.042839
2.9052665	2.0430534
2.9183376	2.018129
2.9898207	2.0226395
2.9467177	1.9867903
2.7879813	1.9797106
2.8537784	1.9866155
2.8803701	1.934972
2.5899787	1.8324836
2.4504054	1.8224989
2.429065	1.7421232
2.618017	1.7632796
2.469115	1.7423506
1.993534	1.5884166
2.1493382	1.6911132
2.5614989	1.8788137
2.1870413	1.8402944
1.7987857	1.7665626
1.7509308	1.756364
1.6664664	1.7598908
1.6782336	1.812623
1.5161767	2.0001223
1.5441233	1.9253795
1.7700086	1.7857869
1.5680169	1.9414685
1.5387241	1.9699618
1.5802499	1.9284264
1.7453752	1.8305427
1.650787	1.8791938
1.8046781	1.9197434
1.8719555	1.9256617
1.6674505	1.9031637
1.7108917	1.8943917
1.90926	1.85909
1.9103947	1.8168142
1.8155574	1.8325704
1.8692324	1.8527225
1.8831277	1.8158878
1.8778206	1.6377581
2.0233066	1.5033302
2.0212874	1.704678
2.1389766	1.6162654
2.3694017	1.3975469
2.6057792	1.2026947
2.687782	1.2276379
2.5582936	1.1413548
2.7238464	1.1059308
2.853802	1.1065227
2.9101977	1.1481367
3.0949023	1.1620314
3.1322024	1.1250205
3.172555	1.036565
3.1961522	1.0524515
3.1679766	1.0321549
3.1202095	0.9948869
2.9457908	1.0145807
2.982929	0.99103546
2.9581873	0.9938424
2.846653	1.0265174
2.7976842	1.0383822
2.7620068	1.0578994
2.735776	1.0637356
2.7223995	1.0752814
2.5156913	1.1697803
2.306183	1.2347342
2.3163807	1.2789583
2.295162	1.3131104
2.1689928	1.3733201
2.1459475	1.3824104
1.9418626	1.333803
1.7932451	1.254354
1.6529764	1.1009
1.7190005	1.0194436
1.6539317	1.0339147
1.53653	1.0491296
1.5918931	1.0277829
1.5132197	1.0435201
1.4160206	1.0831891
1.3695093	1.0556929
1.1944596	1.0709724
1.1339089	1.0349829
1.1110228	0.9847561
1.0320933	0.9859827
0.9498481	1.0084996
0.9511615	0.9887677
0.9600233	0.96436083
1.00025	0.9695192
1.0554262	0.9788474
1.1137764	0.99216384
1.2390847	1.06618
1.353908	1.4132226
1.5470165	1.679191
1.6190647	1.588495
1.5814477	1.4116168
1.5692887	1.3173558
1.4473144	1.265508
1.4732443	1.2164917
1.7866272	1.2515885
1.9698203	1.2473836
2.3423107	1.3463055
2.714636	1.4945804
2.71787	1.2972795
2.7478597	1.2173454
2.8540149	1.2819091
2.8265889	1.2402807
2.7683308	1.0783056
2.805799	1.0333346
2.8196802	1.1045713
2.8442876	1.1085407
2.942448	1.075958
2.977707	1.016694
3.0370328	1.0111967
3.0392764	1.0394738
3.0136516	1.0691549
2.9968202	1.1262693
2.9895537	1.0654199
2.8464558	1.097212
2.6290576	1.2090123
2.6815994	1.1774598
2.5912027	1.2212604
2.3654006	1.2553905
2.3929548	1.1935805
2.4343657	1.2406124
2.2940571	1.29164
2.2804978	1.3764815
2.2972798	1.574593
2.4944336	1.7617549
2.8522606	1.9756515
2.9290478	2.0067103
2.9977915	2.0244482
2.9241927	2.0219693
2.993631	2.0233762
3.0652733	1.9988576
3.0501678	1.9975293
3.0863	2.018166
3.027067	2.0069528
2.9231815	1.9921043
2.8603883	1.9899452
2.733839	1.9749907
2.8000345	1.9973519
2.7223532	1.9872011
2.2917686	1.9357216
2.382991	1.9438692
2.477358	1.9635917
2.3025174	1.9565239
2.4162302	1.9586968
2.5398695	1.9885881
2.1182246	1.748774
2.0407732	1.6565176
2.477889	1.9047112
2.3025613	1.7268529
2.1817894	1.5953425
2.3614995	1.7111214
2.1279235	1.1024742
1.4687283	1.228395
1.1881074	1.5172906
1.1004527	1.0389811
1.1056929	1.0204537
1.0782223	1.0465804
1.1350055	1.0459231
0.9970386	1.0837978
1.1179941	1.0289636
1.4527462	1.0159088
1.6662749	0.9978715
1.4793729	0.96747667
1.4146372	0.9730458
1.2540077	0.98384863
1.1590483	0.9827839
1.1039037	0.9807917
1.0590394	0.97683346
1.0553095	0.97682047
1.0797713	0.9800615
1.1513315	0.9990067
1.1046948	0.9830966
1.0686612	0.97458684
1.2826201	1.0263665
1.4352589	1.069421
1.627528	1.15444
1.6636841	1.235996
1.6121505	1.1914723
1.807196	1.1965523
1.8028234	1.2047478
1.5968484	1.1844808
1.7507278	1.1644626
2.391083	1.109864
2.609784	1.2831465
2.8105378	1.5620265
2.8285134	1.44586
2.7979147	1.3466969
2.7304714	1.1655556
2.4914086	0.9904499
2.5440385	1.0124772
2.6606581	1.1331176
2.574449	1.0133799
2.3843737	0.972219
2.3356085	1.1264888
2.5290003	1.228435
2.3648672	1.013449
2.2114053	1.123877
2.109977	1.3243101
1.9692806	1.2829236
1.8150043	1.2499062
1.8452891	1.3102652
1.8454621	1.2664505
1.6218711	1.2916176
1.5133883	1.5006396
1.5295342	1.8178364
1.2383798	1.9706101
1.1331135	1.9369669
1.0712545	1.8535148
1.0605626	1.7843988
1.05657	1.9908206
1.0799903	1.9975528
1.0824084	2.0073247
1.0681667	1.9931086
1.0478115	1.984799
1.0015527	1.9837767
0.9229309	1.9942333
0.9055682	2.022355
0.9373926	2.0304737
1.0719119	2.0278678
1.1326473	2.030707
1.0694379	2.089026
1.0936368	2.084856
1.0285431	2.0920174
0.99707496	2.0538678
1.1000433	1.6831255
1.2640926	1.6555204
1.4101464	1.7401246
1.366186	1.8066903
1.4548607	1.7404399
1.7268608	1.5543495
1.9530581	1.2590863
1.9890807	1.1302238
1.9679079	1.3643787
2.3448493	1.1657608
2.4462855	1.0460815
2.5435417	0.9967593
2.6994035	1.0913396
2.8034518	1.2143147
2.6608467	1.021836
2.627531	0.9846675
2.660867	0.98931146
2.6635027	0.97508967
2.8209984	1.0695434
2.8399951	1.0089346
2.932044	0.9680415
3.0868468	0.99092215
3.1302822	1.0287043
3.129825	1.0175877
3.100948	0.9713534
3.086652	0.97773767
3.0281816	0.9986359
2.9192336	1.0235226
2.848247	1.053186
2.8189745	1.0465764
2.700499	1.1239766
2.5176919	1.194722
2.448111	1.2186155
2.521313	1.2438046
2.496103	1.2124022
2.4185796	1.2344483
2.1341038	1.438429
1.8367428	1.5216919
1.8445685	1.7260244
1.9956539	1.9709432
1.5651615	1.7082951
1.485219	1.7777777
1.6016862	1.9482172
1.6051404	1.9561841
1.5469408	1.9422221
1.5532302	1.948478
1.4192239	1.9037617
1.4011588	1.9009714
1.3873789	1.9353983
1.3006736	1.9271713
1.1489453	1.9386041
1.0314265	2.0157957
0.95677954	2.05072
0.9030002	2.0558114
0.8784662	2.0411139
0.8776538	2.0547364
0.8613198	2.0392184
0.87539077	1.8916752
0.85156167	1.7731512
0.88071257	1.7389404
0.92960304	1.8221264
0.9197051	1.8547981
0.9502494	1.7996097
0.9965966	1.8011523
0.9854873	1.8397909
1.0182867	1.8276119
1.1791302	1.7415979
1.2153901	1.5426645
1.3292549	1.3956413
1.6501292	1.3484561
2.0030687	1.22451
2.501771	1.1632336
2.5789955	1.2337594
2.5364654	1.1943953
2.4244006	0.9519777
2.4771242	0.93453
2.4951994	0.9172217
2.5432236	0.93549293
2.622036	0.9796969
2.685891	0.9846392
2.6714666	0.9442341
2.7141953	0.9409026
2.8254678	0.94630617
2.9567995	0.9627705
3.021123	1.017474
3.034386	1.0474316
3.0799038	1.0055679
3.0843048	1.0105983
3.052782	1.0024909
3.0464683	0.9821221
3.0212047	0.97721326
2.9521728	1.0026419
2.7616732	1.1165092
2.6496174	1.2061726
2.7134929	1.1448685
2.7601054	1.0929534
2.5929043	1.1609579
2.5966065	1.1060851
2.3623888	1.1912576
2.316453	1.3305744
2.4919825	1.2380164
2.2852254	1.2794712
2.0834475	1.2864703
1.9756744	1.1951281
1.740157	1.1830914
1.5090106	1.2153869
1.4115038	1.1916598
1.3124758	1.2326936
1.2943603	1.2473283
1.5005531	1.0262359
1.3588495	1.072124
1.3527324	1.0357075
1.2809684	1.0216196
1.0548648	1.1454564
1.0664685	1.0126116
1.0200541	0.9991498
0.9686917	1.0000693
0.97816724	0.9807812
1.020477	0.98696554
1.0481279	0.9796926
1.1052333	0.9916796
1.26065	1.1184019
1.3549471	1.1815252
1.5275952	1.3671291
1.5922391	1.4449958
1.4739877	1.2151151
1.5973204	1.226154
1.5406032	1.2177613
1.523086	1.2858601
1.5568265	1.5208935
1.6247433	1.6240971
1.4735885	1.9457457
1.569246	1.9058425
1.5884455	1.902644
1.7205797	1.9824597
2.0304909	1.9786366
1.9424367	2.000704
2.0854328	1.9967252
2.0016613	1.9980866
2.0942197	1.9985008
2.0425398	1.9970897
1.990483	1.9964287
2.3496845	1.9882451
2.2212365	1.9998229
2.009605	1.995745
1.9874296	1.9948212
2.0242739	1.9942981
2.1900907	1.9882805
2.06157	1.9795889
1.9060845	1.9732912
2.0052757	1.9300704
1.9197317	1.827918
1.7665333	1.7157295
1.9164668	1.7479742
2.0953698	1.6937249
2.2361825	1.6887205
2.500054	1.8615036
2.4225125	1.9364877
2.6206524	2.000713
2.8744383	2.0036612
2.7156572	2.039568
2.7347515	2.0633743
2.9785063	2.0522494
2.7183945	2.0694695
3.0645092	2.1033454
2.9441466	2.1021297
2.7394385	2.039948
2.89736	1.925512
2.750466	1.8911195
2.835632	1.8910007
2.790794	1.8498486
2.7240515	1.8476278
2.6657825	1.8847942
2.67269	1.8339717
2.5511148	1.8958931
2.3846774	1.8400881
2.4199839	1.6824558
2.6516604	1.8483802
2.7470467	1.8603984
2.242144	1.5495956
2.0920594	1.5155096
2.3954272	1.628337
2.2208188	1.2482209
1.4988725	1.5894717
1.749266	2.0048487
1.59495	1.9165586
1.0784136	1.4585192
1.0504489	1.4492145
1.2061464	1.7916715
1.2378194	1.8826141
1.29109	1.956246
1.3678516	1.9928197
1.1876882	1.9741615
1.1128554	2.0153472
1.0958041	2.090726
1.0946724	2.0834112
0.9507927	2.065287
0.9087533	2.0545697
0.9712223	2.0572863
0.9933145	2.0793037
0.9756316	2.0827653
0.9787699	2.0223408
1.2000055	1.8562455
1.3042154	1.8054596
1.3009558	1.8534976
1.2921575	1.9047165
1.4430981	1.8064476
1.4409583	1.771114
1.4024286	1.841519
1.4409715	1.8447994
1.4100729	1.8543048
1.4250277	1.8733122
1.4925144	1.8426163
1.650224	1.7573606
1.673131	1.7667524
1.8231413	1.7087716
2.1315463	1.4860594
2.1570213	1.3625284
2.202365	1.3425888
1.77165	1.0777694
1.0985628	1.2078592
1.0080408	1.105976
0.94388616	1.0520058
0.8753371	0.9978356
0.9947724	0.9802182
1.0497141	0.982377
1.1761028	0.99920154
1.28785	1.0157984
1.2594279	1.0199333
1.3855302	1.0437143
1.5250993	1.0606134
1.4933697	1.0402808
1.6916434	1.0627695
1.4778676	1.0569289
1.5275556	1.0829859
1.4575577	1.0859181
1.3617492	1.0466315
1.4722776	1.0807229
1.4423475	1.0802128
1.4403791	1.0751228
1.3658184	1.0767437
1.5038934	1.1364547
1.8319576	1.1329337
1.617919	1.1716913
1.7707965	1.34876
1.7829494	1.4786761
1.5327457	1.9371026
1.9593052	1.9436083
2.2323496	1.635133
2.0875094	1.8786999
2.085563	1.9865636
1.9119142	2.0046635
2.0156834	2.0051155
1.9426345	2.0047543
2.2562315	1.9956106
2.3238838	1.991127
2.2220001	2.0035977
2.0891225	2.0020704
1.9648012	1.9917521
2.1440706	2.006542
2.0740519	2.0013843
2.0878568	1.9956467
2.0910213	1.982897
1.855305	1.9808038
1.9468453	1.9611982
2.0945063	1.7547313
2.0150898	1.9205986
1.9906203	1.8608273
1.9833567	1.8376347
2.0170267	1.8611442
2.066833	1.7503566
2.0140235	1.6320486
1.8149796	1.3481659
1.7778213	1.1742803
1.7129204	1.1110377
1.6908728	1.3377262
2.0261555	0.95150155
2.3138456	0.96551955
2.3561966	0.9644734
2.335333	0.96298456
2.5296445	0.9950397
2.563884	0.99433297
2.0745132	1.0374422
2.1783671	1.0389585
2.1003106	1.043018
2.04939	1.0353546
2.1243231	1.0564526
1.9807122	1.0632604
2.0045164	1.0542724
2.085902	1.057043
1.9700346	1.0892223
1.7563732	1.1480612
1.7888198	1.15838
1.9234953	1.1155131
2.0295873	1.1027654
2.0668447	1.1544274
1.825194	1.1888757
1.577434	1.2833054
1.5995836	2.0087566
1.5405829	1.8864299
1.9129332	1.5577941
2.6084406	1.9628142
2.741051	2.0208576
2.8136015	2.0272396
2.8180344	2.0273802
2.878584	2.0277424
2.8970912	2.0179226
2.9549336	2.0198727
3.1028144	2.02257
3.1245792	2.0185728
3.1461365	2.0221934
3.1294212	2.028031
3.0839903	2.0283027
3.0492637	2.0312753
2.9819133	2.0294895
2.9367387	2.021685
2.7539105	1.9812679
2.7070072	1.9799263
2.8066804	1.9684552
2.7087307	1.9227927
2.587521	1.8665134
2.4777625	1.8612716
2.5324447	1.8694669
2.431915	1.8066751
2.5449245	1.8802413
2.5518894	1.8378729
2.2260842	1.7187724
2.1137798	1.6751742
1.8032395	1.3935164
1.3314431	1.0284524
1.3088113	1.0112653
1.204066	1.1062151
1.0431898	1.0595409
1.2411076	0.9797041
1.8520179	0.9784584
1.3383969	0.96664983
1.2689289	0.96540594
2.0504267	0.98569405
2.011392	0.9728883
2.4828293	0.9937144
2.6201262	0.98831725
2.0879517	1.0118484
2.079336	1.0157851
1.8594053	1.0623227
1.8338982	1.0475738
1.6796718	1.0435452
1.634411	1.0434469
1.7587777	1.1425942
1.8462213	1.1024764
1.8042787	1.1003962
1.7661465	1.2066729
1.8112091	1.2627866
1.851947	1.2068263
1.7780694	1.1760583
1.7750168	1.2610167
1.8473525	1.4524499
1.7522122	1.6310478
1.9127048	1.6928688
2.0031624	1.1845083
2.3250759	1.5748742
2.4836164	2.041674
2.516206	2.0434806
2.6285539	2.0371776
2.711601	2.023797
2.8383086	2.0202312
3.0313241	2.021019
3.0553684	2.0165257
3.0188086	2.0045526
3.062343	2.0159242
3.0518498	2.0258622
3.0367103	2.0387106
2.9218538	2.041729
2.9491513	2.032593
2.8188608	2.0247946
2.7492836	2.0247755
2.7736168	2.014089
2.7312539	1.9786047
2.5645194	1.9641912
2.4251916	1.9173077
2.438872	1.861904
2.4044406	1.8515546
2.5258381	1.815851
2.1859426	1.6134919
2.1645432	1.796306
2.3617702	1.8868318
1.8376291	1.7067775
1.6862622	1.9045383
1.8062282	1.9498268
1.7673007	1.9029422
1.5399443	1.9609545
1.4858934	1.9607588
1.5945113	1.9331244
1.565611	1.9987113
1.5918111	2.0038733
1.5262667	1.9929057
1.4087738	2.01279
1.386719	2.0207782
1.3803263	2.028663
1.2241585	2.074013
1.0783501	2.1037784
1.0225523	2.1108093
0.9786913	2.123432
0.9209783	2.1077895
0.90668535	2.0946996
0.9037549	2.072384
0.8867324	2.0184965
0.89085704	1.9470248
0.98335564	1.9086785
1.0606476	1.9561304
1.1029074	1.9651939
1.1827636	1.9217119
1.1918272	1.9331733
1.1905982	1.9363173
1.1982254	1.9218736
1.4070656	1.806534
1.8415065	1.5606707
2.1414058	1.3168532
1.8803763	1.6505988
1.7277161	1.7088394
2.2521193	1.4255043
2.5471978	1.0892444
2.5016441	1.0153248
2.3565145	0.97197115
2.3391535	0.9638825
2.2546945	0.94208574
2.1673362	0.943387
2.3765223	0.8970751
2.4980938	0.88679665
2.5306375	0.8793215
2.7035956	0.92316395
2.8017206	0.9263085
2.9210427	0.9234712
3.0386882	0.96344024
3.0855715	0.9952386
3.0828373	0.97472465
3.0630357	0.9840133
2.9568763	1.0468032
2.7907035	1.0951675
2.7766938	1.0791094
2.7363698	1.0846404
2.6727772	1.0958087
2.5332913	1.146802
2.2875328	1.2285334
2.3370059	1.2832639
2.5323908	1.2279098
2.2222214	1.2635688
2.0659108	1.4340991
2.453945	1.5473653
2.7200475	1.9902116
2.631299	2.0203788
2.516947	2.0166388
2.5911548	1.9914974
2.966023	2.024243
3.0312402	2.0118425
3.0487754	2.001891
3.0185199	1.9952137
2.9870465	1.9972473
3.0650125	2.0191524
2.9973562	2.0179162
2.754547	1.9911872
2.6825438	1.9841799
2.4128816	1.9580338
2.3077204	1.9565164
2.523909	1.8494769
2.6925921	1.3838396
2.4991908	1.7355033
2.4429345	1.9404166
2.3004596	1.9288847
2.1499906	1.859656
2.4030273	1.8915919
2.3471327	1.8422611
1.9723823	1.6752347
1.837235	1.8560463
1.8428441	1.930314
1.7341212	1.8719965
1.6810108	1.8716245
1.6728024	1.8483613
1.6313862	1.9358648
1.5749565	1.9523765
1.5443686	1.9016109
1.6266162	1.9303412
1.6114463	1.9888505
1.6442411	1.987944
1.6673176	1.9874645
1.623696	1.987853
1.6880308	1.9374919
1.6032023	1.9111861
1.6376985	1.8768314
1.7360897	1.9027039
1.8582202	1.9117203
1.8225639	1.8909217
1.6266212	1.8386714
1.816005	1.6763914
1.8275282	1.5111552
1.6519653	1.0089884
1.0918574	1.0955601
0.84843993	1.8338637
0.7669417	1.6439586
0.72941273	1.3760692
0.85059524	1.228885
0.9552689	1.1053487
0.9354775	1.006116
0.9067132	0.96457446
0.986369	0.9650784
1.1024094	0.98242056
1.2341249	1.0103614
1.2492383	1.008591
1.3985655	1.0358216
1.5245881	1.0733607
1.6625488	1.0930643
1.8392555	1.0758644
1.8831421	1.0677757
1.9185882	1.1380209
1.8141037	1.2734562
1.8756423	1.1736869
1.8263677	1.1585127
1.8251381	1.2078458
2.139223	1.5598308
2.1674829	1.977683
2.3940432	1.9478855
2.5637355	1.9036791
2.3571486	1.9937899
2.2091255	2.007698
2.001237	2.0052536
1.6239388	1.9907993
1.9547446	2.001308
1.9032123	1.9977674
2.106057	2.0036962
2.3414304	2.0050385
2.1693034	2.0070443
2.043085	1.9873656
2.025379	1.9850049
2.1423252	1.9923966
1.9724264	1.9681861
1.8764378	1.9488966
1.8934062	1.8159561
1.8325431	1.8781744
2.1111333	1.9106474
