2.0205991	1.5113609
2.020697	1.5114269
2.0207534	1.511479
2.0207357	1.5114611
2.0207987	1.511545
2.0206883	1.511491
2.020445	1.5113943
2.0204487	1.5114603
2.020292	1.5115533
2.020235	1.5117048
2.0202014	1.5119913
2.0201428	1.5122073
2.0200684	1.5123886
2.0197742	1.5124415
2.0196588	1.5125315
2.0195384	1.5125465
2.019177	1.5124559
2.018875	1.5123216
2.018841	1.5123307
2.0187888	1.5122818
2.018537	1.5121232
2.0182314	1.5119528
2.0179539	1.5117576
2.0176835	1.5116304
2.0177097	1.5116366
2.0175524	1.511554
2.0174978	1.5115451
2.0172002	1.5114084
2.0167594	1.5112424
2.0161674	1.5109824
2.0151978	1.510537
2.0148363	1.5104681
2.0147135	1.5105541
2.0141606	1.5103737
2.0135024	1.5101448
2.012652	1.509784
2.0122108	1.5096221
2.0114748	1.5092655
2.0109537	1.5090253
2.010607	1.5088496
2.010298	1.5086989
2.0102787	1.5086882
2.0099761	1.5085373
2.0100567	1.5085524
2.0100062	1.5085274
2.0098188	1.5084078
2.0097818	1.5083832
2.0095727	1.5082604
2.0095675	1.508217
2.0094185	1.5080224
2.0095527	1.5079589
2.0092914	1.5076647
2.0103543	1.5080819
2.0092525	1.5072398
2.01013	1.5075486
2.0076182	1.5057893
2.0080984	1.5058596
2.0056539	1.504169
2.0059416	1.5040226
2.003165	1.5020922
2.0029259	1.5015666
1.9988805	1.4987693
1.9990209	1.4985267
1.9959873	1.4964031
1.9948866	1.4954975
1.9932315	1.4943141
1.992608	1.4938194
1.9916105	1.4931275
1.9911722	1.4927944
1.9912143	1.4927748
1.9909632	1.4926153
1.9906379	1.4924107
1.9906027	1.4923663
1.9904822	1.4923016
1.9904302	1.4922767
1.9904363	1.4923075
1.9909303	1.4925635
1.9913663	1.4928559
1.9928813	1.4937845
1.994508	1.4948233
1.9957309	1.4956546
1.9980165	1.4971584
2.0001173	1.4985503
2.0030727	1.5004464
2.0050893	1.5018177
2.008682	1.5041492
2.009334	1.5047352
2.01196	1.5064939
2.0134084	1.5076308
2.0145378	1.5084391
2.0160277	1.5094472
2.0166254	1.509904
2.0172744	1.510311
2.0170922	1.5101995
2.0176723	1.5104944
2.018152	1.5106711
2.0189493	1.5110054
2.0188406	1.5107818
2.019184	1.5108657
2.0190325	1.510635
2.0190253	1.5105615
2.0191019	1.5105451
2.0192225	1.5106112
2.0191293	1.5104984
2.0191693	1.51052
2.0192096	1.5105599
2.0193183	1.5106425
2.0191262	1.5105288
2.0188565	1.5103955
2.0184004	1.5101386
2.01761	1.509706
2.0175261	1.5096462
2.01776	1.509863
2.017212	1.5096633
2.0165644	1.5093752
2.0155098	1.5088613
2.01415	1.5081611
2.0124109	1.5073159
2.0112185	1.5067426
2.0084317	1.505219
2.0076725	1.5049479
2.0059566	1.5042149
2.0041935	1.5033959
2.0017095	1.5021175
1.999635	1.5011619
1.995563	1.4988898
1.991628	1.49672
1.9895018	1.4955107
1.9886198	1.4951637
1.985891	1.4935216
1.9852387	1.4931612
1.9839885	1.492395
1.9832151	1.491965
1.9829429	1.4917761
1.9829848	1.4917873
1.9828001	1.4916607
1.982586	1.4915036
1.982455	1.4914201
1.9824865	1.4914328
1.9824852	1.4914521
1.9836961	1.4921322
1.984778	1.4927953
1.98676	1.4939861
1.9882963	1.4948592
1.9907085	1.496276
1.9921303	1.4970484
1.9949378	1.4986633
1.9966182	1.4996345
1.9995556	1.5013218
2.002011	1.5027195
2.0049117	1.5043899
2.0074227	1.5058824
2.0095646	1.5071131
2.0108953	1.5078954
2.0120661	1.508555
2.0128732	1.5090549
2.0127804	1.5089393
2.0133517	1.5093064
2.0140696	1.5096856
2.0143352	1.5098401
2.014677	1.5100317
2.0151424	1.5102628
2.015315	1.5103549
2.0155644	1.5104523
2.0156903	1.5105221
2.016072	1.5106826
2.0167768	1.511029
2.0177383	1.5114652
2.0184653	1.5117509
2.01882	1.5117809
2.0189433	1.5116149
2.01888	1.5114034
2.019067	1.5112619
2.019143	1.511049
2.0193253	1.5109209
2.0195174	1.510811
2.0193355	1.5105001
2.0192974	1.51035
2.019184	1.5102519
2.0193803	1.5103633
2.0195205	1.5104479
2.019766	1.510613
2.0198572	1.5107005
2.0198085	1.5106915
2.0197592	1.5106839
2.0196302	1.5105894
2.0195653	1.5105488
2.0195377	1.5105488
2.0195568	1.5106293
2.0193245	1.5105972
2.0191953	1.5106542
2.0190532	1.5107678
2.0190268	1.5110065
2.0189538	1.5112499
2.0188513	1.5114692
2.0182173	1.5113927
2.0178795	1.5113738
2.0176256	1.5114664
2.0168767	1.5112479
2.0160742	1.510961
2.015335	1.510671
2.013695	1.509929
2.013097	1.5097337
2.0112112	1.508838
2.0109732	1.5088415
2.0095751	1.5081983
2.0089726	1.5079199
2.008271	1.5075641
2.0077946	1.5073184
2.0075305	1.507197
2.007423	1.5071452
2.0073574	1.5071033
2.0074944	1.507207
2.0074952	1.507188
2.0075166	1.50723
2.0074792	1.5071917
2.0075204	1.507197
2.0080976	1.507509
2.0086908	1.5077801
2.009343	1.5080849
2.0103157	1.5085771
2.0114498	1.5090876
2.0125093	1.509553
2.0136893	1.51004
2.014486	1.510315
2.0155454	1.5107462
2.0162826	1.5109636
2.0174491	1.5114383
2.0182986	1.5117176
2.0189822	1.511871
2.0195918	1.5119753
2.0201752	1.5119811
2.0206459	1.5119458
2.0205927	1.5116109
2.0203207	1.5111911
2.0199995	1.5107676
2.0199945	1.5106485
2.0199282	1.5105523
2.0200808	1.5106424
2.020173	1.5107006
2.020297	1.5107751
2.020467	1.51091
2.0204804	1.5109445
2.0205243	1.5109632
2.0206316	1.5110772
2.0205333	1.5110834
2.0204637	1.5111109
2.0202572	1.5111427
2.0202608	1.5113714
2.0202897	1.5116922
2.02024	1.5118641
2.0203662	1.512251
2.0203629	1.5124421
2.0200179	1.5124454
2.0198243	1.5125482
2.019513	1.5124538
2.0193076	1.5124388
2.019171	1.5123795
2.0189762	1.5122896
2.0189042	1.5122432
2.018634	1.5120943
2.0186734	1.5121464
2.0185525	1.5120512
2.018538	1.5120462
2.018367	1.5119303
2.017798	1.5116038
2.0179892	1.5117015
2.0154006	1.51015
2.0146701	1.5096103
2.0149736	1.5095906
2.014746	1.509273
2.0113075	1.5071139
2.0101626	1.506346
2.0075219	1.5047073
2.0055296	1.5035605
2.0030105	1.5019912
2.000329	1.5003926
1.9979887	1.4989357
1.9949957	1.4971172
1.9944808	1.4968183
1.9907172	1.4944333
1.9901224	1.4941165
1.9858705	1.4914128
1.9857509	1.4913298
1.9847738	1.4907004
1.9842865	1.490447
1.9837453	1.4901191
1.9836869	1.4901428
1.9833193	1.4899455
1.9829724	1.4897658
1.982796	1.4897048
1.9831126	1.4898804
1.9835932	1.4901158
1.9843717	1.4905381
1.985051	1.4907688
1.9873613	1.4920051
1.9871943	1.491668
1.989035	1.4924731
1.9883317	1.4917896
1.9893546	1.4920857
1.988018	1.4910651
1.9879693	1.4908503
1.9877973	1.490592
1.9887257	1.491127
1.9893198	1.4914819
1.9898605	1.4918252
1.9902159	1.4920619
1.9901669	1.4920398
1.9898742	1.4918358
1.9898176	1.4917989
1.989728	1.4917372
1.9902462	1.4920592
1.9910996	1.4925659
1.992696	1.4935232
1.9940801	1.4943044
1.9971584	1.4961988
1.9997184	1.4977297
2.0017138	1.4989322
2.0033436	1.4998556
2.0047812	1.5007864
2.0084226	1.503092
2.0099366	1.504129
2.01242	1.5057954
2.0148299	1.5075581
2.0154347	1.5081096
2.0171878	1.5093937
2.0171676	1.5094228
2.0179198	1.5098904
2.0182295	1.5100797
2.0186372	1.5103636
2.0185184	1.5103003
2.0190418	1.5105919
2.0187886	1.5104504
2.0186942	1.5104018
2.018368	1.5102482
2.018289	1.5102761
2.0183928	1.5104177
2.0183814	1.5105563
2.0179853	1.5104753
2.0181637	1.5107425
2.0176759	1.5106467
2.0180912	1.5110693
2.0172896	1.5107039
2.0172975	1.5108275
2.0168545	1.5106494
2.0163531	1.5104381
2.0164773	1.5105369
2.0163052	1.5104989
2.0160756	1.5103989
2.015922	1.5103196
2.016059	1.5104088
2.0159178	1.5103536
2.0156288	1.5101866
2.0157974	1.5102679
2.015858	1.5103087
2.0166466	1.5107132
2.016922	1.5108285
2.0174806	1.5110888
2.0176911	1.5110574
2.0181787	1.511182
2.018198	1.5109743
2.0188117	1.5111318
2.0190458	1.5109669
2.018741	1.510528
2.0192916	1.5105684
2.0189617	1.5101006
2.0191996	1.510026
2.0190663	1.5097474
2.0193481	1.5097479
2.0190296	1.5094739
2.01914	1.509589
2.0192256	1.5097289
2.0194893	1.509972
2.019494	1.5099947
2.0197892	1.5102578
2.0197313	1.5102787
2.0196655	1.5103313
2.0196302	1.5104436
2.0195613	1.510592
2.019757	1.5109006
2.0198073	1.5112206
2.0197947	1.5114455
2.0197673	1.5116974
2.0195835	1.5117621
2.0195026	1.5118971
2.0193481	1.5119585
2.0190277	1.5118895
2.0188007	1.5118746
2.0181172	1.5115354
2.01755	1.5112835
2.0175054	1.5113237
2.0169916	1.51107
2.016972	1.5110995
2.0166864	1.510968
2.0165873	1.5109345
2.0165062	1.5109097
2.0165322	1.5109562
2.0166633	1.5110583
2.0164242	1.5109407
2.0163462	1.5108751
2.0163002	1.5108593
2.0153947	1.5102428
2.0159273	1.5104549
2.0148468	1.5096343
2.014505	1.509272
2.012883	1.5081095
2.012632	1.5077964
2.0104845	1.5063224
2.009915	1.505789
2.0075543	1.5040443
2.0046704	1.5021212
2.0037534	1.5013685
1.9991016	1.4982697
1.997567	1.4970576
1.992961	1.493975
1.9924129	1.4935154
1.9906155	1.4923524
1.9894927	1.4916977
1.9892899	1.4916197
1.9887199	1.4913201
1.988915	1.491447
1.9887271	1.4913611
1.988943	1.4915045
1.9885372	1.4912527
1.9887727	1.4913607
1.9884633	1.4912287
1.9883032	1.4911067
1.9874017	1.4906468
1.9871302	1.4906132
1.9868612	1.4905877
1.9873581	1.4911842
1.9872711	1.4913576
1.9867729	1.4913312
1.9862988	1.4912949
1.9855514	1.4910989
1.9846957	1.4908615
1.9836884	1.4904822
1.9826776	1.4901757
1.9818064	1.489939
1.9806213	1.4894207
1.9792969	1.4888319
1.9781963	1.4883623
1.9776168	1.4881251
1.976838	1.4877563
1.9766343	1.487716
1.9767396	1.487847
1.9771851	1.488151
1.9773457	1.4882926
1.9777958	1.4886028
1.9776621	1.4885077
1.9784825	1.4889824
1.978817	1.4891684
1.9796098	1.4895966
1.9809101	1.4903138
1.9826738	1.491269
1.9829885	1.4913629
1.9861085	1.4929814
1.9867651	1.4931588
1.9885224	1.4939746
1.9896379	1.4943138
1.9899935	1.494336
1.9908799	1.4946574
1.9910617	1.4946741
1.991439	1.4947904
1.9916651	1.4949366
1.9917729	1.4950202
1.992053	1.4952285
1.9917555	1.4950858
1.9915203	1.4949718
1.9913598	1.4949273
1.9915067	1.495002
1.9915346	1.495087
1.9923382	1.4955478
1.9932665	1.4961376
1.9954237	1.4975084
1.9968656	1.4984567
1.9992502	1.4999398
2.000839	1.5010421
2.002777	1.5022688
2.0051644	1.5037619
2.0073235	1.5051804
2.00907	1.5063015
2.010538	1.5073179
2.0122561	1.5084431
2.013473	1.5092447
2.0148222	1.5101192
2.0149472	1.510181
2.0155108	1.5106118
2.0142744	1.509932
2.0155034	1.5106956
2.01485	1.5103053
2.0161576	1.5110395
2.016844	1.5114069
2.017432	1.5116912
2.0176187	1.5118064
2.0173779	1.5116819
2.0171762	1.5115349
2.0172935	1.511594
2.016684	1.5113046
2.0163047	1.5111166
2.015686	1.510882
2.0155964	1.510858
2.0148063	1.5105299
2.0145354	1.5104752
2.0136533	1.5100601
2.0130215	1.5098155
2.0125659	1.5096143
2.011932	1.5093349
2.0113325	1.5090653
2.0108063	1.5088226
2.0106757	1.5087878
2.0100954	1.5085113
2.0098097	1.5083754
2.0097296	1.5083297
2.0096383	1.508295
2.0094652	1.508181
2.0091631	1.5080354
2.0092256	1.5080432
2.0093293	1.508086
2.0094793	1.5081561
2.0093634	1.5081184
2.0100489	1.5084473
2.010247	1.5085158
2.0108807	1.5088011
2.0113347	1.5089734
2.0118845	1.5092188
2.0132065	1.5098009
2.0132678	1.509791
2.013826	1.5099946
2.0144882	1.5102667
2.0150685	1.5104817
2.0154338	1.5106126
2.015506	1.5106176
2.016015	1.5108286
2.016145	1.5109226
2.0164587	1.5110725
2.016627	1.5111164
2.0167856	1.5111964
2.0166461	1.5111047
2.0166912	1.511111
2.01665	1.511061
2.016626	1.5110409
2.0164275	1.5108907
2.0161302	1.5106766
2.0155902	1.5103422
2.015508	1.5102881
2.0146728	1.5097842
2.0140731	1.509437
2.0126774	1.508598
2.0119002	1.5081687
2.0105598	1.5073372
2.009279	1.5066248
2.0070252	1.5053319
2.0060494	1.5048306
2.002722	1.5030093
2.0011406	1.502173
1.9974512	1.5000395
1.9960973	1.4993473
1.9924917	1.49726
1.990692	1.4961799
1.9888903	1.495083
1.9864728	1.4936281
1.9848312	1.4926281
1.9835505	1.4918474
1.9822234	1.4910301
1.9812586	1.490448
1.9802754	1.489837
1.9795778	1.4894198
1.9794778	1.4893426
1.9794213	1.4892973
1.9794463	1.4893107
1.9794937	1.4893398
1.9799643	1.4896047
1.9801321	1.4896935
1.9810203	1.4901513
1.9814698	1.490353
1.9828725	1.491035
1.9835769	1.4913145
1.9848698	1.4919302
1.9860016	1.492451
1.9868518	1.4927891
1.9879739	1.4932883
1.9889404	1.4936914
1.9898831	1.4940335
1.9912983	1.4946182
1.9918402	1.4946833
1.9919901	1.494458
1.9924273	1.4944474
1.992854	1.494401
1.9927398	1.4940813
1.9920439	1.4933676
1.9916298	1.4929689
1.9907604	1.4922662
1.9903482	1.49195
1.9902303	1.4918383
1.990818	1.4922161
1.9910734	1.4923941
1.9913633	1.4926068
1.9912387	1.4925289
1.9912579	1.4925717
1.9910693	1.4924437
1.9909437	1.4924103
1.9909207	1.4924772
1.9909824	1.4926169
1.9913155	1.492974
1.9918312	1.493501
1.9919059	1.4937438
1.9922518	1.4942038
1.9924042	1.4945588
1.9924489	1.4948498
1.991997	1.4948542
1.9915525	1.4949338
1.9910195	1.4948133
1.9899982	1.4944925
1.9889443	1.4941335
1.9871293	1.4932858
1.9855604	1.4925772
1.9839863	1.4917889
1.9825436	1.4910718
1.9815444	1.490594
1.9798821	1.4896699
1.9794662	1.4894384
1.9788374	1.4890889
1.9783661	1.4888127
1.978055	1.4886382
1.9781399	1.4886572
1.9777997	1.4884393
1.9778662	1.4884887
1.9780267	1.4885691
1.9783309	1.4887854
1.9790608	1.4892337
1.9796472	1.4896477
1.9810754	1.4905807
1.981938	1.491164
1.9845802	1.4928449
1.9861532	1.4938381
1.9879223	1.4949898
1.9919224	1.4975437
1.9939214	1.498805
1.9952676	1.4996666
1.9980422	1.5013804
2.0001335	1.5026698
2.0020854	1.5038829
2.003374	1.5046589
2.0046914	1.5055156
2.0053148	1.5058854
2.0068464	1.5068
2.0071723	1.5070097
2.0080602	1.5075709
2.0088236	1.5080258
2.009076	1.5081981
2.0095854	1.5085273
2.0095904	1.5084634
2.0099497	1.5086795
2.0098226	1.5086122
2.0099974	1.5086833
2.00968	1.5084757
2.009949	1.5086088
2.0091655	1.5080514
2.0100694	1.5084826
2.0099607	1.5082315
2.0095088	1.5078156
2.0087476	1.5071161
2.0079513	1.5063812
2.0064669	1.5052112
2.006558	1.5050257
2.0045168	1.5035293
2.0029078	1.5023365
2.0008016	1.5008163
1.9997174	1.4998467
1.9977471	1.4984137
1.997153	1.4978002
1.9949648	1.4962097
1.9937558	1.495228
1.991852	1.4938066
1.990198	1.4925901
1.989322	1.4918363
1.9885144	1.4912066
1.9869763	1.4900638
1.9860446	1.4893602
1.9853547	1.4889135
1.9850874	1.4887094
1.9853097	1.4888701
1.9854348	1.4889191
1.9854822	1.4889648
1.9856085	1.4890591
1.9856601	1.4891076
1.9857022	1.4891362
1.985779	1.4892563
1.9862118	1.4896921
1.9868333	1.4901819
1.9878117	1.4909989
1.9881015	1.4913228
1.9885705	1.4918255
1.9884571	1.4919275
1.9879701	1.4917904
1.9878181	1.49189
1.9875643	1.4919034
1.9869576	1.4917039
1.9855068	1.4909567
1.9858798	1.4912739
1.9849846	1.4908816
1.9839036	1.4903107
1.9838555	1.4903349
1.9836953	1.4902676
1.9836094	1.4902308
1.9834758	1.4901327
1.9836559	1.4902613
1.9835066	1.4901456
1.9842316	1.4905512
1.9848689	1.490904
1.9861006	1.4916298
1.9878751	1.4926181
1.989115	1.4933085
1.9908229	1.4942256
1.9917927	1.4947469
1.9949826	1.4965923
1.996601	1.4975181
1.999194	1.499043
2.001999	1.5006857
2.0050087	1.5024614
2.0081904	1.5043675
2.009904	1.5053196
2.0119958	1.5065899
2.0130446	1.5072385
2.014092	1.5078695
2.0149877	1.5084072
2.016826	1.5094993
2.0169578	1.5094697
2.0179846	1.5099258
2.0177734	1.5096881
2.0175467	1.509436
2.0175154	1.509389
2.0175939	1.5094234
2.0176735	1.5094694
2.017524	1.5093688
2.0172346	1.5092123
2.0167344	1.5089189
2.0161748	1.50861
2.0160615	1.5085721
2.0151079	1.5080904
2.0147	1.5079106
2.0134077	1.5072762
2.0131853	1.5072584
2.0120692	1.50675
2.010948	1.5061957
2.008959	1.5051838
2.0078917	1.5047263
2.0057912	1.5036466
2.0046473	1.5032374
2.0016785	1.5017042
1.9986728	1.5001607
1.9956803	1.49861
1.9930464	1.4972059
1.9897859	1.4954461
1.9857764	1.4930917
1.9834325	1.4918094
1.9812773	1.490523
1.9801567	1.4898841
1.9788368	1.4890885
1.9779648	1.4885652
1.9775394	1.4883175
1.9773084	1.4881678
1.9770973	1.488037
1.9768031	1.4878861
1.9768134	1.4878654
1.9769169	1.4879258
1.9780011	1.4885584
1.9791152	1.4891969
1.980585	1.4900409
1.982721	1.4913099
1.9839596	1.4919481
1.986787	1.4935846
1.988803	1.4947067
1.9922894	1.496703
1.994422	1.497835
1.9970274	1.4992907
1.999045	1.5002755
2.0015361	1.5016005
2.0034363	1.5025039
2.0055428	1.5035394
2.006687	1.5039995
2.0085495	1.5049013
2.0094867	1.5053073
2.0109415	1.5059812
2.0115874	1.5062354
2.0128593	1.506855
2.0133789	1.5070169
2.013856	1.5071357
2.0141165	1.5071433
2.014414	1.507234
2.0146298	1.5073526
2.0149114	1.5074806
2.0149984	1.5075136
2.0151966	1.5076361
2.0153031	1.5077099
2.0153978	1.5077657
2.01526	1.5077186
2.0150151	1.5075511
2.0146546	1.5073881
2.0142515	1.5072206
2.013752	1.5070179
2.0132072	1.506842
2.0127146	1.506639
2.0121553	1.5064178
2.0106876	1.5056281
2.009767	1.5052212
2.0080209	1.5043243
2.0073943	1.5041047
2.0059395	1.5034093
2.0049105	1.5030078
2.0026355	1.5018502
2.0010247	1.5010841
1.9984866	1.4997663
1.996388	1.4987491
1.9945298	1.497758
1.992554	1.4967504
1.9895734	1.4951334
1.9873455	1.4939358
1.9843178	1.492203
1.9815512	1.490623
1.9786451	1.4889141
1.9779141	1.4885031
1.9769974	1.4879816
1.9767975	1.4878881
1.9757682	1.4872804
1.9752389	1.4869598
1.9751022	1.4868664
1.9745252	1.4864942
1.9750291	1.486778
1.9748553	1.4866984
1.9748951	1.4867084
1.975299	1.4869274
1.9758956	1.4872391
1.9766322	1.4876094
1.9779104	1.4882926
1.9796453	1.4892257
1.981504	1.4902071
1.984182	1.4916134
1.9861279	1.4926244
1.9873534	1.4931077
1.9897776	1.4943601
1.9907668	1.494663
1.9926704	1.4955436
1.9938222	1.4959555
1.9942347	1.4959103
1.9944959	1.4957969
1.9946917	1.4956489
1.9941872	1.4950892
1.9939376	1.4947767
1.9930408	1.4940379
1.9925873	1.4936767
1.9926882	1.4937172
1.9924046	1.4935073
1.9927702	1.493767
1.9926344	1.4936724
1.9924554	1.4935592
1.9923735	1.4935323
1.9922887	1.4934634
1.992479	1.4935976
1.9930749	1.4939613
1.9933884	1.4941943
1.9947941	1.4950796
1.9949979	1.4952627
1.996275	1.4961083
1.997138	1.4967583
1.9983726	1.4976666
2.0002856	1.4990458
2.0012	1.4997972
2.0033255	1.5013281
2.00445	1.5022749
2.005817	1.5032737
2.0068362	1.5041031
2.007228	1.5044996
2.0082028	1.5052549
2.009033	1.5059028
2.0097287	1.5064602
2.0102534	1.5068816
2.0104563	1.5070916
2.0110884	1.5075338
2.0115533	1.5078312
2.011608	1.5078758
2.0118024	1.5079585
2.0116634	1.5078377
2.0117548	1.5079026
2.011367	1.5076758
2.0113714	1.5077126
2.010946	1.5075489
2.0111017	1.5077097
2.0106523	1.5075849
2.010261	1.5074663
2.0101738	1.5075504
2.010098	1.5076678
2.0088499	1.5070921
2.0100167	1.5079516
2.0075514	1.5067587
2.0090818	1.5077604
2.0079381	1.5071876
2.0079362	1.5072236
2.0072255	1.5068653
2.0070174	1.5067916
2.0064461	1.5064981
2.00643	1.5065248
2.0063598	1.506508
2.006215	1.5064458
2.0066483	1.5067137
2.0066848	1.5067369
2.006483	1.5066332
2.0064907	1.5066619
2.0060968	1.506462
2.0064912	1.5066414
2.0062802	1.5065194
2.0065982	1.5066676
2.0064237	1.5065278
2.0080209	1.5073247
2.0093787	1.5080341
2.0098097	1.5081502
2.0105612	1.5083956
2.0109637	1.5084612
2.0121367	1.5089364
2.0129156	1.5091586
2.013832	1.5095187
2.0145082	1.5097269
2.0152266	1.5099189
2.0158422	1.5100877
2.0167222	1.5103703
2.0169203	1.5103633
2.017384	1.5103537
2.0175421	1.5102597
2.017938	1.5103226
2.018248	1.5103475
2.0186281	1.5104008
2.018538	1.5102265
2.018544	1.5101906
2.018508	1.5101007
2.018634	1.5101674
2.0188358	1.5102626
2.01872	1.510199
2.0187612	1.5101904
2.0188913	1.5102952
2.0190055	1.51037
2.0190957	1.5104346
2.0192351	1.5105538
2.0192208	1.510568
2.019097	1.5105317
2.0190427	1.5105335
2.0187886	1.510421
2.0182858	1.5101404
2.017752	1.5098069
2.017269	1.5095075
2.0159838	1.5086069
2.015046	1.507878
2.0132055	1.5066341
2.01081	1.5050591
2.009647	1.5042053
2.0063367	1.5021846
2.0054328	1.5015656
2.0015764	1.4992645
2.0013206	1.4991293
1.9983904	1.497319
1.9984524	1.4974383
1.9961232	1.496032
1.995199	1.4955277
1.9942224	1.4949639
1.9928981	1.4941112
1.992518	1.4938939
1.9915501	1.4932284
1.9905097	1.4925472
1.9901313	1.4922955
1.9893231	1.4917258
1.9889128	1.4914669
1.988502	1.4911246
1.9885267	1.4911746
1.988251	1.4910241
1.9884894	1.4911376
1.9890679	1.4915301
1.9895536	1.4918162
1.9910028	1.4927392
1.9916257	1.4931834
1.992307	1.4936893
1.9936721	1.4945952
1.9948919	1.495478
1.9973474	1.4971226
1.9982191	1.4978409
2.000173	1.4991834
2.0011642	1.5000956
2.0033588	1.501708
2.0047562	1.5028447
2.0070004	1.5044874
2.0084171	1.5055343
2.0091667	1.5061934
2.0101056	1.5068674
2.0109222	1.5075068
2.0111442	1.5076474
2.0122902	1.5083894
2.012082	1.5082709
2.0122511	1.5083596
2.0125642	1.5085887
2.0125594	1.5085459
2.0127466	1.5086824
2.0127094	1.5086343
2.0125663	1.5085394
2.0123208	1.5083439
2.0119293	1.5080504
2.0115323	1.507751
2.0108843	1.5072875
2.0105968	1.5070647
2.0091045	1.5060843
2.0077026	1.5051796
2.006733	1.5045494
2.0053136	1.5036256
2.0025792	1.5019151
2.0012128	1.501066
1.997576	1.4987098
1.9964292	1.4980534
1.9932321	1.4960737
1.9905436	1.4944494
1.98943	1.49381
1.9864529	1.4919732
1.9850359	1.4911432
1.98318	1.4900346
1.9827385	1.4897313
1.9824449	1.489527
1.98189	1.4891859
1.9808537	1.4885738
1.9801191	1.4881538
1.9800736	1.4881469
1.9803402	1.488266
1.9810386	1.4886718
1.9826207	1.4896612
1.9829192	1.4898319
1.9834768	1.4902632
1.9846464	1.4911132
1.985919	1.4920334
1.9879152	1.493457
1.9898046	1.4947249
1.991437	1.4958682
1.9937347	1.4974195
1.9949341	1.4982895
1.9960164	1.4992093
1.9979658	1.5006158
1.9987669	1.5012848
2.0004427	1.502442
2.001789	1.5033873
2.0025864	1.5039644
2.0036752	1.5047071
2.0039382	1.5049244
2.0045388	1.5053099
2.005049	1.5056634
2.0046508	1.5054721
2.0052295	1.505833
2.0050268	1.5057244
2.0057948	1.50618
2.0055342	1.5060499
2.0061262	1.5063871
2.006015	1.5063529
2.0063195	1.5065188
2.0065665	1.5066344
2.0068593	1.506761
2.0069451	1.5067415
2.0070455	1.5066712
2.0070093	1.5065535
2.0071533	1.5064983
2.0067854	1.5060914
2.0060616	1.5055101
2.0046518	1.5045114
2.0043383	1.5041353
2.0036273	1.5035611
2.0005162	1.5014849
2.0001876	1.5011595
1.9951353	1.4978931
1.9950446	1.4977943
1.9900928	1.4944766
1.9902036	1.494519
1.9875026	1.4926889
1.9866654	1.4921257
1.9840072	1.4903579
1.9834372	1.4899687
1.9828856	1.4896326
1.9816233	1.4888567
1.9811871	1.4885764
1.981278	1.4886441
1.98101	1.4884808
1.980877	1.4884222
1.9806395	1.4882545
1.9810241	1.488517
1.9811851	1.4886264
1.981659	1.4889315
1.9819996	1.4891951
1.9815675	1.4889698
1.982795	1.4898275
1.9848589	1.4911813
1.9859227	1.491942
1.9884148	1.4936182
1.990331	1.4949994
1.9932119	1.496998
1.9936242	1.4974713
1.9971944	1.4998671
1.9992745	1.5013027
2.0010781	1.5025479
2.0030937	1.5039617
2.003661	1.5044372
2.0053475	1.5055931
2.004606	1.5052259
2.006081	1.5062095
2.0067334	1.5066838
2.0067194	1.5067238
2.0070095	1.5069381
2.0075107	1.5072507
2.0077996	1.5074261
2.0078568	1.5074718
2.0081882	1.5076555
2.007958	1.5075452
2.0084198	1.5077609
2.0087292	1.5079464
2.0092213	1.5082079
2.0097585	1.5084395
2.0108755	1.5090133
2.0115573	1.5093371
2.0122747	1.5096656
2.0133042	1.5100998
2.0140226	1.5103924
2.0146325	1.5106348
2.0156817	1.5110743
2.016244	1.5112836
2.0170403	1.5115689
2.0176206	1.5117513
2.018281	1.511966
2.01879	1.5121241
2.019439	1.5122856
2.0199564	1.5123609
2.0203116	1.5123363
2.020738	1.5123291
2.0208542	1.5120865
2.0210114	1.5119022
2.0208864	1.5115587
2.0206494	1.5111904
2.0203462	1.5108442
2.02024	1.5107169
2.0202959	1.5107191
2.0203788	1.5107805
2.0203161	1.5107538
2.020436	1.5108445
2.020359	1.51082
2.0202827	1.5107877
2.019877	1.5105971
2.0194952	1.5104184
2.0188203	1.5100747
2.019007	1.5102634
2.0184221	1.5099502
2.0179212	1.5097369
2.0164442	1.5089186
2.0153472	1.508327
2.013296	1.5071073
2.0121357	1.506469
2.0097508	1.5050948
2.0071177	1.5036345
2.0054944	1.5028572
2.0033529	1.5018443
2.0009785	1.5006784
1.9991765	1.4999577
1.9961745	1.4984766
1.9929682	1.4967929
1.9901907	1.4953358
1.987536	1.493965
1.9841837	1.4920707
1.982236	1.4909996
1.9811049	1.4903555
1.9801221	1.4897716
1.9790531	1.4891404
1.978361	1.4887168
1.9777505	1.4883404
1.9775985	1.4882388
1.9776081	1.4882281
1.9775872	1.488225
1.9772348	1.4880322
1.9778372	1.488359
1.978464	1.4887707
1.9790047	1.489141
1.9809965	1.4903818
